"cell_barcode","expression"
"AAACCTGAGACAGAGA-1",0
"AAACCTGAGACTTTCG-1",0
"AAACCTGAGAGTAAGG-1",5.54351108928617
"AAACCTGAGAGTCGGT-1",0
"AAACCTGAGGATGGAA-1",0
"AAACCTGAGTAGATGT-1",0
"AAACCTGCAATCAGAA-1",4.97513110580574
"AAACCTGCACCGATAT-1",0
"AAACCTGCAGACGTAG-1",0
"AAACCTGCAGTATCTG-1",0
"AAACCTGCATAGTAAG-1",1.95922753715815
"AAACCTGCATGAACCT-1",0
"AAACCTGGTAAGAGGA-1",0
"AAACCTGGTCCAACTA-1",1.39979475577479
"AAACCTGTCCGTAGTA-1",0
"AAACCTGTCGAGAGCA-1",1.48586893971067
"AAACGGGAGTACGACG-1",0
"AAACGGGCAAGGTTTC-1",0
"AAACGGGCACGTCAGC-1",0
"AAACGGGCAGCGTTCG-1",0
"AAACGGGGTAGCCTCG-1",0
"AAACGGGGTCTACCTC-1",0
"AAACGGGGTGCGGTAA-1",3.91891976366543
"AAACGGGGTTGTCGCG-1",0
"AAACGGGTCCATGAGT-1",1.47641779932178
"AAACGGGTCCCAACGG-1",0
"AAACGGGTCCCATTAT-1",0
"AAAGATGCAGTCAGCC-1",3.48718176392433
"AAAGATGCATCTACGA-1",0
"AAAGCAAAGCGTCTAT-1",0
"AAAGCAACATGTCGAT-1",0
"AAAGCAAGTAGCTGCC-1",8.08264747143016
"AAAGCAAGTAGGCATG-1",3.95606670818619
"AAAGCAAGTGCGCTTG-1",1.87702456431488
"AAAGCAAGTTATTCTC-1",1.71260611304887
"AAAGCAATCCGTAGTA-1",0
"AAAGTAGAGATGTGTA-1",0
"AAAGTAGAGTGGGCTA-1",1.42349176764663
"AAAGTAGGTATATGGA-1",2.87506114583971
"AAAGTAGGTGAGCGAT-1",0
"AAAGTAGGTTGAGGTG-1",1.75838777152377
"AAATGCCAGCCCTAAT-1",4.64095350066301
"AAATGCCAGCGTGTCC-1",1.74149763444717
"AAATGCCCAACACCTA-1",1.71148987556376
"AAATGCCGTAGGAGTC-1",0
"AAATGCCGTCTTTCAT-1",0
"AAATGCCGTGGTCCGT-1",1.84358453709264
"AAATGCCGTTCCCGAG-1",0
"AAATGCCTCATAGCAC-1",0
"AAATGCCTCGCTTAGA-1",0
"AACACGTAGAATTCCC-1",0
"AACACGTAGCCCTAAT-1",7.229890845177
"AACACGTAGGGTGTGT-1",0
"AACACGTCACTGTCGG-1",0
"AACACGTCATCCCATC-1",0
"AACACGTGTGCAACGA-1",0
"AACACGTGTGTCGCTG-1",0
"AACCATGAGCGCTTAT-1",7.56161102280045
"AACCATGGTCCGTTAA-1",8.08264747143016
"AACCATGTCAGTTCGA-1",0
"AACCATGTCATCGATG-1",5.55946947725147
"AACCATGTCCCAAGTA-1",1.71260611304887
"AACCGCGAGAAGCCCA-1",1.42349176764663
"AACCGCGAGACTGGGT-1",1.71260611304887
"AACCGCGAGAGGTACC-1",0
"AACCGCGAGTTAGGTA-1",0
"AACCGCGAGTTGCAGG-1",1.63753974531612
"AACCGCGCACGGTAGA-1",3.32639008770664
"AACCGCGCAGCATGAG-1",0
"AACCGCGCAGCCTGTG-1",0
"AACCGCGCAGCTGTGC-1",3.84101293024768
"AACCGCGCAGTATGCT-1",2.87506114583971
"AACCGCGGTACTTGAC-1",1.58032559746718
"AACCGCGGTCTGCAAT-1",0
"AACCGCGTCACATGCA-1",0
"AACCGCGTCACCGTAA-1",0
"AACCGCGTCCAGAGGA-1",1.80183004779165
"AACCGCGTCCGAAGAG-1",2.08040463766988
"AACGTTGAGCGATAGC-1",0
"AACGTTGAGCGATCCC-1",2.54020282537296
"AACGTTGAGCTTATCG-1",3.84101293024768
"AACGTTGCAAGTTGTC-1",1.5293831535913
"AACGTTGCAATAGAGT-1",1.39979475577479
"AACGTTGCAATGGATA-1",4.78456221893771
"AACGTTGCATGGATGG-1",1.74149763444717
"AACGTTGCATTCTCAT-1",0
"AACGTTGTCAACACGT-1",0
"AACGTTGTCGAGGTAG-1",3.52599317573573
"AACGTTGTCGGTCCGA-1",1.43973441589081
"AACTCAGAGAGCTATA-1",0
"AACTCAGAGAGTCGGT-1",0
"AACTCAGAGCCACCTG-1",0
"AACTCAGAGCCCAATT-1",1.47641779932178
"AACTCAGCAAACAACA-1",0
"AACTCAGCACAAGCCC-1",0
"AACTCAGCACGGTTTA-1",0
"AACTCAGCAGGATCGA-1",0
"AACTCAGCATAAAGGT-1",0
"AACTCAGGTTCCACAA-1",2.34582842317609
"AACTCAGTCGTACCGG-1",0
"AACTCCCAGCCCAGCT-1",0
"AACTCCCAGCTAAGAT-1",2.34582842317609
"AACTCCCCATGGTCTA-1",0
"AACTCCCGTTGCGCAC-1",0
"AACTCCCTCAAGAAGT-1",0
"AACTCCCTCAAGCCTA-1",1.82895755035911
"AACTCCCTCATCGCTC-1",1.7575931396333
"AACTCCCTCTGCAGTA-1",2.18969623684201
"AACTCCCTCTGGCGTG-1",0
"AACTCTTAGCAGACTG-1",1.49278393904348
"AACTCTTAGTCCGGTC-1",0
"AACTCTTCATGCTAGT-1",2.2029337810686
"AACTCTTGTCGAATCT-1",3.65657023716176
"AACTCTTGTCGGGTCT-1",3.91891976366543
"AACTCTTTCTCAAACG-1",0
"AACTCTTTCTCCAGGG-1",0
"AACTCTTTCTCTGCTG-1",3.66331584921335
"AACTGGTAGAAGATTC-1",0
"AACTGGTAGAGACTAT-1",0
"AACTGGTAGCCAACAG-1",0
"AACTGGTAGTGTACTC-1",2.32235164265114
"AACTGGTCACTGAAGG-1",0
"AACTGGTGTCCGAACC-1",0
"AACTGGTTCGGAGCAA-1",0
"AACTGGTTCGTGGGAA-1",1.6609657208989
"AACTGGTTCTGCTTGC-1",0
"AACTTTCAGCGTGAAC-1",6.73892344048348
"AACTTTCAGTATCTCG-1",11.5035198579979
"AACTTTCAGTTTCCTT-1",3.88813094534567
"AACTTTCCATCCTTGC-1",0
"AACTTTCGTCTAGAGG-1",0
"AACTTTCGTCTCTTTA-1",0
"AACTTTCGTTTGTTTC-1",0
"AAGACCTAGGGCTTCC-1",2.2029337810686
"AAGACCTAGTACACCT-1",7.56161102280045
"AAGACCTGTATATGAG-1",1.70335857875318
"AAGACCTGTATCAGTC-1",3.86141616929398
"AAGACCTGTCCGTGAC-1",0
"AAGACCTGTCGAAAGC-1",5.54351108928617
"AAGACCTTCGCCATAA-1",1.74149763444717
"AAGCCGCAGATCTGAA-1",0
"AAGCCGCAGGGTGTTG-1",8.08264747143016
"AAGCCGCAGTGGACGT-1",5.78643224276848
"AAGCCGCAGTGTACTC-1",5.48332951432592
"AAGCCGCCACGCTTTC-1",0
"AAGCCGCCAGGACGTA-1",0
"AAGCCGCGTACAGTTC-1",1.5293831535913
"AAGCCGCGTCATTAGC-1",1.71148987556376
"AAGCCGCTCACGAAGG-1",1.43973441589081
"AAGCCGCTCAGTTAGC-1",0
"AAGCCGCTCGCAAACT-1",1.84358453709264
"AAGCCGCTCGTCGTTC-1",3.11969921950385
"AAGCCGCTCTTACCGC-1",1.49278393904348
"AAGGAGCAGAAACCGC-1",1.70409385603583
"AAGGAGCAGGCATGTG-1",1.42349176764663
"AAGGAGCAGGCGCTCT-1",0
"AAGGAGCAGTTGAGTA-1",3.52599317573573
"AAGGAGCCACGGCGTT-1",4.3000490137941
"AAGGAGCGTCTGCAAT-1",1.49896467357776
"AAGGAGCTCGTCTGCT-1",3.32639008770664
"AAGGCAGAGAACTGTA-1",0
"AAGGCAGAGAGATGAG-1",3.84101293024768
"AAGGCAGAGGTGATAT-1",0
"AAGGCAGCATAGTAAG-1",3.34706701841035
"AAGGCAGGTACTTCTT-1",0
"AAGGCAGGTGTGCCTG-1",2.81009534174517
"AAGGCAGTCAGATAAG-1",1.47641779932178
"AAGGCAGTCGGAATCT-1",0
"AAGGTTCAGTATCTCG-1",0
"AAGGTTCCATCACGTA-1",1.48586893971067
"AAGGTTCGTATATGGA-1",1.49278393904348
"AAGGTTCGTCCGAATT-1",0
"AAGGTTCGTCGACTAT-1",0
"AAGGTTCGTGTGACCC-1",0
"AAGGTTCTCCGTCATC-1",0
"AAGGTTCTCCTCGCAT-1",0
"AAGGTTCTCTGCGGCA-1",0
"AAGTCTGAGCCATCGC-1",0
"AAGTCTGAGTCAAGCG-1",2.32235164265114
"AAGTCTGCAAAGGAAG-1",0
"AAGTCTGGTCAGCTAT-1",0
"AAGTCTGTCAAACAAG-1",1.70409385603583
"AAGTCTGTCACTGGGC-1",0
"AAGTCTGTCAGCAACT-1",3.46888529472939
"AATCCAGCAAAGTGCG-1",7.229890845177
"AATCCAGCAGCATACT-1",0
"AATCCAGGTAGGCATG-1",0
"AATCCAGGTCTCCCTA-1",0
"AATCCAGTCCGAATGT-1",0
"AATCGGTAGGCATGGT-1",0
"AATCGGTTCCTGTACC-1",1.84717530836962
"AATCGGTTCGCCGTGA-1",0
"ACACCAAAGATGAGAG-1",7.63455804677787
"ACACCAAAGCCCTAAT-1",5.72735828218801
"ACACCAAAGGATGGTC-1",0
"ACACCAAAGTGTCCAT-1",0
"ACACCAACACTTCGAA-1",4.97513110580574
"ACACCAACAGACGCTC-1",0
"ACACCAACAGCCTATA-1",0
"ACACCAAGTCGCGTGT-1",1.84717530836962
"ACACCAAGTCTAAACC-1",0
"ACACCAAGTTATGTGC-1",1.97296240954775
"ACACCAATCGCGTTTC-1",0
"ACACCCTAGCCAGGAT-1",0
"ACACCCTAGTACTTGC-1",1.39979475577479
"ACACCCTCAAGCGCTC-1",0
"ACACCCTCATCACAAC-1",1.63753974531612
"ACACCCTCATGCCCGA-1",1.63753974531612
"ACACCCTGTCTGGTCG-1",0
"ACACCCTTCCGCAAGC-1",1.33220776882673
"ACACCCTTCCTTGCCA-1",3.42596038104248
"ACACCCTTCTATCCTA-1",0
"ACACCCTTCTGGCGTG-1",0
"ACACCGGAGGCTCAGA-1",3.95606670818619
"ACACCGGAGTGACATA-1",5.71212937285212
"ACACCGGAGTTACCCA-1",0
"ACACCGGCACCAGATT-1",0
"ACACCGGCACCGAAAG-1",0
"ACACCGGCATCACAAC-1",0
"ACACCGGTCCGCATAA-1",0
"ACACCGGTCTCGGACG-1",0
"ACACCGGTCTCTGTCG-1",0
"ACACTGAAGCACGCCT-1",1.70409385603583
"ACACTGAAGGTGATTA-1",4.85922849745367
"ACACTGACAATAGAGT-1",0
"ACACTGACAGACTCGC-1",0
"ACACTGACATCCAACA-1",4.17022126041754
"ACACTGAGTCCGAAGA-1",4.78456221893771
"ACACTGAGTGTTTGTG-1",3.42596038104248
"ACACTGAGTTTGACTG-1",0
"ACAGCCGAGGAATGGA-1",1.97296240954775
"ACAGCCGAGGCCCGTT-1",0
"ACAGCCGAGGTGCTTT-1",0
"ACAGCCGAGTGGTAGC-1",1.87702456431488
"ACAGCCGCATATACGC-1",1.67527766992964
"ACAGCCGCATGCAACT-1",0
"ACAGCCGGTAGGGTAC-1",2.07551397826316
"ACAGCCGGTCGAATCT-1",0
"ACAGCCGGTTCACCTC-1",0
"ACAGCCGGTTCCACTC-1",0
"ACAGCCGTCCAGAAGG-1",0
"ACAGCCGTCTTTACAC-1",4.89728977465415
"ACAGCTAAGCACCGCT-1",5.71212937285212
"ACAGCTAAGTATCTCG-1",0
"ACAGCTAAGTGTTGAA-1",0
"ACAGCTACATCGTCGG-1",7.29094809789236
"ACAGCTAGTCGACTAT-1",5.37914485191554
"ACAGCTAGTGGTACAG-1",0
"ACAGCTATCACCACCT-1",1.5724110491452
"ACAGCTATCTGCTTGC-1",3.46888529472939
"ACATACGAGAGCTTCT-1",1.74656133085108
"ACATACGAGCGTAGTG-1",0
"ACATACGAGCTTCGCG-1",0
"ACATACGAGCTTTGGT-1",3.58038314306806
"ACATACGCAAACGTGG-1",0
"ACATACGCAAGCCTAT-1",0
"ACATACGCATCTCCCA-1",1.63921029215975
"ACATACGCATTCTCAT-1",0
"ACATACGGTAGGAGTC-1",0
"ACATACGGTGCACCAC-1",2.87506114583971
"ACATACGGTGGTTTCA-1",0
"ACATACGTCGTATCAG-1",0
"ACATCAGAGCCACTAT-1",0
"ACATCAGAGCCTTGAT-1",1.74149763444717
"ACATCAGCAACACCCG-1",0
"ACATCAGCAACGATGG-1",0
"ACATCAGCAATTGCTG-1",1.81850243568804
"ACATCAGCACCGGAAA-1",0
"ACATCAGCATAAAGGT-1",3.95606670818619
"ACATCAGCATCCCACT-1",0
"ACATCAGCATTTGCCC-1",3.12650744056291
"ACATCAGGTAAGGATT-1",1.49278393904348
"ACATCAGGTCCGTGAC-1",0
"ACATCAGGTTAAGTAG-1",0
"ACATCAGTCAAACCGT-1",0
"ACATGGTAGCATGGCA-1",0
"ACATGGTAGCTGTTCA-1",0
"ACATGGTCACTTGGAT-1",0
"ACATGGTGTCAGATAA-1",1.74149763444717
"ACATGGTGTCTGCGGT-1",0
"ACATGGTGTGCAACTT-1",1.63753974531612
"ACATGGTTCCGCAAGC-1",1.84717530836962
"ACATGGTTCCTCCTAG-1",0
"ACATGGTTCTGGAGCC-1",0
"ACATGGTTCTTCTGGC-1",3.37107161980673
"ACCAGTAAGATCACGG-1",5.66366891423788
"ACCAGTAAGCTTCGCG-1",0
"ACCAGTACACAGATTC-1",0
"ACCAGTACACAGGCCT-1",0
"ACCAGTACAGTATGCT-1",0
"ACCAGTACAGTCAGAG-1",3.11969921950385
"ACCAGTACAGTTTACG-1",0
"ACCAGTAGTCACCCAG-1",1.82895755035911
"ACCAGTAGTCCATCCT-1",1.7575931396333
"ACCAGTAGTCTTCAAG-1",4.97513110580574
"ACCAGTAGTGGACGAT-1",0
"ACCAGTATCTGCGACG-1",0
"ACCAGTATCTGCTTGC-1",5.66366891423788
"ACCAGTATCTGTTTGT-1",0
"ACCCACTAGAGGTTAT-1",4.64095350066301
"ACCCACTAGATCCCGC-1",1.39979475577479
"ACCCACTAGATGTGTA-1",3.09476090710092
"ACCCACTAGCCCAATT-1",0
"ACCCACTCAAGGGTCA-1",1.86724712895827
"ACCCACTCAAGGTTCT-1",0
"ACCCACTGTAAATGAC-1",3.32639008770664
"ACCCACTGTAGCCTCG-1",0
"ACCCACTGTCAAAGAT-1",1.95922753715815
"ACCCACTGTCAATACC-1",0
"ACCCACTGTGTGGTTT-1",3.61973832154734
"ACCCACTTCGCAAACT-1",1.42349176764663
"ACCCACTTCTGCCAGG-1",0
"ACCGTAACAATCGGTT-1",0
"ACCGTAACAATCTACG-1",0
"ACCGTAACAGGTCCAC-1",0
"ACCGTAAGTACAGCAG-1",5.78643224276848
"ACCGTAAGTCATGCAT-1",0
"ACCGTAAGTGAGTGAC-1",5.78643224276848
"ACCGTAAGTTAAGAAC-1",0
"ACCGTAAGTTCCGTCT-1",1.5724110491452
"ACCGTAATCACATAGC-1",0
"ACCGTAATCATGTGGT-1",0
"ACCGTAATCTGAAAGA-1",2.07429610670219
"ACCTTTACAATCGGTT-1",1.95922753715815
"ACCTTTACACGGACAA-1",3.43263531666218
"ACCTTTACAGCAGTTT-1",1.49896467357776
"ACCTTTACATGCAACT-1",0
"ACCTTTACATTTCAGG-1",0
"ACCTTTAGTGAACCTT-1",3.96100074801841
"ACCTTTAGTTCCACTC-1",0
"ACCTTTATCTCTAGGA-1",0
"ACGAGCCAGGCAGGTT-1",0
"ACGAGCCCACAGGCCT-1",0
"ACGAGCCCATGGAATA-1",1.70409385603583
"ACGAGCCGTGCACGAA-1",0
"ACGAGCCGTGTGACCC-1",0
"ACGAGCCGTTGGTTTG-1",0
"ACGAGCCTCAGTCCCT-1",0
"ACGAGCCTCGCAAACT-1",5.37914485191554
"ACGAGGACACTACAGT-1",0
"ACGAGGACATGTAGTC-1",0
"ACGAGGAGTACACCGC-1",1.70335857875318
"ACGAGGAGTGCCTGCA-1",0
"ACGAGGAGTTCTGAAC-1",0
"ACGAGGATCTGCGGCA-1",1.82895755035911
"ACGATACAGAGTGACC-1",0
"ACGATACAGCGCCTTG-1",0
"ACGATACCACGTTGGC-1",0
"ACGATACCATTGGGCC-1",0
"ACGATACGTCGAATCT-1",3.46189835325951
"ACGATACTCTGACCTC-1",0
"ACGATGTAGTGCGATG-1",1.47641779932178
"ACGATGTAGTTGAGAT-1",1.71260611304887
"ACGATGTCAACGCACC-1",0
"ACGATGTCACACGCTG-1",0
"ACGATGTGTATTCTCT-1",1.33220776882673
"ACGATGTGTCAGTGGA-1",1.70409385603583
"ACGATGTGTGACTACT-1",6.73892344048348
"ACGATGTGTGTCGCTG-1",7.58027808871831
"ACGATGTTCGCGTAGC-1",0
"ACGATGTTCTCTTATG-1",0
"ACGCAGCAGCGGCTTC-1",1.81893505460702
"ACGCAGCAGCTGCGAA-1",1.43973441589081
"ACGCAGCAGTGTACGG-1",1.71447050547872
"ACGCAGCCACCTCGTT-1",0
"ACGCAGCCATCGACGC-1",0
"ACGCAGCCATTACCTT-1",1.80521862260206
"ACGCAGCGTCCATGAT-1",0
"ACGCAGCGTCTACCTC-1",0
"ACGCAGCGTCTGGTCG-1",1.43973441589081
"ACGCAGCGTGCGATAG-1",0
"ACGCCAGCAAAGCAAT-1",0
"ACGCCAGCAACGCACC-1",3.43263531666218
"ACGCCAGCACGAGAGT-1",1.80183004779165
"ACGCCAGCAGTGAGTG-1",0
"ACGCCAGGTGCACTTA-1",6.40742365179753
"ACGCCAGGTGTGCGTC-1",0
"ACGCCAGTCACAGGCC-1",0
"ACGCCAGTCAGTGTTG-1",0
"ACGCCGAAGAAACGCC-1",1.57210853934006
"ACGCCGAAGATCTGCT-1",0
"ACGCCGACAGCCTGTG-1",0
"ACGCCGAGTTCCAACA-1",1.49278393904348
"ACGCCGATCCTATGTT-1",1.74149763444717
"ACGCCGATCGCAGGCT-1",3.11969921950385
"ACGCCGATCTTGTATC-1",0
"ACGGAGAAGCCAGTTT-1",0
"ACGGAGACACACATGT-1",0
"ACGGAGACAGCCTGTG-1",0
"ACGGAGACAGCGTAAG-1",0
"ACGGAGACAGTAAGCG-1",0
"ACGGAGAGTGTGACGA-1",0
"ACGGAGATCCACGAAT-1",9.55675207595688
"ACGGCCACACATCCAA-1",0
"ACGGCCACACATTCGA-1",0
"ACGGCCAGTACCGTAT-1",0
"ACGGCCAGTGTATGGG-1",1.74149763444717
"ACGGCCATCACGGTTA-1",1.80691893083543
"ACGGCCATCAGTGTTG-1",1.6609657208989
"ACGGCCATCTACTATC-1",0
"ACGGGCTAGGATCGCA-1",3.26949136862092
"ACGGGCTAGGTTCCTA-1",0
"ACGGGCTAGTGGCACA-1",1.48586893971067
"ACGGGCTCATCTGGTA-1",3.86141616929398
"ACGGGCTGTGAGGCTA-1",1.77569188836057
"ACGGGCTTCCGAACGC-1",0
"ACGGGTCAGATGCCAG-1",3.59508776145202
"ACGGGTCCATGATCCA-1",0
"ACGGGTCCATTAGGCT-1",3.32639008770664
"ACGGGTCCATTTCACT-1",1.63753974531612
"ACGGGTCGTTAGGGTG-1",6.43645791581705
"ACGGGTCTCAACACCA-1",4.78456221893771
"ACGGGTCTCCACGCAG-1",0
"ACGTCAAAGGGCTTCC-1",0
"ACGTCAAAGTGGTAAT-1",1.71260611304887
"ACGTCAACAACTGCGC-1",0
"ACGTCAACACAAGACG-1",0
"ACGTCAAGTAGCTCCG-1",4.64095350066301
"ACGTCAAGTGTCGCTG-1",3.12650744056291
"ACGTCAAGTTATGCGT-1",0
"ACGTCAATCAACCAAC-1",0
"ACGTCAATCATAACCG-1",0
"ACGTCAATCCAGAAGG-1",0
"ACGTCAATCTAACTCT-1",7.17838019124456
"ACTATCTAGAGGTTAT-1",0
"ACTATCTAGATACACA-1",1.70409385603583
"ACTATCTAGGAGTAGA-1",0
"ACTATCTAGGCATGTG-1",3.93480612051164
"ACTATCTCAAATACAG-1",1.74695236167273
"ACTATCTCAAATTGCC-1",0
"ACTATCTGTAGGGACT-1",1.70335857875318
"ACTATCTGTCGCGTGT-1",0
"ACTATCTGTGCACGAA-1",0
"ACTATCTGTGGTTTCA-1",0
"ACTATCTTCGCCGTGA-1",3.593648277467
"ACTGAACAGAGTGAGA-1",5.85147256622773
"ACTGAACAGATCCCGC-1",0
"ACTGAACAGGTGATAT-1",1.5724110491452
"ACTGAACCAAAGCGGT-1",3.593648277467
"ACTGAACCAAGCGAGT-1",1.47641779932178
"ACTGAACCAATTCCTT-1",0
"ACTGAACCAGCTGGCT-1",5.48332951432592
"ACTGAACCAGTCTTCC-1",0
"ACTGAACCATTACCTT-1",3.37260311314866
"ACTGAACGTAAGCACG-1",1.43973441589081
"ACTGAACGTAATCGTC-1",3.65657023716176
"ACTGAACGTCCAGTAT-1",1.48586893971067
"ACTGAACGTCTGATCA-1",0
"ACTGAACTCCCACTTG-1",1.71447050547872
"ACTGAGTAGCCGGTAA-1",0
"ACTGAGTCAGTGGGAT-1",0
"ACTGAGTCATTTGCCC-1",1.39979475577479
"ACTGAGTGTAGAGCTG-1",0
"ACTGAGTGTTGTGGCC-1",1.5724110491452
"ACTGAGTTCAGGTTCA-1",0
"ACTGATGAGACAGACC-1",1.81850243568804
"ACTGATGAGCGGATCA-1",0
"ACTGATGAGGTGCTTT-1",0
"ACTGATGCAGCAGTTT-1",0
"ACTGATGCATCACAAC-1",0
"ACTGATGGTCATGCAT-1",0
"ACTGATGTCACAATGC-1",1.5293831535913
"ACTGATGTCACTCCTG-1",2.54020282537296
"ACTGATGTCCCTGACT-1",0
"ACTGATGTCCGCTGTT-1",2.32235164265114
"ACTGATGTCCGGCACA-1",0
"ACTGATGTCCTATTCA-1",1.64021460899844
"ACTGCTCAGAGCTTCT-1",0
"ACTGCTCAGATGCCTT-1",1.81850243568804
"ACTGCTCCACACCGCA-1",7.63455804677787
"ACTGCTCCAGATGGGT-1",0
"ACTGCTCCATGCCTAA-1",0
"ACTGCTCGTAGGCATG-1",1.71260611304887
"ACTGCTCGTATCACCA-1",0
"ACTGCTCGTCCGAAGA-1",1.80691893083543
"ACTGCTCTCCGAGCCA-1",0
"ACTGTCCAGAGGGCTT-1",1.80183004779165
"ACTGTCCAGCAGCGTA-1",0
"ACTGTCCAGGCATGGT-1",4.89728977465415
"ACTGTCCCAAGGTTTC-1",0
"ACTGTCCCAAGTACCT-1",0
"ACTGTCCCAGTATCTG-1",9.55675207595688
"ACTGTCCCATAGAAAC-1",7.229890845177
"ACTGTCCGTTGAGGTG-1",1.64021460899844
"ACTGTCCTCCACGTGG-1",1.70409385603583
"ACTGTCCTCCTTGGTC-1",2.32235164265114
"ACTGTCCTCTCTGTCG-1",1.63454315139715
"ACTTACTAGCGATAGC-1",3.593648277467
"ACTTACTAGGGATGGG-1",0
"ACTTACTCACAGACAG-1",1.53507218954632
"ACTTACTCACATTTCT-1",0
"ACTTACTGTACTCAAC-1",0
"ACTTACTGTTCCACAA-1",0
"ACTTACTTCATCGGAT-1",1.50058699183651
"ACTTGTTAGACAAGCC-1",2.07429610670219
"ACTTGTTAGCTAGCCC-1",0
"ACTTGTTAGTTACCCA-1",0
"ACTTGTTCACGACGAA-1",0
"ACTTGTTCACGGCTAC-1",1.82895755035911
"ACTTGTTGTATCGCAT-1",7.17838019124456
"ACTTGTTGTGGTAACG-1",0
"ACTTGTTGTTGTGGAG-1",4.89728977465415
"ACTTGTTTCATCACCC-1",0
"ACTTTCACATGGTCAT-1",1.5293831535913
"ACTTTCAGTGACTACT-1",4.3000490137941
"ACTTTCATCGCCAGCA-1",0
"AGAATAGAGCTGAACG-1",6.43645791581705
"AGAATAGAGCTGTCTA-1",3.86442306568601
"AGAATAGAGGTAGCTG-1",0
"AGAATAGCATGGTCTA-1",2.87506114583971
"AGAATAGGTATTCTCT-1",0
"AGAATAGGTGCGGTAA-1",1.94883010990704
"AGAATAGGTTAAGAAC-1",0
"AGAATAGTCAGGCCCA-1",0
"AGACGTTAGAATGTGT-1",2.07551397826316
"AGACGTTAGCTCCTCT-1",0
"AGACGTTAGTGCCAGA-1",1.97296240954775
"AGACGTTCAGGATCGA-1",0
"AGACGTTGTAGCTGCC-1",0
"AGACGTTGTCTGCAAT-1",0
"AGACGTTGTTCTGTTT-1",3.52599317573573
"AGACGTTTCGCATGGC-1",0
"AGACGTTTCGCTTAGA-1",1.84717530836962
"AGAGCGACAACTTGAC-1",3.5072888212439
"AGAGCGACAAGTACCT-1",0
"AGAGCGACACAACGTT-1",0
"AGAGCGACATGAGCGA-1",0
"AGAGCGAGTCAGTGGA-1",0
"AGAGCGAGTCGACTGC-1",7.63455804677787
"AGAGCGAGTTGAGTTC-1",0
"AGAGCGATCGCGTAGC-1",0
"AGAGCGATCTATCCTA-1",1.49896467357776
"AGAGCGATCTCGCTTG-1",0
"AGAGCTTAGCCGTCGT-1",2.07429610670219
"AGAGCTTAGTACACCT-1",4.33931679703781
"AGAGCTTAGTCATGCT-1",1.80183004779165
"AGAGCTTGTAGAGCTG-1",1.7575931396333
"AGAGCTTGTATCACCA-1",0
"AGAGCTTTCACTATTC-1",0
"AGAGCTTTCCTGCAGG-1",1.71260611304887
"AGAGCTTTCGCAAACT-1",0
"AGAGCTTTCGCTTAGA-1",0
"AGAGTGGAGAGCCTAG-1",0
"AGAGTGGAGGCCCTTG-1",3.86442306568601
"AGAGTGGAGGTACTCT-1",1.62596052042962
"AGAGTGGCACAAGACG-1",0
"AGAGTGGCACCTCGTT-1",1.62596052042962
"AGAGTGGCATCCGGGT-1",0
"AGAGTGGCATCTGGTA-1",3.43263531666218
"AGAGTGGGTCAGCTAT-1",0
"AGAGTGGGTCCTCCAT-1",3.52599317573573
"AGAGTGGGTCTAGTCA-1",0
"AGAGTGGGTTACCGAT-1",4.27750632883292
"AGATCTGAGGTGGGTT-1",2.07551397826316
"AGATCTGAGTCAAGGC-1",0
"AGATCTGCAATGTTGC-1",1.87702456431488
"AGATCTGTCGAATCCA-1",0
"AGATCTGTCTGCAGTA-1",0
"AGATTGCAGGCTACGA-1",0
"AGATTGCCACGACGAA-1",3.58038314306806
"AGATTGCCAGATGGGT-1",0
"AGATTGCGTAGAGCTG-1",0
"AGATTGCGTGATGTCT-1",0
"AGATTGCGTGTTCGAT-1",3.32639008770664
"AGATTGCGTTCACGGC-1",0
"AGATTGCTCACTGGGC-1",0
"AGATTGCTCATCTGTT-1",3.56581367957334
"AGCAGCCAGCTGATAA-1",0
"AGCAGCCCACCGAAAG-1",1.63753974531612
"AGCAGCCGTCGACTGC-1",1.82895755035911
"AGCAGCCGTCGCTTTC-1",0
"AGCAGCCGTCTAACGT-1",3.37107161980673
"AGCAGCCGTGTGAAAT-1",1.42349176764663
"AGCAGCCGTTTGTTGG-1",1.67527766992964
"AGCAGCCTCCAAACAC-1",0
"AGCATACAGTGGTAGC-1",0
"AGCATACAGTTGTCGT-1",1.5724110491452
"AGCATACGTCTTCTCG-1",1.63454315139715
"AGCATACGTTAAGTAG-1",1.42349176764663
"AGCATACTCCGTTGCT-1",1.55156609912805
"AGCCTAAAGATATGGT-1",0
"AGCCTAACAAAGCGGT-1",0
"AGCCTAACAGATAATG-1",1.6609657208989
"AGCCTAAGTACGAAAT-1",5.78643224276848
"AGCCTAAGTCACCTAA-1",0
"AGCCTAAGTGTGCCTG-1",0
"AGCCTAATCACCCGAG-1",1.84717530836962
"AGCCTAATCCAATGGT-1",2.2029337810686
"AGCCTAATCCTTGGTC-1",0
"AGCCTAATCTGTGCAA-1",0
"AGCCTAATCTGTTTGT-1",0
"AGCGGTCAGCGAAGGG-1",0
"AGCGGTCAGGTACTCT-1",0
"AGCGGTCAGTGACTCT-1",0
"AGCGGTCCAGCCTTGG-1",0
"AGCGGTCGTCCTAGCG-1",0
"AGCGGTCGTGGTGTAG-1",0
"AGCGGTCGTTAAGGGC-1",0
"AGCGGTCGTTTGCATG-1",0
"AGCGGTCTCCGAAGAG-1",1.71260611304887
"AGCGGTCTCCTCAATT-1",0
"AGCGGTCTCTGGGCCA-1",0
"AGCGTATAGAACTGTA-1",11.5035198579979
"AGCGTATAGCGATGAC-1",1.8409030527332
"AGCGTATAGGTACTCT-1",1.71260611304887
"AGCGTATGTTGAGGTG-1",0
"AGCGTATTCCAGAGGA-1",1.80183004779165
"AGCGTCGAGTTGAGTA-1",9.55675207595688
"AGCGTCGCAGGGATTG-1",0
"AGCGTCGTCTGAAAGA-1",2.07551397826316
"AGCTCCTAGACCTAGG-1",1.81893505460702
"AGCTCCTAGCGTTTAC-1",1.94883010990704
"AGCTCCTGTGTTTGTG-1",0
"AGCTCCTGTTGTCTTT-1",5.95222796697367
"AGCTCCTTCCGAATGT-1",0
"AGCTCCTTCTTGACGA-1",0
"AGCTCTCAGCGGATCA-1",0
"AGCTCTCAGCTGTTCA-1",0
"AGCTCTCAGGTGCTAG-1",1.5293831535913
"AGCTCTCCATACAGCT-1",1.80183004779165
"AGCTCTCGTCAGAGGT-1",0
"AGCTCTCGTGGGTCAA-1",3.37107161980673
"AGCTCTCTCACAACGT-1",1.48586893971067
"AGCTCTCTCTTGACGA-1",1.49896467357776
"AGCTTGAAGCATCATC-1",0
"AGCTTGAAGTAGCGGT-1",0
"AGCTTGAAGTTGTCGT-1",0
"AGCTTGACAATCCAAC-1",0
"AGCTTGACACCGATAT-1",0
"AGCTTGAGTCTACCTC-1",0
"AGCTTGAGTGCGCTTG-1",0
"AGCTTGAGTTACGCGC-1",1.47641779932178
"AGCTTGATCCTGCCAT-1",1.79384584594983
"AGCTTGATCTGCAAGT-1",9.55675207595688
"AGGCCACAGAGTAAGG-1",1.49278393904348
"AGGCCACAGGGTCTCC-1",0
"AGGCCACAGTACTTGC-1",0
"AGGCCACCAGGACCCT-1",0
"AGGCCACCATCAGTCA-1",1.55156609912805
"AGGCCACTCATGCTCC-1",0
"AGGCCACTCATTGCGA-1",3.29698765628941
"AGGCCGTAGGATCGCA-1",0
"AGGCCGTCACGTAAGG-1",2.14626690973484
"AGGCCGTCAGCTCGAC-1",0
"AGGCCGTCATCGTCGG-1",1.82764235530237
"AGGCCGTTCACGGTTA-1",0
"AGGCCGTTCGAACTGT-1",0
"AGGCCGTTCTCAAGTG-1",1.55156609912805
"AGGCCGTTCTGCTTGC-1",0
"AGGGAGTAGCCCAACC-1",0
"AGGGAGTAGGAGTACC-1",2.81009534174517
"AGGGAGTAGGCAGGTT-1",3.04520606668971
"AGGGAGTCACGAGAGT-1",0
"AGGGAGTCAGAAGCAC-1",0
"AGGGAGTCAGATCCAT-1",7.29094809789236
"AGGGAGTCATCGACGC-1",0
"AGGGAGTCATGCTAGT-1",0
"AGGGAGTGTCCATGAT-1",0
"AGGGAGTTCATAACCG-1",0
"AGGGATGAGCTCTCGG-1",0
"AGGGATGAGGAGTAGA-1",1.80183004779165
"AGGGATGAGTAGCGGT-1",3.41928384770969
"AGGGATGCAATGAATG-1",1.33220776882673
"AGGGATGCAATGGAGC-1",0
"AGGGATGCACAAGACG-1",0
"AGGGATGCACATTTCT-1",0
"AGGGATGCATGGTCTA-1",3.56581367957334
"AGGGATGGTTAAAGTG-1",5.54351108928617
"AGGGATGGTTATGCGT-1",0
"AGGGATGTCGTGACAT-1",0
"AGGGTGAAGATGGCGT-1",2.87506114583971
"AGGGTGAAGATGGGTC-1",0
"AGGGTGAAGGCTCAGA-1",0
"AGGGTGACACGAGAGT-1",0
"AGGGTGACAGATGGCA-1",4.89728977465415
"AGGGTGACAGATTGCT-1",0
"AGGGTGAGTACTCTCC-1",0
"AGGGTGAGTTATCGGT-1",1.86401676145941
"AGGGTGAGTTCTGAAC-1",1.39979475577479
"AGGGTGATCTCGCTTG-1",0
"AGGTCATAGAGCCCAA-1",0
"AGGTCATAGCCAGAAC-1",2.34582842317609
"AGGTCATAGGCATGGT-1",1.70335857875318
"AGGTCATAGGGAGTAA-1",0
"AGGTCATCACTCAGGC-1",0
"AGGTCATCACTCTGTC-1",1.94883010990704
"AGGTCATGTTCCACTC-1",0
"AGGTCATTCTCGTTTA-1",0
"AGGTCCGAGGATGCGT-1",0
"AGGTCCGGTGATGCCC-1",0
"AGGTCCGTCCATGAAC-1",1.48586893971067
"AGGTCCGTCGCCCTTA-1",1.63921029215975
"AGGTCCGTCTGCGTAA-1",0
"AGTAGTCAGACTGTAA-1",0
"AGTAGTCAGTACGACG-1",3.84101293024768
"AGTAGTCAGTTTAGGA-1",1.70409385603583
"AGTAGTCCAACTGGCC-1",0
"AGTAGTCGTGCAGACA-1",0
"AGTAGTCTCACCCGAG-1",3.66331584921335
"AGTCTTTAGGCAGTCA-1",5.78643224276848
"AGTCTTTCAAATCCGT-1",2.14626690973484
"AGTCTTTCATATACCG-1",0
"AGTCTTTGTGCTTCTC-1",0
"AGTCTTTGTGTCCTCT-1",0
"AGTCTTTTCGCAGGCT-1",0
"AGTCTTTTCGCGTAGC-1",3.86442306568601
"AGTCTTTTCGCTAGCG-1",0
"AGTCTTTTCGCTTGTC-1",0
"AGTCTTTTCTGACCTC-1",0
"AGTGAGGAGATAGCAT-1",0
"AGTGAGGCAGGTGCCT-1",2.07551397826316
"AGTGAGGGTATGAAAC-1",3.46888529472939
"AGTGAGGGTCACTTCC-1",0
"AGTGAGGGTCGCGAAA-1",0
"AGTGAGGGTTATGTGC-1",0
"AGTGAGGTCTACTATC-1",0
"AGTGGGAAGCAGACTG-1",0
"AGTGGGACAAACGCGA-1",1.84717530836962
"AGTGGGACAAGCCGTC-1",1.6609657208989
"AGTGGGACACAGGAGT-1",7.56161102280045
"AGTGGGACACGAGAGT-1",0
"AGTGGGATCATCGATG-1",4.64095350066301
"AGTGGGATCCACGAAT-1",0
"AGTGGGATCCTGCAGG-1",1.39979475577479
"AGTGTCAAGAAGCCCA-1",5.11546922618417
"AGTGTCAAGCTAGTCT-1",0
"AGTGTCAAGTACGACG-1",1.81893505460702
"AGTGTCAAGTGAACAT-1",3.52245297829927
"AGTGTCACACCATCCT-1",1.78636325008158
"AGTGTCACAGTAAGCG-1",3.52757407410417
"AGTGTCACAGTGGAGT-1",1.5724110491452
"AGTGTCAGTAAACCTC-1",0
"AGTGTCAGTACAGCAG-1",0
"AGTGTCAGTCTCCACT-1",0
"AGTGTCAGTTTGACTG-1",0
"AGTGTCATCAAAGTAG-1",0
"AGTGTCATCCGTCAAA-1",0
"AGTGTCATCGTTACAG-1",0
"AGTGTCATCTGTCAAG-1",0
"AGTTGGTAGACTGTAA-1",1.48586893971067
"AGTTGGTAGTACGCGA-1",0
"AGTTGGTCAAATTGCC-1",0
"AGTTGGTCAGGAATGC-1",0
"AGTTGGTCATGCGCAC-1",0
"AGTTGGTGTACCGTAT-1",1.39979475577479
"AGTTGGTGTATGCTTG-1",0
"AGTTGGTGTCAGGACA-1",0
"AGTTGGTGTTCAGACT-1",1.49896467357776
"AGTTGGTTCAGTACGT-1",1.49896467357776
"AGTTGGTTCCTCAACC-1",0
"AGTTGGTTCGTACCGG-1",0
"AGTTGGTTCTGTCCGT-1",0
"ATAACGCAGTTGAGTA-1",2.87506114583971
"ATAACGCCACGTGAGA-1",0
"ATAACGCGTGAACCTT-1",0
"ATAACGCGTGTCCTCT-1",3.64536684184138
"ATAACGCGTGTGAAAT-1",1.70409385603583
"ATAACGCTCTCCGGTT-1",0
"ATAAGAGAGTCCGGTC-1",0
"ATAAGAGCAACTGCGC-1",8.08264747143016
"ATAAGAGCAGTATCTG-1",1.49896467357776
"ATAAGAGGTGACGCCT-1",0
"ATAAGAGGTTAAAGTG-1",0
"ATAAGAGTCAGCACAT-1",2.81009534174517
"ATAAGAGTCAGTGCAT-1",1.80521862260206
"ATAGACCAGAGAGCTC-1",1.82895755035911
"ATAGACCAGCCCAATT-1",0
"ATAGACCCAAGCCATT-1",0
"ATAGACCCATCTGGTA-1",0
"ATAGACCGTATATGGA-1",0
"ATAGACCGTGGACGAT-1",3.26949136862092
"ATAGACCGTGGCGAAT-1",0
"ATAGACCGTTTCGCTC-1",1.55156609912805
"ATCACGAAGAACTCGG-1",0
"ATCACGAAGACACGAC-1",1.5293831535913
"ATCACGAAGTTACCCA-1",1.63753974531612
"ATCACGACAAGACACG-1",1.73186132764699
"ATCACGACAAGCGTAG-1",3.48718176392433
"ATCACGACACACATGT-1",0
"ATCACGACACCACCAG-1",7.17838019124456
"ATCACGACACGGTAAG-1",1.77569188836057
"ATCACGACAGCGAACA-1",0
"ATCACGATCCCGACTT-1",0
"ATCACGATCGGTGTCG-1",5.78643224276848
"ATCATCTAGCCTATGT-1",3.93480612051164
"ATCATCTAGGCCATAG-1",1.39979475577479
"ATCATCTAGTACTTGC-1",5.54351108928617
"ATCATCTCAGACGCCT-1",1.84358453709264
"ATCATCTCATCCGTGG-1",0
"ATCATCTGTATTACCG-1",0
"ATCATCTGTCACTTCC-1",1.81893505460702
"ATCATCTTCAGCGACC-1",0
"ATCATCTTCCTCAACC-1",0
"ATCATGGCAAGCGTAG-1",1.62596052042962
"ATCATGGCAAGGTTCT-1",0
"ATCATGGCACTACAGT-1",0
"ATCATGGGTAAGGGAA-1",0
"ATCATGGGTTGTGGCC-1",1.49896467357776
"ATCATGGTCAATAAGG-1",3.593648277467
"ATCATGGTCCAATGGT-1",2.32235164265114
"ATCATGGTCGCCATAA-1",0
"ATCATGGTCGGTTAAC-1",0
"ATCCACCAGCTAGTCT-1",0
"ATCCACCAGGCTCTTA-1",4.3000490137941
"ATCCACCCAAACGTGG-1",1.94883010990704
"ATCCACCCAGTTAACC-1",0
"ATCCACCGTCCGAAGA-1",0
"ATCCACCGTTTGTTTC-1",0
"ATCCACCTCCTGCTTG-1",1.81850243568804
"ATCCACCTCCTTAATC-1",0
"ATCCACCTCTGGTATG-1",1.5293831535913
"ATCCGAAAGCGATGAC-1",0
"ATCCGAAAGCTAGGCA-1",0
"ATCCGAACAAACGTGG-1",0
"ATCCGAACAACAACCT-1",0
"ATCCGAACAAGGACTG-1",3.86442306568601
"ATCCGAACACCCATTC-1",1.97296240954775
"ATCCGAACACGGTAGA-1",0
"ATCCGAAGTAGCGCTC-1",1.48586893971067
"ATCCGAAGTCATTAGC-1",1.63753974531612
"ATCCGAAGTCTCTTAT-1",2.2029337810686
"ATCCGAATCCAACCAA-1",0
"ATCCGAATCCTTGACC-1",3.96100074801841
"ATCCGAATCTTGTCAT-1",0
"ATCGAGTAGACTTTCG-1",2.2029337810686
"ATCGAGTCATCCGGGT-1",3.32639008770664
"ATCGAGTGTCCCTTGT-1",5.48332951432592
"ATCGAGTGTCTCCCTA-1",1.70409385603583
"ATCGAGTTCATGCATG-1",1.71447050547872
"ATCGAGTTCCTGCCAT-1",2.2029337810686
"ATCTACTAGGTGTGGT-1",0
"ATCTACTCAGCTGTAT-1",0
"ATCTACTCAGTACACT-1",0
"ATCTACTCATGACATC-1",0
"ATCTACTGTAAGTAGT-1",3.86011115322974
"ATCTACTGTGTCGCTG-1",1.49278393904348
"ATCTACTTCCGCGTTT-1",0
"ATCTACTTCGCAAGCC-1",0
"ATCTACTTCTATCGCC-1",0
"ATCTACTTCTCTAAGG-1",0
"ATCTGCCAGGCTCAGA-1",3.43397085354372
"ATCTGCCGTACAGTTC-1",1.75838777152377
"ATCTGCCGTTGTGGAG-1",0
"ATCTGCCTCAGAGACG-1",1.71260611304887
"ATCTGCCTCAGCTGGC-1",0
"ATCTGCCTCGTACGGC-1",0
"ATCTGCCTCTCGAGTA-1",1.64021460899844
"ATCTGCCTCTGAGTGT-1",3.43397085354372
"ATCTGCCTCTTGTATC-1",2.08040463766988
"ATGAGGGAGGTCGGAT-1",0
"ATGAGGGCATGACGGA-1",0
"ATGAGGGCATTAGGCT-1",3.52757407410417
"ATGAGGGTCACATGCA-1",0
"ATGAGGGTCAGTCCCT-1",1.86401676145941
"ATGCGATAGTCAATAG-1",3.58038314306806
"ATGCGATCATGTTGAC-1",0
"ATGCGATGTGCAGTAG-1",0
"ATGCGATGTGCATCTA-1",0
"ATGCGATTCCCAAGAT-1",0
"ATGCGATTCGCCATAA-1",0
"ATGGGAGAGCAATATG-1",1.80183004779165
"ATGGGAGAGCCACGCT-1",1.58032559746718
"ATGGGAGAGGTGATAT-1",1.84717530836962
"ATGGGAGCACCAGGTC-1",0
"ATGGGAGCACTATCTT-1",0
"ATGGGAGCAGCATACT-1",1.93198329352362
"ATGGGAGCATAGAAAC-1",0
"ATGGGAGCATTACCTT-1",5.54351108928617
"ATGTGTGAGCGAAGGG-1",0
"ATGTGTGAGGGTTTCT-1",0
"ATGTGTGAGTTGAGTA-1",0
"ATGTGTGCACGGCGTT-1",1.57210853934006
"ATGTGTGCACGGTTTA-1",2.2029337810686
"ATGTGTGCAGTATAAG-1",0
"ATGTGTGTCACGCGGT-1",1.63753974531612
"ATTACTCAGATGTGTA-1",0
"ATTACTCAGCGTAATA-1",0
"ATTACTCAGGTGCACA-1",0
"ATTACTCAGTGAAGTT-1",0
"ATTACTCCAAACTGTC-1",5.93545630254262
"ATTACTCCACCATCCT-1",0
"ATTACTCCAGACTCGC-1",1.64021460899844
"ATTACTCCATATGCTG-1",0
"ATTACTCCATCGGTTA-1",5.48332951432592
"ATTACTCCATTGCGGC-1",0
"ATTACTCGTTAAAGAC-1",0
"ATTACTCTCCGAACGC-1",0
"ATTATCCAGAGTACCG-1",0
"ATTATCCAGCTTATCG-1",0
"ATTATCCCACAAGCCC-1",5.67766785245865
"ATTATCCCATATGAGA-1",3.34706701841035
"ATTATCCCATCTGGTA-1",3.11969921950385
"ATTATCCGTCGTTGTA-1",0
"ATTATCCGTCTCTCTG-1",3.37107161980673
"ATTATCCTCAACGGGA-1",0
"ATTATCCTCCGCGCAA-1",0
"ATTATCCTCTCCGGTT-1",0
"ATTCTACGTCACTTCC-1",3.32639008770664
"ATTCTACGTCTAGTCA-1",0
"ATTCTACGTTGTCGCG-1",3.593648277467
"ATTGGACAGCAGATCG-1",0
"ATTGGACAGGGCATGT-1",0
"ATTGGACAGTGGACGT-1",0
"ATTGGACCAAGACACG-1",0
"ATTGGACGTAATAGCA-1",0
"ATTGGACTCCTGCTTG-1",0
"ATTGGACTCGGCGCAT-1",0
"ATTGGACTCGTTTGCC-1",1.68558462127767
"ATTGGTGAGAATGTTG-1",0
"ATTGGTGCAAGCTGAG-1",1.81850243568804
"ATTGGTGCAGCAGTTT-1",1.6609657208989
"ATTGGTGGTTGAGTTC-1",1.6609657208989
"ATTGGTGTCAAAGTAG-1",0
"ATTGGTGTCGGAAACG-1",0
"ATTTCTGAGGGATACC-1",0
"ATTTCTGAGGGATCTG-1",0
"ATTTCTGAGGTGTTAA-1",5.34215485843943
"ATTTCTGAGTCGAGTG-1",0
"ATTTCTGAGTTCGCAT-1",1.82895755035911
"ATTTCTGCAAGGTGTG-1",1.62596052042962
"ATTTCTGGTAGCTCCG-1",2.87506114583971
"ATTTCTGGTGCACGAA-1",0
"ATTTCTGGTTGCCTCT-1",1.82764235530237
"ATTTCTGTCAAAGTAG-1",0
"ATTTCTGTCAGCTCGG-1",0
"ATTTCTGTCTTGGGTA-1",0
"CAACCAAAGAAACGCC-1",1.62596052042962
"CAACCAAAGAGGGCTT-1",0
"CAACCAAAGCTGAAAT-1",0
"CAACCAAAGGACAGCT-1",0
"CAACCAAAGGGAGTAA-1",0
"CAACCAACATACGCTA-1",0
"CAACCTCAGTAATCCC-1",1.49278393904348
"CAACCTCCAGACGCAA-1",0
"CAACCTCGTGAGTGAC-1",1.85623049348733
"CAACCTCGTTCCACGG-1",0
"CAACCTCTCATACGGT-1",1.75838777152377
"CAACCTCTCCGATATG-1",0
"CAACCTCTCCTTTACA-1",4.89728977465415
"CAACCTCTCTCTAGGA-1",0
"CAACTAGAGAATAGGG-1",3.04520606668971
"CAACTAGAGGATGCGT-1",0
"CAACTAGCACCATCCT-1",0
"CAACTAGCAGACTCGC-1",1.6609657208989
"CAACTAGCAGTTCATG-1",1.87702456431488
"CAACTAGGTACGCACC-1",0
"CAACTAGTCAGGCCCA-1",0
"CAAGAAAAGAAGGACA-1",1.51704163256299
"CAAGAAAAGACGCACA-1",1.71148987556376
"CAAGAAAAGGCCCTTG-1",1.87702456431488
"CAAGAAAAGGTGATAT-1",0
"CAAGAAAAGTCGATAA-1",3.84101293024768
"CAAGAAAAGTGGAGTC-1",0
"CAAGAAAAGTGTACCT-1",0
"CAAGAAACACGGTGTC-1",1.70409385603583
"CAAGAAATCTGCTTGC-1",0
"CAAGATCAGCTGAAAT-1",1.81850243568804
"CAAGATCGTAAGAGGA-1",1.73186132764699
"CAAGATCGTGCCTTGG-1",1.7575931396333
"CAAGATCTCAACACCA-1",3.52757407410417
"CAAGATCTCTCGATGA-1",3.86442306568601
"CAAGGCCAGGAGTCTG-1",1.48586893971067
"CAAGGCCAGGCTATCT-1",0
"CAAGGCCCACGGTAAG-1",0
"CAAGGCCCATGTTCCC-1",0
"CAAGGCCGTCCGTCAG-1",0
"CAAGGCCTCAACGGGA-1",0
"CAAGGCCTCCTTGACC-1",2.07429610670219
"CAAGGCCTCGTGACAT-1",0
"CAAGTTGAGACAGGCT-1",0
"CAAGTTGAGATGTCGG-1",1.49896467357776
"CAAGTTGAGCGTCAAG-1",1.84358453709264
"CAAGTTGAGCGTTTAC-1",7.17838019124456
"CAAGTTGCACATTAGC-1",4.80643948077247
"CAAGTTGCACGCTTTC-1",0
"CAAGTTGCACGGTGTC-1",5.72735828218801
"CAAGTTGCATTCTTAC-1",0
"CAAGTTGGTACTCAAC-1",0
"CAAGTTGGTCAGGACA-1",0
"CAAGTTGGTCGGCACT-1",0
"CAAGTTGTCAACGAAA-1",0
"CAAGTTGTCACCACCT-1",0
"CAAGTTGTCATTGCCC-1",1.55156609912805
"CAAGTTGTCGAATCCA-1",3.96053976717097
"CAAGTTGTCTACTTAC-1",6.73892344048348
"CACAAACAGGGCTCTC-1",1.42349176764663
"CACAAACAGGGCTTGA-1",1.5724110491452
"CACAAACAGTGACATA-1",0
"CACAAACCAACTGCGC-1",0
"CACAAACCAATAAGCA-1",1.71447050547872
"CACAAACCAATCAGAA-1",0
"CACAAACCACTTAACG-1",1.77569188836057
"CACAAACCATGAACCT-1",0
"CACAAACCATGGTCAT-1",1.8409030527332
"CACAAACGTCAACTGT-1",4.3000490137941
"CACAAACGTCAGAATA-1",1.81893505460702
"CACAAACTCTTCGGTC-1",5.54351108928617
"CACAAACTCTTGGGTA-1",0
"CACACAAAGCGACGTA-1",0
"CACACAAAGGGAGTAA-1",3.43397085354372
"CACACAACAAACGTGG-1",3.51044988750684
"CACACAACACATGACT-1",1.74969568161059
"CACACAACATCGATTG-1",0
"CACACAACATTGGGCC-1",3.59508776145202
"CACACAAGTACGACCC-1",1.5293831535913
"CACACAAGTCAGTGGA-1",1.8409030527332
"CACACAAGTCATCGGC-1",0
"CACACAAGTTTACTCT-1",1.71260611304887
"CACACAATCCACGTGG-1",0
"CACACAATCCACGTTC-1",0
"CACACAATCGGCGCAT-1",1.62596052042962
"CACACCTAGAGACTAT-1",1.71447050547872
"CACACCTAGGACATTA-1",1.81505080370736
"CACACCTAGTGTGAAT-1",0
"CACACCTCACTGAAGG-1",0
"CACACCTCATAGGATA-1",0
"CACACCTCATAGTAAG-1",0
"CACACCTCATTGGGCC-1",0
"CACACCTGTACAGCAG-1",0
"CACACCTGTACCGCTG-1",5.95222796697367
"CACACCTGTCCAAGTT-1",0
"CACACCTGTGGACGAT-1",1.50058699183651
"CACACCTGTGGTCTCG-1",0
"CACACCTTCATGTCTT-1",0
"CACACCTTCTGGCGAC-1",0
"CACACTCAGGGAAACA-1",0
"CACACTCCAACACCTA-1",0
"CACACTCCAAGGGTCA-1",1.81893505460702
"CACACTCGTGACGCCT-1",1.87702456431488
"CACACTCGTTTGTGTG-1",0
"CACAGGCAGCCATCGC-1",0
"CACAGGCAGGGATGGG-1",0
"CACAGGCCAAGAGTCG-1",3.32639008770664
"CACAGGCCAATGGAGC-1",0
"CACAGGCGTCTAGGTT-1",3.593648277467
"CACAGGCGTTACGCGC-1",2.81009534174517
"CACAGGCTCGGGAGTA-1",0
"CACAGGCTCTATGTGG-1",0
"CACAGTAAGACGCAAC-1",8.08264747143016
"CACAGTAAGACGCACA-1",0
"CACAGTAAGTGGGCTA-1",0
"CACAGTACAACTGGCC-1",0
"CACAGTACATCGGACC-1",0
"CACAGTAGTTCCATGA-1",1.39979475577479
"CACATAGAGCCCAATT-1",5.37914485191554
"CACATAGAGTGTACTC-1",1.74149763444717
"CACATAGCACTTCTGC-1",0
"CACATAGCAGGGTATG-1",0
"CACATAGTCCTTGCCA-1",3.34706701841035
"CACATAGTCGGCGCAT-1",0
"CACATTTAGCAGATCG-1",0
"CACATTTAGGGCACTA-1",0
"CACATTTCACGGCGTT-1",1.84717530836962
"CACATTTCATTACCTT-1",0
"CACATTTGTCGAACAG-1",1.94883010990704
"CACATTTGTGTTGAGG-1",0
"CACATTTTCCAGAGGA-1",0
"CACATTTTCCGCATCT-1",1.50058699183651
"CACATTTTCTACTATC-1",0
"CACATTTTCTGTGCAA-1",0
"CACCACTAGCCACGTC-1",0
"CACCACTAGTGGTAAT-1",1.86401676145941
"CACCACTAGTTACCCA-1",0
"CACCACTCAAGCCCAC-1",2.2029337810686
"CACCACTCAGTTCATG-1",1.80691893083543
"CACCACTGTTATTCTC-1",1.49278393904348
"CACCACTTCACCGGGT-1",5.78643224276848
"CACCACTTCGAATCCA-1",0
"CACCACTTCGACCAGC-1",0
"CACCACTTCTAACCGA-1",0
"CACCACTTCTTTAGTC-1",1.8409030527332
"CACCAGGCACATTAGC-1",1.39979475577479
"CACCAGGCACTGCCAG-1",2.07551397826316
"CACCAGGCATAAAGGT-1",0
"CACCAGGCATGAACCT-1",0
"CACCAGGGTGAAATCA-1",1.71260611304887
"CACCAGGGTGTTTGGT-1",0
"CACCAGGGTTATCACG-1",3.52757407410417
"CACCAGGTCATGTAGC-1",0
"CACCAGGTCTGCTTGC-1",0
"CACCTTGAGACTTGAA-1",0
"CACCTTGAGTCAATAG-1",0
"CACCTTGCAGGCGATA-1",5.78643224276848
"CACCTTGCATTCCTGC-1",0
"CACCTTGGTCATTAGC-1",0
"CACCTTGGTGATGTCT-1",1.58032559746718
"CACCTTGGTTATGTGC-1",0
"CACCTTGTCAACCATG-1",3.37260311314866
"CACCTTGTCATTATCC-1",0
"CACCTTGTCCAAAGTC-1",0
"CACCTTGTCTCACATT-1",0
"CACTCCAAGACAAGCC-1",4.05336704721763
"CACTCCAAGGTACTCT-1",0
"CACTCCACAATGGACG-1",7.17838019124456
"CACTCCAGTACATGTC-1",6.06671817467804
"CACTCCAGTTGTCGCG-1",0
"CACTCCATCAACACAC-1",0
"CACTCCATCCCAGGTG-1",1.47641779932178
"CAGAATCAGAAACCTA-1",0
"CAGAATCAGCCAACAG-1",3.52599317573573
"CAGAATCAGCTGGAAC-1",1.82895755035911
"CAGAATCAGGACTGGT-1",1.70335857875318
"CAGAATCAGTATCGAA-1",1.39979475577479
"CAGAATCCACAGAGGT-1",2.34582842317609
"CAGAATCCAGGGTACA-1",4.3000490137941
"CAGAATCGTAAGTGTA-1",0
"CAGAATCGTAATCACC-1",4.85922849745367
"CAGAATCTCAGTTTGG-1",0
"CAGAATCTCGCAAGCC-1",1.81850243568804
"CAGAATCTCGGTCCGA-1",0
"CAGAATCTCTTGCAAG-1",0
"CAGAATCTCTTGTACT-1",0
"CAGAGAGAGAATTGTG-1",0
"CAGAGAGAGCAATATG-1",3.56581367957334
"CAGAGAGCAAGAAGAG-1",0
"CAGAGAGCACCAGATT-1",0
"CAGAGAGGTAATCACC-1",3.43397085354372
"CAGAGAGGTAGCTGCC-1",0
"CAGAGAGGTAGGACAC-1",1.80183004779165
"CAGAGAGGTATAGGGC-1",0
"CAGAGAGGTCCGAATT-1",0
"CAGAGAGGTTGAGGTG-1",1.82895755035911
"CAGAGAGTCACCCGAG-1",0
"CAGAGAGTCATAACCG-1",5.48332951432592
"CAGAGAGTCCGAACGC-1",0
"CAGAGAGTCTGGTATG-1",4.85922849745367
"CAGATCAAGAGACGAA-1",0
"CAGATCAAGCACCGTC-1",0
"CAGATCAAGCTTCGCG-1",0
"CAGATCAAGGATTCGG-1",0
"CAGATCAAGTGTACCT-1",0
"CAGATCAAGTTTAGGA-1",0
"CAGATCACAATAACGA-1",3.5072888212439
"CAGATCACACACCGAC-1",5.48332951432592
"CAGATCACACGGTAAG-1",0
"CAGATCACACTCTGTC-1",0
"CAGATCACAGCATACT-1",0
"CAGATCACAGTGGGAT-1",0
"CAGATCAGTACCAGTT-1",0
"CAGATCAGTGCGGTAA-1",4.80694014695986
"CAGATCATCTGATTCT-1",0
"CAGCAGCAGATGCCAG-1",0
"CAGCAGCAGGGAACGG-1",2.07429610670219
"CAGCAGCCACCTATCC-1",0
"CAGCAGCCATCACAAC-1",0
"CAGCAGCTCAACACTG-1",0
"CAGCAGCTCGAACTGT-1",9.55675207595688
"CAGCAGCTCGCCGTGA-1",0
"CAGCATAAGAGACGAA-1",7.29094809789236
"CAGCATAGTCTAGGTT-1",1.47641779932178
"CAGCATAGTTTACTCT-1",1.5724110491452
"CAGCATATCACGAAGG-1",0
"CAGCATATCAGGCAAG-1",0
"CAGCATATCCTTAATC-1",2.81009534174517
"CAGCCGAAGCATCATC-1",0
"CAGCCGAAGTTTCCTT-1",3.593648277467
"CAGCCGACACGTGAGA-1",1.47641779932178
"CAGCCGACATCAGTCA-1",0
"CAGCCGAGTGATGTCT-1",0
"CAGCCGATCACCAGGC-1",1.74656133085108
"CAGCCGATCCTCAATT-1",4.05336704721763
"CAGCGACAGAAACGCC-1",1.73186132764699
"CAGCGACAGCGTCAAG-1",0
"CAGCGACCAAACGTGG-1",7.229890845177
"CAGCGACCAAAGCGGT-1",0
"CAGCGACCACGTCAGC-1",0
"CAGCGACCATGGGACA-1",0
"CAGCGACGTCTGATTG-1",6.73892344048348
"CAGCGACGTGGACGAT-1",0
"CAGCGACGTGGTTTCA-1",0
"CAGCGACGTTCGGCAC-1",3.84101293024768
"CAGCGACTCCGCAAGC-1",0
"CAGCGACTCTGGGCCA-1",0
"CAGCTAAAGATGTGTA-1",0
"CAGCTAAAGCAGACTG-1",1.48586893971067
"CAGCTAAAGCTGTTCA-1",0
"CAGCTAAAGGAGCGTT-1",1.70335857875318
"CAGCTAACACAGATTC-1",7.58027808871831
"CAGCTAACATCAGTAC-1",0
"CAGCTAAGTAATCGTC-1",1.75838777152377
"CAGCTAAGTCTCACCT-1",0
"CAGCTAAGTTCGTCTC-1",0
"CAGCTAATCCACGCAG-1",4.89728977465415
"CAGCTAATCCCTAACC-1",0
"CAGCTAATCTGGTTCC-1",0
"CAGCTAATCTTAGCCC-1",1.5293831535913
"CAGCTAATCTTCGGTC-1",0
"CAGCTGGAGACACTAA-1",0
"CAGCTGGAGATCCTGT-1",0
"CAGCTGGCACCAACCG-1",1.82895755035911
"CAGCTGGCAGTGGAGT-1",0
"CAGCTGGCATGCATGT-1",0
"CAGCTGGTCTACCTGC-1",1.62596052042962
"CAGGTGCAGAGACGAA-1",0
"CAGGTGCAGATCCTGT-1",0
"CAGGTGCAGGCATGTG-1",1.94883010990704
"CAGGTGCCAGGAACGT-1",0
"CAGGTGCCATAGTAAG-1",1.5724110491452
"CAGGTGCCATCGGAAG-1",0
"CAGGTGCTCAGTTGAC-1",0
"CAGGTGCTCCAAGTAC-1",0
"CAGGTGCTCTTGTATC-1",5.60383303719104
"CAGTAACAGATATGGT-1",8.08264747143016
"CAGTAACAGATGGCGT-1",2.81009534174517
"CAGTAACCAATCACAC-1",0
"CAGTAACCACTCGACG-1",0
"CAGTAACGTGATAAGT-1",0
"CAGTAACGTGCACCAC-1",0
"CAGTAACTCAGAGGTG-1",0
"CAGTAACTCGTACGGC-1",0
"CAGTAACTCGTGACAT-1",0
"CAGTAACTCTGCCAGG-1",0
"CAGTCCTAGAATCTCC-1",0
"CAGTCCTAGATCTGCT-1",0
"CAGTCCTCAGTATAAG-1",0
"CAGTCCTTCAACACGT-1",3.43263531666218
"CAGTCCTTCCATGAGT-1",0
"CAGTCCTTCCCGACTT-1",0
"CAGTCCTTCCCTTGTG-1",3.593648277467
"CAGTCCTTCGAACGGA-1",1.43973441589081
"CAGTCCTTCGGTTCGG-1",0
"CAGTCCTTCTACTTAC-1",0
"CATATGGAGAGATGAG-1",0
"CATATGGAGGCATGGT-1",0
"CATATGGAGTATTGGA-1",0
"CATATGGCAAGCGTAG-1",1.50058699183651
"CATATGGGTCGCATAT-1",0
"CATATGGTCATTATCC-1",0
"CATATGGTCATTGCGA-1",0
"CATATTCCACCACCAG-1",0
"CATATTCGTGACTACT-1",0
"CATATTCGTGGTACAG-1",0
"CATATTCGTGTGACGA-1",3.56581367957334
"CATATTCTCACAGGCC-1",0
"CATATTCTCGCAAACT-1",0
"CATCAAGAGAACTCGG-1",0
"CATCAAGAGATGGCGT-1",0
"CATCAAGAGCCGCCTA-1",0
"CATCAAGCACGAAACG-1",0
"CATCAAGCAGCCTTTC-1",0
"CATCAAGCATGGAATA-1",3.15001906754056
"CATCAAGGTTACTGAC-1",5.71212937285212
"CATCAAGGTTCCATGA-1",1.80183004779165
"CATCAAGTCTAAGCCA-1",3.86011115322974
"CATCAAGTCTGACCTC-1",0
"CATCAGAAGCTAGTCT-1",4.6991385162664
"CATCAGACAAGCCATT-1",6.16729614275237
"CATCAGACAATGACCT-1",2.18969623684201
"CATCAGACACGGCCAT-1",1.80691893083543
"CATCAGACAGACAGGT-1",7.63455804677787
"CATCAGACATAACCTG-1",0
"CATCAGAGTAATTGGA-1",3.56581367957334
"CATCAGAGTACATGTC-1",0
"CATCAGAGTGTTAAGA-1",0
"CATCAGAGTTCAACCA-1",0
"CATCAGATCGTTGACA-1",1.67527766992964
"CATCCACGTAAAGTCA-1",0
"CATCCACGTACCGTAT-1",2.81009534174517
"CATCCACGTGCCTGTG-1",1.39979475577479
"CATCCACGTTTAAGCC-1",0
"CATCGAAAGAGTACAT-1",0
"CATCGAAAGCTGTCTA-1",0
"CATCGAACAAGAGGCT-1",1.58462702995753
"CATCGAACAAGCTGAG-1",0
"CATCGAACACATTTCT-1",3.46888529472939
"CATCGAACATAAAGGT-1",1.58032559746718
"CATCGAAGTAGTACCT-1",0
"CATCGAAGTCCGACGT-1",0
"CATCGAAGTGCACTTA-1",1.71447050547872
"CATCGAATCAAACCAC-1",0
"CATCGAATCCGCGGTA-1",2.14626690973484
"CATCGAATCCGTAGTA-1",2.32235164265114
"CATCGGGAGAAGCCCA-1",1.87702456431488
"CATCGGGAGCGAGAAA-1",3.37260311314866
"CATCGGGAGGGTGTGT-1",1.84717530836962
"CATCGGGAGGTGTTAA-1",1.71260611304887
"CATCGGGAGTGACTCT-1",1.81893505460702
"CATCGGGCACTCAGGC-1",0
"CATCGGGCAGACGCTC-1",3.96100074801841
"CATCGGGCATCACAAC-1",3.84101293024768
"CATCGGGGTCCTCTTG-1",0
"CATCGGGGTGAGGGAG-1",3.32639008770664
"CATCGGGGTTCGAATC-1",0
"CATCGGGTCAGGATCT-1",0
"CATCGGGTCCACGAAT-1",0
"CATCGGGTCGATGAGG-1",0
"CATGACAAGACCACGA-1",0
"CATGACAAGCTCCTCT-1",0
"CATGACAAGTAACCCT-1",1.43973441589081
"CATGACAAGTATCTCG-1",1.42349176764663
"CATGACAGTCGTCTTC-1",2.18969623684201
"CATGACAGTGAACCTT-1",0
"CATGACATCAATAAGG-1",2.32235164265114
"CATGACATCTAACTGG-1",2.87506114583971
"CATGCCTAGACCTAGG-1",3.43263531666218
"CATGCCTAGAGTCTGG-1",0
"CATGCCTCACCACCAG-1",0
"CATGCCTGTCAAAGCG-1",0
"CATGCCTGTCGATTGT-1",7.58027808871831
"CATGCCTTCCACGACG-1",0
"CATGCCTTCCTCATTA-1",2.08409291695351
"CATGCCTTCGCATGAT-1",2.2029337810686
"CATGGCGAGAGCTGGT-1",0
"CATGGCGAGTACGACG-1",0
"CATGGCGTCCAAAGTC-1",0
"CATGGCGTCCCTTGTG-1",0
"CATGGCGTCGGCCGAT-1",2.2662366553995
"CATGGCGTCTCAAACG-1",0
"CATGGCGTCTGCCCTA-1",0
"CATTATCAGACCCACC-1",0
"CATTATCAGTCCCACG-1",7.17838019124456
"CATTATCCAAGTCTGT-1",0
"CATTATCCAGGGCATA-1",0
"CATTATCGTCAATGTC-1",0
"CATTATCTCACAAACC-1",0
"CATTATCTCAGATAAG-1",4.89728977465415
"CATTATCTCGCGTTTC-1",0
"CATTATCTCGTTGCCT-1",0
"CATTATCTCTATCCCG-1",3.74760254370371
"CATTATCTCTTAACCT-1",0
"CATTCGCAGGTGCTAG-1",0
"CATTCGCCAAGGGTCA-1",0
"CATTCGCCAGCCTATA-1",0
"CATTCGCCATACAGCT-1",0
"CATTCGCCATGGATGG-1",0
"CATTCGCCATGTCTCC-1",0
"CATTCGCCATTCACTT-1",0
"CATTCGCGTAGCACGA-1",0
"CATTCGCTCATCACCC-1",1.71148987556376
"CCAATCCAGACCACGA-1",0
"CCAATCCAGATATGGT-1",1.43973441589081
"CCAATCCAGTCGAGTG-1",0
"CCAATCCAGTCGTTTG-1",0
"CCAATCCAGTTTAGGA-1",1.94883010990704
"CCAATCCCAAGCGAGT-1",0
"CCAATCCTCGGACAAG-1",1.71260611304887
"CCACCTAAGGATGGTC-1",0
"CCACCTAAGTCGAGTG-1",3.86141616929398
"CCACCTAAGTGGGATC-1",3.52757407410417
"CCACCTAAGTGTGGCA-1",1.80691893083543
"CCACCTACAACAACCT-1",0
"CCACCTACAAGCCGCT-1",0
"CCACCTACAATCTACG-1",1.75838777152377
"CCACCTAGTAGTACCT-1",0
"CCACCTAGTCGCGTGT-1",0
"CCACCTAGTGGGTCAA-1",0
"CCACCTATCAGTTGAC-1",4.05336704721763
"CCACCTATCTGATACG-1",0
"CCACGGAAGGGAACGG-1",1.5293831535913
"CCACGGACATGTCGAT-1",0
"CCACGGAGTAAGGGCT-1",3.59508776145202
"CCACGGAGTCAGATAA-1",0
"CCACGGAGTCCGTGAC-1",0
"CCACGGAGTGTAATGA-1",1.82764235530237
"CCACGGAGTTCTGAAC-1",7.63455804677787
"CCACGGATCACATAGC-1",8.14467363714737
"CCACGGATCCACGTGG-1",3.46888529472939
"CCACGGATCTACTATC-1",7.47265915900338
"CCACGGATCTAGAGTC-1",0
"CCACTACAGAGTACCG-1",0
"CCACTACAGCTTTGGT-1",3.43397085354372
"CCACTACCAGCAGTTT-1",0
"CCACTACCAGTAGAGC-1",0
"CCACTACGTCCGAATT-1",0
"CCACTACGTCTCAACA-1",0
"CCACTACGTGACAAAT-1",0
"CCACTACGTGACCAAG-1",1.80691893083543
"CCACTACGTGCACGAA-1",0
"CCACTACTCACTCTTA-1",0
"CCACTACTCCGCATCT-1",0
"CCACTACTCGGAAATA-1",0
"CCACTACTCTCGTATT-1",0
"CCACTACTCTCGTTTA-1",1.62596052042962
"CCAGCGAAGCCCAACC-1",0
"CCAGCGACATCGGGTC-1",1.47641779932178
"CCAGCGACATGTCCTC-1",1.81850243568804
"CCAGCGAGTAGGCATG-1",0
"CCAGCGAGTCCGTTAA-1",0
"CCAGCGATCAGAAATG-1",2.54020282537296
"CCATGTCAGCGATCCC-1",1.57210853934006
"CCATGTCAGGTCGGAT-1",0
"CCATGTCAGGTTACCT-1",1.51704163256299
"CCATGTCCAAGCTGGA-1",0
"CCATGTCCACATCCGG-1",1.70335857875318
"CCATGTCGTCCAGTAT-1",3.98203502551608
"CCATGTCTCCAAGTAC-1",2.2662366553995
"CCATGTCTCTTGTATC-1",1.50058699183651
"CCATTCGCAGTACACT-1",1.39979475577479
"CCATTCGCAGTTTACG-1",0
"CCATTCGGTAATCGTC-1",0
"CCATTCGGTATTACCG-1",0
"CCCAATCAGTCACGCC-1",5.72735828218801
"CCCAATCCAGGTGGAT-1",3.5072888212439
"CCCAATCGTGAAGGCT-1",0
"CCCAATCGTTGGAGGT-1",1.81850243568804
"CCCAATCTCACATGCA-1",0
"CCCAATCTCCAGTATG-1",3.52757407410417
"CCCAATCTCGGAGCAA-1",0
"CCCAGTTAGAATAGGG-1",0
"CCCAGTTAGATCCCGC-1",3.17586466176615
"CCCAGTTAGCGTGAAC-1",3.58038314306806
"CCCAGTTAGGAATCGC-1",0
"CCCAGTTAGTCCGGTC-1",0
"CCCAGTTAGTTTGCGT-1",1.94883010990704
"CCCAGTTGTACATGTC-1",0
"CCCAGTTGTCTGCAAT-1",0
"CCCAGTTTCTGAAAGA-1",0
"CCCATACAGGGTTCCC-1",0
"CCCATACAGTGTTTGC-1",1.75838777152377
"CCCATACCAAAGGTGC-1",0
"CCCATACCAACACCCG-1",0
"CCCATACCAGCAGTTT-1",0
"CCCATACGTATTACCG-1",1.55156609912805
"CCCATACGTCAATACC-1",3.37260311314866
"CCCATACGTCTAGTCA-1",1.62596052042962
"CCCATACGTTGAGTTC-1",6.73892344048348
"CCCATACTCAATAAGG-1",0
"CCCATACTCAGCGACC-1",3.32639008770664
"CCCATACTCATCACCC-1",0
"CCCATACTCCGTAGGC-1",1.55156609912805
"CCCTCCTAGGAATCGC-1",1.39979475577479
"CCCTCCTCAGCTTAAC-1",0
"CCCTCCTCATATGAGA-1",0
"CCCTCCTCATCACGTA-1",1.5293831535913
"CCCTCCTGTATGGTTC-1",0
"CCCTCCTGTTAGATGA-1",0
"CCCTCCTTCAATCACG-1",1.74149763444717
"CCCTCCTTCCGCAGTG-1",0
"CCGGGATAGCTTCGCG-1",0
"CCGGGATAGGCGACAT-1",0
"CCGGGATAGGCTAGGT-1",1.49896467357776
"CCGGGATCACAGTCGC-1",0
"CCGGGATGTATAGGTA-1",3.52599317573573
"CCGGGATTCAGAGCTT-1",0
"CCGGGATTCGCTAGCG-1",1.82895755035911
"CCGGGATTCGCTTGTC-1",0
"CCGGTAGAGCGTCTAT-1",0
"CCGGTAGAGTACGCCC-1",1.80521862260206
"CCGGTAGCACATAACC-1",0
"CCGGTAGCACGCATCG-1",0
"CCGGTAGGTACTTCTT-1",1.86724712895827
"CCGGTAGGTCAAACTC-1",0
"CCGGTAGTCGTCCGTT-1",1.49896467357776
"CCGTACTAGAGAACAG-1",1.6609657208989
"CCGTACTAGTCCGTAT-1",0
"CCGTACTCAAGCCCAC-1",0
"CCGTACTCAAGCGAGT-1",0
"CCGTACTCATCCCACT-1",0
"CCGTACTGTACAGCAG-1",3.34706701841035
"CCGTACTGTGCGGTAA-1",0
"CCGTACTTCGTTACAG-1",0
"CCGTGGAAGACGCACA-1",0
"CCGTGGAAGAGTTGGC-1",5.93545630254262
"CCGTGGAAGGTGATAT-1",1.5724110491452
"CCGTGGAAGGTTCCTA-1",0
"CCGTGGACAGCCTTGG-1",0
"CCGTGGAGTTCCATGA-1",1.7575931396333
"CCGTGGATCTAACTTC-1",0
"CCGTTCAAGCGTAATA-1",3.11969921950385
"CCGTTCAAGTACGATA-1",0
"CCGTTCAAGTAGATGT-1",3.51044988750684
"CCGTTCACAGGATCGA-1",1.82764235530237
"CCGTTCAGTATAGGGC-1",0
"CCGTTCAGTCGCGAAA-1",0
"CCGTTCATCGTACCGG-1",3.43263531666218
"CCTAAAGAGAGTTGGC-1",1.5293831535913
"CCTAAAGCAAACCTAC-1",0
"CCTAAAGCATGTCTCC-1",0
"CCTAAAGGTACTCAAC-1",0
"CCTAAAGGTCGGCACT-1",0
"CCTAAAGGTGTAATGA-1",1.47641779932178
"CCTAAAGTCACCGTAA-1",0
"CCTAAAGTCAGCGATT-1",1.49896467357776
"CCTAAAGTCGGCGCTA-1",0
"CCTAAAGTCGGTCCGA-1",0
"CCTACACAGGACCACA-1",3.5072888212439
"CCTACACAGGGTGTTG-1",1.67527766992964
"CCTACACCAGTAAGAT-1",1.94883010990704
"CCTACACGTATAGTAG-1",1.6609657208989
"CCTACACGTCCGAACC-1",0
"CCTACACGTGGGTCAA-1",4.3000490137941
"CCTACACGTTTGACTG-1",0
"CCTACACTCGGCGCTA-1",5.42911190670015
"CCTACACTCGTGACAT-1",0
"CCTACCAAGATAGGAG-1",2.54020282537296
"CCTACCAAGCAAATCA-1",1.63753974531612
"CCTACCAAGCGTAGTG-1",0
"CCTACCAAGTGCGATG-1",0
"CCTACCAGTATCAGTC-1",1.97296240954775
"CCTACCAGTCTCTCTG-1",1.74149763444717
"CCTACCAGTCTTTCAT-1",3.5072888212439
"CCTACCATCAGCACAT-1",1.43973441589081
"CCTACCATCGCCAGCA-1",0
"CCTAGCTAGCAAATCA-1",2.54020282537296
"CCTAGCTAGCTCCTCT-1",0
"CCTAGCTAGGTTACCT-1",0
"CCTAGCTAGTACGCGA-1",0
"CCTAGCTCAATGAATG-1",4.3000490137941
"CCTAGCTCAATGGTCT-1",0
"CCTAGCTCACATCCAA-1",0
"CCTAGCTCAGCCAGAA-1",0
"CCTAGCTGTAGAAAGG-1",0
"CCTAGCTGTCACCCAG-1",8.14467363714737
"CCTAGCTGTCTGATTG-1",1.5293831535913
"CCTAGCTTCACGATGT-1",0
"CCTAGCTTCGTAGGAG-1",1.5293831535913
"CCTATTAAGAATTCCC-1",0
"CCTATTAAGCAGGCTA-1",0
"CCTATTAAGCAGGTCA-1",0
"CCTATTAAGGGAGTAA-1",0
"CCTATTAAGGTAGCCA-1",0
"CCTATTACACAACTGT-1",3.11969921950385
"CCTATTACACATCCGG-1",0
"CCTATTAGTCAATACC-1",0
"CCTATTATCATCACCC-1",0
"CCTATTATCTGCGACG-1",0
"CCTCAGTAGCTAACTC-1",2.2662366553995
"CCTCAGTCAGGTGGAT-1",0
"CCTCAGTGTCCATCCT-1",5.55946947725147
"CCTCAGTGTCCGACGT-1",0
"CCTCAGTGTCTTGTCC-1",3.11969921950385
"CCTCAGTGTGGGTATG-1",0
"CCTCTGAAGTATCGAA-1",0
"CCTCTGAAGTGGGTTG-1",0
"CCTCTGACAAGCTGTT-1",0
"CCTCTGACACCGATAT-1",0
"CCTCTGACAGATGAGC-1",0
"CCTCTGAGTCAATACC-1",1.5724110491452
"CCTCTGAGTCCGAACC-1",0
"CCTCTGAGTCGTGGCT-1",0
"CCTCTGAGTCTGATTG-1",0
"CCTTACGCAAGCGTAG-1",0
"CCTTACGCACCAACCG-1",0
"CCTTACGGTCATCCCT-1",0
"CCTTACGGTCCTCTTG-1",3.12650744056291
"CCTTACGTCACAACGT-1",0
"CCTTACGTCATCTGCC-1",0
"CCTTACGTCGGAGGTA-1",0
"CCTTCCCAGAGACTAT-1",0
"CCTTCCCAGCTAGGCA-1",0
"CCTTCCCAGGACGAAA-1",1.63753974531612
"CCTTCCCAGGGCATGT-1",0
"CCTTCCCAGGTACTCT-1",0
"CCTTCCCCATGATCCA-1",0
"CCTTCCCTCAAGGCTT-1",0
"CCTTCCCTCTATCCTA-1",1.84358453709264
"CCTTCCCTCTATCGCC-1",1.80183004779165
"CCTTCGAAGGCGCTCT-1",1.95922753715815
"CCTTCGACAACACCCG-1",1.82764235530237
"CCTTCGACAGCGATCC-1",0
"CCTTCGAGTAAGCACG-1",1.94883010990704
"CCTTCGAGTCCATGAT-1",3.11969921950385
"CCTTCGAGTGTGACCC-1",7.63455804677787
"CCTTCGAGTTGGTGGA-1",0
"CCTTCGATCACAGTAC-1",0
"CCTTCGATCCTATGTT-1",1.47641779932178
"CCTTCGATCGCACTCT-1",0
"CCTTTCTAGACGCTTT-1",1.42349176764663
"CCTTTCTAGGGCACTA-1",0
"CCTTTCTAGTGGAGTC-1",3.66331584921335
"CCTTTCTCAGACAAGC-1",0
"CCTTTCTCATCACGAT-1",4.3000490137941
"CCTTTCTCATGCCCGA-1",0
"CCTTTCTTCCCACTTG-1",0
"CCTTTCTTCTTTACGT-1",0
"CGAACATCACATGACT-1",1.55156609912805
"CGAACATCACTTGGAT-1",0
"CGAACATCAGTCCTTC-1",0
"CGAACATGTCTGATTG-1",1.87702456431488
"CGAACATGTGCTGTAT-1",1.81893505460702
"CGAACATTCTCAAACG-1",7.58027808871832
"CGAATGTAGAGGTTAT-1",2.2662366553995
"CGAATGTAGCGATAGC-1",0
"CGAATGTAGTTCGCAT-1",0
"CGAATGTCAATGCCAT-1",7.17838019124456
"CGAATGTGTCTAGTCA-1",1.81893505460702
"CGAATGTGTCTCACCT-1",0
"CGAATGTTCAACACAC-1",3.56581367957334
"CGAATGTTCATCACCC-1",1.84717530836962
"CGAATGTTCTGTACGA-1",0
"CGACCTTAGCTACCGC-1",0
"CGACCTTAGCTAGTCT-1",0
"CGACCTTCAAAGTGCG-1",3.52599317573573
"CGACCTTCACGAAATA-1",0
"CGACCTTGTAAGTGTA-1",0
"CGACCTTGTCAGAATA-1",1.6609657208989
"CGACCTTGTCTCCCTA-1",0
"CGACCTTGTCTCTTAT-1",0
"CGACCTTTCCGCGTTT-1",3.64536684184138
"CGACCTTTCGTTTATC-1",0
"CGACCTTTCTCCAGGG-1",0
"CGACTTCAGACACGAC-1",1.55156609912805
"CGACTTCAGGTAGCCA-1",0
"CGACTTCAGTCTTGCA-1",5.72735828218801
"CGACTTCCAATGGACG-1",0
"CGACTTCGTGGTGTAG-1",0
"CGACTTCGTTGAGTTC-1",0
"CGACTTCTCACTTACT-1",1.33220776882673
"CGACTTCTCTCGCTTG-1",0
"CGAGAAGAGAAACGCC-1",0
"CGAGAAGAGCCAACAG-1",1.49896467357776
"CGAGAAGAGCGTGTCC-1",0
"CGAGAAGCAAGTTCTG-1",0
"CGAGAAGCACATCCGG-1",0
"CGAGAAGCAGGCTGAA-1",0
"CGAGAAGTCGGATGGA-1",0
"CGAGCACAGCCAGAAC-1",1.71148987556376
"CGAGCACCACATGTGT-1",3.58038314306806
"CGAGCACGTAGCGTCC-1",0
"CGAGCACGTAGCGTGA-1",1.55156609912805
"CGAGCACGTCAGATAA-1",0
"CGAGCACGTGCCTTGG-1",0
"CGAGCACTCCCGGATG-1",0
"CGAGCACTCCGCTGTT-1",1.87702456431488
"CGAGCACTCGTGACAT-1",0
"CGAGCCAAGCTAGCCC-1",2.2662366553995
"CGAGCCAGTATATCCG-1",0
"CGAGCCAGTCAAGCGA-1",0
"CGATCGGAGAGCCTAG-1",0
"CGATCGGAGTACGATA-1",3.86141616929398
"CGATCGGCAAACGCGA-1",3.04520606668971
"CGATCGGCAAGCGATG-1",0
"CGATCGGCAATACGCT-1",1.8409030527332
"CGATCGGCAGTTAACC-1",0
"CGATCGGCATACTCTT-1",1.63753974531612
"CGATCGGGTCGACTGC-1",0
"CGATCGGTCAACGGGA-1",3.43397085354372
"CGATCGGTCTAGCACA-1",0
"CGATGGCAGCCGTCGT-1",0
"CGATGGCAGTCCAGGA-1",0
"CGATGGCCACTTAACG-1",1.64021460899844
"CGATGGCCAGCGTAAG-1",0
"CGATGGCCATCATCCC-1",0
"CGATGGCTCCTAGAAC-1",0
"CGATGGCTCGCTAGCG-1",0
"CGATGGCTCTGACCTC-1",0
"CGATGTAAGGCAATTA-1",0
"CGATGTAAGTTTGCGT-1",0
"CGATGTACACAGGCCT-1",0
"CGATGTACAGGTCTCG-1",3.61973832154734
"CGATGTAGTCCAGTGC-1",3.84101293024768
"CGATGTAGTCTAGGTT-1",0
"CGATGTAGTGTGCCTG-1",1.84358453709264
"CGATGTAGTTTGCATG-1",0
"CGATTGAAGATGTGGC-1",3.46888529472939
"CGATTGACAGACGCAA-1",1.48586893971067
"CGATTGAGTATGGTTC-1",3.91891976366543
"CGATTGAGTTCAGACT-1",1.80691893083543
"CGATTGATCATGGTCA-1",0
"CGATTGATCTGCGGCA-1",0
"CGCCAAGAGAATGTTG-1",3.593648277467
"CGCCAAGAGACCTTTG-1",0
"CGCCAAGAGATCGGGT-1",0
"CGCCAAGAGATCTGAA-1",0
"CGCCAAGAGCGTGTCC-1",1.64021460899844
"CGCCAAGGTCTAGGTT-1",3.64536684184138
"CGCCAAGTCAGGATCT-1",3.91891976366543
"CGCCAAGTCCACTCCA-1",0
"CGCCAAGTCTTGTTTG-1",0
"CGCGGTAAGCTAGCCC-1",0
"CGCGGTAAGGGTTCCC-1",2.32235164265114
"CGCGGTACAAACTGCT-1",3.86141616929398
"CGCGGTACAATGGAAT-1",0
"CGCGGTACAGCTGTTA-1",1.71260611304887
"CGCGGTAGTCAAGCGA-1",0
"CGCGGTAGTGAGGCTA-1",0
"CGCGGTAGTTTGCATG-1",0
"CGCGTTTAGTTATCGC-1",0
"CGCGTTTCAACAACCT-1",1.5293831535913
"CGCGTTTCAAGCGAGT-1",1.48586893971067
"CGCGTTTCAATGGACG-1",3.43263531666218
"CGCGTTTCACGGTGTC-1",1.6132890083362
"CGCGTTTGTGCTGTAT-1",1.64021460899844
"CGCGTTTGTGGACGAT-1",0
"CGCGTTTTCAAACCGT-1",5.37914485191554
"CGCGTTTTCAGCCTAA-1",0
"CGCGTTTTCCTATGTT-1",2.2029337810686
"CGCGTTTTCGTGGTCG-1",0
"CGCTATCAGAAACCGC-1",3.86442306568601
"CGCTATCAGTCATCCA-1",0
"CGCTATCCAAGCGAGT-1",0
"CGCTATCCAGTCGATT-1",1.7575931396333
"CGCTATCCATCGACGC-1",0
"CGCTATCCATTTCAGG-1",4.89728977465415
"CGCTATCGTACCGAGA-1",0
"CGCTATCGTTCGAATC-1",0
"CGCTATCGTTTCGCTC-1",1.43973441589081
"CGCTATCTCGTTACAG-1",1.7575931396333
"CGCTGGAAGGACATTA-1",1.74656133085108
"CGCTGGAAGGGCACTA-1",0
"CGCTGGAAGGTGATAT-1",3.43263531666218
"CGCTGGACAGACTCGC-1",5.48332951432592
"CGCTGGAGTGTAATGA-1",0
"CGCTGGAGTTCTGGTA-1",0
"CGCTGGATCCGAAGAG-1",6.43645791581705
"CGCTGGATCCGTTGCT-1",0
"CGCTGGATCGTAGGAG-1",0
"CGCTGGATCGTTACAG-1",1.87702456431488
"CGCTTCAAGAAGGGTA-1",1.5724110491452
"CGCTTCAAGGTCGGAT-1",1.85623049348733
"CGCTTCACACGGTGTC-1",1.95922753715815
"CGCTTCACAGACAAGC-1",4.89728977465415
"CGCTTCACATCACCCT-1",1.33220776882673
"CGCTTCAGTCGCGGTT-1",0
"CGCTTCATCTTAGAGC-1",2.34582842317609
"CGGACACAGCGATATA-1",5.54351108928617
"CGGACACAGCGATGAC-1",1.47641779932178
"CGGACACAGCTTCGCG-1",5.37914485191554
"CGGACACAGGTAAACT-1",3.86442306568601
"CGGACACAGTAGCCGA-1",3.86442306568601
"CGGACACCACAGGAGT-1",2.14626690973484
"CGGACACCATTCACTT-1",0
"CGGACACGTGAGCGAT-1",5.71212937285212
"CGGACACGTGCTCTTC-1",0
"CGGACACGTGTGACCC-1",0
"CGGACGTAGGTTACCT-1",0
"CGGACGTCATGGGACA-1",3.52599317573573
"CGGACGTGTGAAAGAG-1",1.7575931396333
"CGGACGTGTTGGTAAA-1",0
"CGGACGTTCATGTGGT-1",1.80691893083543
"CGGACGTTCTGTCCGT-1",0
"CGGACTGAGGAGCGAG-1",3.91891976366543
"CGGACTGAGGAGTCTG-1",0
"CGGACTGAGTGGTAGC-1",3.84101293024768
"CGGACTGCAACTTGAC-1",0
"CGGACTGCAATGACCT-1",0
"CGGACTGCACAACGTT-1",0
"CGGACTGCACGCCAGT-1",0
"CGGACTGCAGTATGCT-1",7.229890845177
"CGGACTGGTAAAGGAG-1",3.43263531666218
"CGGACTGGTATAAACG-1",0
"CGGACTGGTGTAAGTA-1",0
"CGGACTGGTGTGGTTT-1",0
"CGGACTGGTTGACGTT-1",1.73377801007416
"CGGACTGTCCATGCTC-1",0
"CGGACTGTCCGTCAAA-1",1.77569188836057
"CGGACTGTCGTTTGCC-1",3.32639008770664
"CGGAGCTAGTTTAGGA-1",0
"CGGAGCTGTAGAAAGG-1",1.48586893971067
"CGGAGCTTCACTTATC-1",0
"CGGAGCTTCATGTAGC-1",1.8409030527332
"CGGAGCTTCCACGAAT-1",3.66331584921335
"CGGAGTCAGTGCGATG-1",0
"CGGAGTCAGTGTGAAT-1",0
"CGGAGTCCAGTGGGAT-1",0
"CGGAGTCCATTATCTC-1",0
"CGGAGTCGTAGCTGCC-1",3.86442306568601
"CGGAGTCGTGTTCGAT-1",3.51044988750684
"CGGAGTCTCCCAGGTG-1",3.5072888212439
"CGGAGTCTCCGTAGTA-1",3.52757407410417
"CGGCTAGAGAAACGCC-1",0
"CGGCTAGAGCACCGTC-1",0
"CGGCTAGAGCTAAACA-1",2.09714111877924
"CGGCTAGCAGACAAAT-1",3.74760254370371
"CGGCTAGGTAACGCGA-1",8.08264747143016
"CGGCTAGGTTCATGGT-1",0
"CGGCTAGTCAAAGACA-1",0
"CGGCTAGTCGTGGGAA-1",1.82895755035911
"CGGCTAGTCTTGTTTG-1",3.5072888212439
"CGGGTCAAGAGTCGGT-1",1.33220776882673
"CGGGTCAAGCACACAG-1",0
"CGGGTCAAGCTAACTC-1",1.94883010990704
"CGGGTCAAGGACACCA-1",0
"CGGGTCAAGTATGACA-1",1.63753974531612
"CGGGTCACAATGACCT-1",1.51704163256299
"CGGGTCACACCGAAAG-1",0
"CGGGTCACAGCCACCA-1",0
"CGGGTCACATACAGCT-1",3.593648277467
"CGGGTCACATCCTTGC-1",0
"CGGGTCAGTAGCGCTC-1",1.71148987556376
"CGGGTCAGTCGATTGT-1",0
"CGGGTCAGTGCAACTT-1",5.37914485191554
"CGGGTCAGTTGTTTGG-1",1.47641779932178
"CGGGTCATCAACACCA-1",0
"CGGGTCATCACCTTAT-1",0
"CGGGTCATCCACGACG-1",0
"CGGTTAACAGGACCCT-1",1.68558462127767
"CGGTTAACATGTCCTC-1",0
"CGGTTAACATTCCTGC-1",1.7575931396333
"CGGTTAAGTCGACTGC-1",0
"CGGTTAATCCGGCACA-1",0
"CGGTTAATCCTTTCGG-1",1.75838777152377
"CGGTTAATCTTATCTG-1",0
"CGTAGCGAGATGTAAC-1",0
"CGTAGCGAGGCAATTA-1",1.84717530836962
"CGTAGCGCAAGCGCTC-1",2.2029337810686
"CGTAGCGTCCAACCAA-1",0
"CGTAGCGTCGGCGGTT-1",1.80183004779165
"CGTAGGCAGGGCTCTC-1",1.82589247559751
"CGTAGGCCAAGCGATG-1",1.71148987556376
"CGTAGGCCACTAAGTC-1",1.70409385603583
"CGTAGGCCAGAGTGTG-1",0
"CGTAGGCCATCCCATC-1",0
"CGTAGGCGTATTAGCC-1",1.63753974531612
"CGTAGGCGTCAATACC-1",0
"CGTAGGCGTGGCGAAT-1",1.67527766992964
"CGTAGGCTCCAGAAGG-1",0
"CGTCACTAGTCATGCT-1",0
"CGTCACTCAAAGCGGT-1",5.72735828218801
"CGTCACTCAGGTCCAC-1",0
"CGTCACTCAGTCACTA-1",7.63455804677787
"CGTCACTTCCTTGACC-1",0
"CGTCACTTCGGTGTTA-1",0
"CGTCACTTCTGTGCAA-1",0
"CGTCACTTCTTGAGAC-1",1.53507218954632
"CGTCAGGAGCTGTTCA-1",7.63455804677787
"CGTCAGGCAAAGCAAT-1",1.77569188836057
"CGTCAGGCAAAGCGGT-1",0
"CGTCAGGCAACACGCC-1",0
"CGTCAGGCATCCGCGA-1",1.49896467357776
"CGTCAGGGTCAGCTAT-1",1.75838777152377
"CGTCAGGGTCGTTGTA-1",3.51762029077686
"CGTCAGGGTGTAAGTA-1",3.52757407410417
"CGTCAGGTCCACTGGG-1",0
"CGTCAGGTCGACAGCC-1",0
"CGTCAGGTCGGGAGTA-1",1.71148987556376
"CGTCCATAGACCACGA-1",2.87506114583971
"CGTCCATAGCGATTCT-1",0
"CGTCCATAGGCTATCT-1",0
"CGTCCATAGTCTCAAC-1",0
"CGTCCATCACGACTCG-1",2.2662366553995
"CGTCCATCATTCACTT-1",3.5072888212439
"CGTCCATGTCTAGCGC-1",0
"CGTCCATGTGATAAAC-1",0
"CGTCCATGTTTGGGCC-1",1.75838777152377
"CGTCCATGTTTGTGTG-1",3.56581367957334
"CGTCCATTCAACACCA-1",0
"CGTCCATTCATTCACT-1",0
"CGTCTACAGTGCGTGA-1",1.84717530836962
"CGTCTACGTAGTAGTA-1",0
"CGTCTACTCGAGCCCA-1",0
"CGTCTACTCGCCATAA-1",0
"CGTCTACTCGGCCGAT-1",0
"CGTCTACTCGTCCAGG-1",0
"CGTGAGCAGATCTGAA-1",0
"CGTGAGCAGCAATCTC-1",3.37260311314866
"CGTGAGCAGCGGATCA-1",3.15001906754056
"CGTGAGCAGCTAGTGG-1",0
"CGTGAGCAGCTTCGCG-1",1.84358453709264
"CGTGAGCAGGGCACTA-1",2.07551397826316
"CGTGAGCAGGGTGTGT-1",0
"CGTGAGCAGTGGAGAA-1",0
"CGTGAGCCAAGCCGCT-1",0
"CGTGAGCCACGTAAGG-1",1.77569188836057
"CGTGAGCCATACGCCG-1",1.82895755035911
"CGTGAGCGTAGATTAG-1",0
"CGTGAGCGTCTCTTAT-1",1.64021460899844
"CGTGAGCTCACAAACC-1",1.42349176764663
"CGTGAGCTCCAAATGC-1",5.51561241257483
"CGTGAGCTCCGAGCCA-1",0
"CGTGAGCTCGTTGCCT-1",0
"CGTGAGCTCTGGGCCA-1",1.63454315139715
"CGTGTAAAGATAGTCA-1",3.43397085354372
"CGTGTAAAGGTGTTAA-1",5.54351108928617
"CGTGTAAAGTACATGA-1",0
"CGTGTAACATGGGACA-1",0
"CGTGTAAGTGTCTGAT-1",0
"CGTGTAATCTACTATC-1",0
"CGTGTAATCTCGATGA-1",0
"CGTGTAATCTTTAGTC-1",0
"CGTGTCTAGGCGCTCT-1",0
"CGTGTCTAGGGATGGG-1",0
"CGTGTCTCAGACAAAT-1",4.80643948077247
"CGTGTCTCAGACACTT-1",1.64021460899844
"CGTGTCTGTAAGAGGA-1",0
"CGTGTCTGTATATGAG-1",0
"CGTGTCTGTCAAAGCG-1",0
"CGTGTCTGTTCCGTCT-1",1.80691893083543
"CGTGTCTTCAATCACG-1",0
"CGTGTCTTCAGAGGTG-1",3.66331584921335
"CGTGTCTTCATAGCAC-1",0
"CGTGTCTTCCGAACGC-1",0
"CGTGTCTTCGGCATCG-1",0
"CGTGTCTTCGTGGACC-1",0
"CGTGTCTTCTACTTAC-1",3.37260311314866
"CGTGTCTTCTGAGTGT-1",1.43973441589081
"CGTTAGAAGATCTGAA-1",0
"CGTTAGAAGGCCCTTG-1",1.62596052042962
"CGTTAGACACGAAAGC-1",1.6609657208989
"CGTTAGACAGCTTCGG-1",0
"CGTTAGAGTTTAAGCC-1",0
"CGTTAGATCACTTATC-1",3.34706701841035
"CGTTAGATCAGCCTAA-1",0
"CGTTCTGAGAAGGGTA-1",0
"CGTTCTGAGTGAACAT-1",3.95606670818619
"CGTTCTGCAGCTCGCA-1",0
"CGTTCTGCATTGGCGC-1",5.72735828218801
"CGTTCTGGTGAGGGTT-1",1.47641779932178
"CGTTCTGTCTGATTCT-1",0
"CGTTGGGAGCTAGTTC-1",3.91891976366543
"CGTTGGGAGGATGCGT-1",0
"CGTTGGGCACATTAGC-1",0
"CGTTGGGCAGACAGGT-1",3.84101293024768
"CGTTGGGGTTCCCGAG-1",1.86770977587311
"CGTTGGGTCATGCTCC-1",0
"CGTTGGGTCCATGAAC-1",1.48586893971067
"CGTTGGGTCTACCAGA-1",0
"CTAACTTAGTCCTCCT-1",0
"CTAACTTCAATAGCAA-1",0
"CTAACTTCAATCGGTT-1",0
"CTAACTTGTGAGGCTA-1",0
"CTAACTTTCGTACGGC-1",1.68558462127767
"CTAACTTTCTGGCGTG-1",0
"CTAAGACAGGGAAACA-1",1.68558462127767
"CTAAGACAGTACATGA-1",1.33323532171794
"CTAAGACAGTTCGCGC-1",0
"CTAAGACCAAGTAATG-1",0
"CTAAGACCAGTAAGAT-1",1.70335857875318
"CTAAGACCATGCAATC-1",0
"CTAAGACGTAAGGATT-1",0
"CTAAGACGTATCAGTC-1",0
"CTAAGACGTCACCTAA-1",0
"CTAAGACTCGTTGCCT-1",0
"CTAAGACTCTTACCGC-1",0
"CTAAGACTCTTGAGGT-1",1.82895755035911
"CTAATGGAGCAATCTC-1",0
"CTAATGGAGCGCTCCA-1",0
"CTAATGGAGCTCCCAG-1",0
"CTAATGGAGCTGAAAT-1",0
"CTAATGGAGTTAGGTA-1",0
"CTAATGGCATGGAATA-1",0
"CTAATGGGTACCGCTG-1",3.11969921950385
"CTAATGGGTCTAGCGC-1",0
"CTAATGGGTGAGGGAG-1",0
"CTAATGGGTTGGTGGA-1",7.17838019124456
"CTAATGGTCATGCTCC-1",1.82895755035911
"CTAATGGTCCACTGGG-1",0
"CTAATGGTCCGTTGCT-1",1.57210853934006
"CTAATGGTCCTAGAAC-1",4.78456221893771
"CTACACCAGTGCGATG-1",3.15001906754056
"CTACACCCACGGACAA-1",0
"CTACACCGTAATAGCA-1",0
"CTACACCGTCTGATTG-1",0
"CTACACCGTTCGTCTC-1",1.47641779932178
"CTACACCTCAGAAATG-1",1.74149763444717
"CTACACCTCGGCTTGG-1",0
"CTACACCTCGGTCCGA-1",1.94883010990704
"CTACACCTCTCGCATC-1",0
"CTACACCTCTCTGCTG-1",1.33220776882673
"CTACATTAGATCACGG-1",0
"CTACATTCACTCGACG-1",8.08264747143016
"CTACATTCATTTCACT-1",1.33220776882673
"CTACATTGTGATGATA-1",2.2662366553995
"CTACATTGTTCGAATC-1",2.2662366553995
"CTACATTTCAACGCTA-1",5.72735828218801
"CTACATTTCGCCATAA-1",0
"CTACATTTCTAGCACA-1",0
"CTACCCACACAGAGGT-1",0
"CTACCCACACGACGAA-1",3.5072888212439
"CTACCCACATGGTTGT-1",5.64460857563241
"CTACCCAGTATCTGCA-1",0
"CTACCCAGTATGAATG-1",1.82764235530237
"CTACCCAGTCAGAAGC-1",3.64536684184138
"CTACCCAGTGTGACCC-1",0
"CTACCCAGTTATGTGC-1",1.63753974531612
"CTACCCATCTACGAGT-1",0
"CTACGTCAGGTGCAAC-1",0
"CTACGTCAGTGCGATG-1",0
"CTACGTCAGTTGTCGT-1",0
"CTACGTCCATATACCG-1",0
"CTACGTCGTATATGGA-1",0
"CTACGTCGTGTGGTTT-1",0
"CTACGTCTCAAAGTAG-1",1.82895755035911
"CTACGTCTCACGACTA-1",0
"CTACGTCTCACGGTTA-1",0
"CTACGTCTCCTAGAAC-1",1.6609657208989
"CTAGAGTAGCTGTCTA-1",0
"CTAGAGTAGGATCGCA-1",0
"CTAGAGTAGTCCATAC-1",5.78643224276848
"CTAGAGTCACATTAGC-1",0
"CTAGAGTCAGTATGCT-1",3.52599317573573
"CTAGAGTCATACTCTT-1",0
"CTAGAGTCATGTAAGA-1",2.07429610670219
"CTAGAGTGTGACCAAG-1",1.80183004779165
"CTAGAGTTCAACACCA-1",0
"CTAGAGTTCCGTCAAA-1",0
"CTAGAGTTCCTAAGTG-1",0
"CTAGAGTTCGCCAGCA-1",4.80643948077247
"CTAGAGTTCGCTTAGA-1",0
"CTAGAGTTCGTGACAT-1",1.67527766992964
"CTAGAGTTCTGATTCT-1",0
"CTAGCCTCACCAGATT-1",1.81505080370736
"CTAGCCTGTATATCCG-1",0
"CTAGCCTGTGATGCCC-1",1.43973441589081
"CTAGCCTTCGGGAGTA-1",0
"CTAGTGAAGCTGGAAC-1",1.5724110491452
"CTAGTGAAGTGTACCT-1",4.973815910749
"CTAGTGACAAGTCTAC-1",3.95606670818619
"CTAGTGACAGGATCGA-1",0
"CTAGTGAGTTATGCGT-1",5.72735828218801
"CTAGTGATCAGTTGAC-1",1.5293831535913
"CTAGTGATCCAGTAGT-1",0
"CTCACACAGCTAAGAT-1",0
"CTCACACAGCTGCCCA-1",0
"CTCACACAGGATGCGT-1",1.95922753715815
"CTCACACCACGTAAGG-1",2.07551397826316
"CTCACACCACTGTTAG-1",0
"CTCACACCATATACGC-1",0
"CTCACACGTGCTGTAT-1",0
"CTCACACGTTCCATGA-1",0
"CTCACACGTTTGGGCC-1",6.73892344048348
"CTCACACTCACCGGGT-1",2.07429610670219
"CTCACACTCATCGGAT-1",0
"CTCACACTCCGCGCAA-1",0
"CTCACACTCTAACCGA-1",0
"CTCAGAAAGAGCTGCA-1",1.6609657208989
"CTCAGAAAGGAGTAGA-1",3.26949136862092
"CTCAGAACAACGCACC-1",1.71260611304887
"CTCAGAACAAGCGATG-1",0
"CTCAGAACAGGGCATA-1",1.74656133085108
"CTCAGAAGTGACGGTA-1",3.37107161980673
"CTCAGAATCTTAACCT-1",7.58027808871831
"CTCATTAAGAACTGTA-1",1.70409385603583
"CTCATTACATGGTCAT-1",0
"CTCATTAGTGTAACGG-1",1.48586893971067
"CTCATTAGTTTACTCT-1",4.78456221893771
"CTCCTAGCAAGTACCT-1",1.94883010990704
"CTCCTAGCAATTCCTT-1",0
"CTCCTAGCACTGTCGG-1",3.51044988750684
"CTCCTAGCAGTCCTTC-1",0
"CTCCTAGCATAACCTG-1",0
"CTCCTAGCATGCGCAC-1",0
"CTCCTAGGTAGAAAGG-1",3.58038314306806
"CTCCTAGGTCCGAGTC-1",1.62596052042962
"CTCCTAGGTCTAGCCG-1",0
"CTCCTAGGTGTTTGTG-1",0
"CTCCTAGGTTCGTGAT-1",2.2029337810686
"CTCCTAGGTTGTTTGG-1",1.82764235530237
"CTCCTAGTCACTTACT-1",0
"CTCCTAGTCTCATTCA-1",4.3000490137941
"CTCGAAAAGCCCAACC-1",0
"CTCGAAAAGCTATGCT-1",1.33220776882673
"CTCGAAAAGGCCCTTG-1",0
"CTCGAAAAGGGCTTCC-1",1.67527766992964
"CTCGAAACAAGCCGTC-1",0
"CTCGAAACACATTAGC-1",1.33220776882673
"CTCGAAACACCGAAAG-1",1.50058699183651
"CTCGAAACACGGCTAC-1",0
"CTCGAAACAGTAAGAT-1",1.63753974531612
"CTCGAGGAGCCATCGC-1",0
"CTCGAGGAGGGCTTCC-1",1.73186132764699
"CTCGAGGCAGATAATG-1",1.39979475577479
"CTCGAGGGTATTCTCT-1",0
"CTCGAGGGTGCCTGGT-1",0
"CTCGGAGAGTCCCACG-1",1.86401676145941
"CTCGGAGCACTTCTGC-1",6.73892344048348
"CTCGGAGCAGCTGCAC-1",0
"CTCGGAGCAGGATCGA-1",1.42349176764663
"CTCGGAGGTAGCCTAT-1",0
"CTCGGAGGTCATGCCG-1",1.71260611304887
"CTCGGAGTCAAACGGG-1",0
"CTCGGAGTCACATACG-1",1.5724110491452
"CTCGGAGTCAGCTTAG-1",0
"CTCGGGAAGACCTAGG-1",1.33220776882673
"CTCGGGACACAGCCCA-1",0
"CTCGGGACATAAAGGT-1",1.80691893083543
"CTCGGGACATCCCACT-1",0
"CTCGGGACATGTCGAT-1",0
"CTCGGGAGTCGCGTGT-1",0
"CTCGGGAGTGACTACT-1",0
"CTCGGGAGTTACGACT-1",0
"CTCGGGATCCGTACAA-1",1.57210853934006
"CTCGGGATCCTTGACC-1",1.84358453709264
"CTCGGGATCTTGTTTG-1",1.57210853934006
"CTCGTACAGCGATAGC-1",0
"CTCGTACCAGCGTAAG-1",1.82895755035911
"CTCGTACCATAGTAAG-1",0
"CTCGTACGTAGAGTGC-1",0
"CTCGTACGTATCACCA-1",4.85922849745367
"CTCGTACGTGCAGTAG-1",7.17838019124456
"CTCGTACTCAAAGTAG-1",1.6609657208989
"CTCGTACTCAATCTCT-1",0
"CTCGTACTCGTTGCCT-1",1.95922753715815
"CTCGTACTCTGGTTCC-1",3.593648277467
"CTCGTCAAGATGCCTT-1",0
"CTCGTCAAGTGGAGTC-1",0
"CTCGTCAAGTTTGCGT-1",0
"CTCGTCACAACGATCT-1",0
"CTCGTCACACATCCGG-1",0
"CTCGTCACAGTCGTGC-1",0
"CTCGTCAGTCTCATCC-1",0
"CTCGTCAGTCTCCATC-1",3.34706701841035
"CTCGTCAGTGAGCGAT-1",1.80183004779165
"CTCGTCAGTTGACGTT-1",3.48718176392433
"CTCGTCAGTTGGGACA-1",0
"CTCGTCATCACTTATC-1",0
"CTCGTCATCGACCAGC-1",1.58032559746718
"CTCGTCATCTGCTGTC-1",2.87506114583971
"CTCTAATCACCAGGTC-1",1.50058699183651
"CTCTAATCACGGTGTC-1",0
"CTCTAATCAGGAATCG-1",3.86141616929398
"CTCTAATGTCCAAGTT-1",1.7575931396333
"CTCTACGAGCTAAACA-1",3.91891976366543
"CTCTACGAGCTAGTGG-1",3.26949136862092
"CTCTACGAGTACGCCC-1",0
"CTCTACGAGTAGGCCA-1",0
"CTCTACGCAATAACGA-1",1.42349176764663
"CTCTACGCAGACGCTC-1",7.63455804677787
"CTCTACGCATGACATC-1",1.8409030527332
"CTCTACGTCATGTCTT-1",0
"CTCTACGTCCCTAATT-1",0
"CTCTACGTCGGCATCG-1",0
"CTCTACGTCGGTCTAA-1",5.11546922618417
"CTCTGGTAGCGTTCCG-1",0
"CTCTGGTAGGCATGGT-1",0
"CTCTGGTAGTGCCAGA-1",0
"CTCTGGTCACAAGCCC-1",0
"CTCTGGTCAGCCTTTC-1",3.11969921950385
"CTCTGGTTCATCTGTT-1",0
"CTCTGGTTCTTGTACT-1",1.81893505460702
"CTGAAACAGATCCCGC-1",0
"CTGAAACAGGTGCTAG-1",0
"CTGAAACAGTCCGTAT-1",3.86442306568601
"CTGAAACAGTGTCTCA-1",1.84358453709264
"CTGAAACGTCATCGGC-1",0
"CTGAAACGTTAAAGAC-1",2.81009534174517
"CTGAAACTCATACGGT-1",1.95922753715815
"CTGAAGTAGTGCGTGA-1",0
"CTGAAGTCAGCTGTAT-1",1.39979475577479
"CTGAAGTGTTAAAGTG-1",2.07551397826316
"CTGAAGTTCAAGCCTA-1",0
"CTGAAGTTCGGATGTT-1",0
"CTGATAGAGGGAGTAA-1",0
"CTGATAGAGTGCAAGC-1",0
"CTGATAGCAGCCTTTC-1",3.5072888212439
"CTGATAGCATCCCATC-1",0
"CTGATAGCATCTCCCA-1",3.8748130660171
"CTGATAGGTCAAAGCG-1",0
"CTGATAGGTCGCTTTC-1",0
"CTGATAGGTTACGACT-1",0
"CTGATAGTCGCGATCG-1",0
"CTGATCCAGGCATTGG-1",1.5724110491452
"CTGATCCAGGTGACCA-1",0
"CTGATCCCACAGAGGT-1",0
"CTGATCCCAGGCTGAA-1",0
"CTGATCCGTGCCTGGT-1",0
"CTGATCCGTTATCCGA-1",0
"CTGATCCGTTGTGGCC-1",0
"CTGCCTAAGGGTCTCC-1",3.12650744056291
"CTGCCTAAGGTGATAT-1",0
"CTGCCTAAGTACGCGA-1",4.3000490137941
"CTGCCTAAGTGCGTGA-1",0
"CTGCCTACATCCCACT-1",0
"CTGCCTATCAATAAGG-1",0
"CTGCGGAAGAAGGACA-1",4.89728977465415
"CTGCGGAAGAGCTGGT-1",0
"CTGCGGAAGATGAGAG-1",0
"CTGCGGACAGGTCGTC-1",0
"CTGCGGACATGTCTCC-1",0
"CTGCGGAGTCACTTCC-1",0
"CTGCGGAGTCGTGGCT-1",1.64021460899844
"CTGCGGAGTTCTGTTT-1",0
"CTGCGGAGTTGGACCC-1",1.71447050547872
"CTGCGGATCGCCTGTT-1",0
"CTGCGGATCTTACCGC-1",0
"CTGCTGTAGGGTGTTG-1",7.29094809789236
"CTGCTGTAGTACCGGA-1",3.46118555717435
"CTGCTGTAGTGGAGAA-1",0
"CTGCTGTCACATCTTT-1",1.94883010990704
"CTGCTGTGTTAAAGAC-1",0
"CTGCTGTTCTCCAACC-1",0
"CTGCTGTTCTTACCGC-1",0
"CTGGTCTAGCGTTGCC-1",0
"CTGGTCTAGGACAGCT-1",0
"CTGGTCTAGGGCTTGA-1",0
"CTGGTCTAGTCGAGTG-1",1.57210853934006
"CTGGTCTCAAAGGAAG-1",0
"CTGGTCTCACCAGTTA-1",0
"CTGGTCTGTACCTACA-1",1.47641779932178
"CTGGTCTGTACGCTGC-1",0
"CTGGTCTGTCCGCTGA-1",0
"CTGGTCTGTCCGTTAA-1",0
"CTGGTCTGTTCATGGT-1",0
"CTGGTCTGTTCGTGAT-1",7.58027808871831
"CTGGTCTTCAACGGGA-1",0
"CTGGTCTTCACTTACT-1",3.09476090710092
"CTGGTCTTCTTACCTA-1",0
"CTGTGCTGTATATCCG-1",0
"CTGTGCTGTCATCCCT-1",1.81893505460702
"CTGTGCTGTCCCTACT-1",0
"CTGTGCTGTCGGCACT-1",2.54020282537296
"CTGTGCTTCCATTCTA-1",2.32235164265114
"CTGTTTAAGAAACCGC-1",1.80521862260206
"CTGTTTAAGATCGATA-1",0
"CTGTTTAAGGAGTTGC-1",0
"CTGTTTAGTCAAAGCG-1",0
"CTGTTTATCAGCCTAA-1",0
"CTGTTTATCATTTGGG-1",1.49278393904348
"CTGTTTATCTCCAGGG-1",0
"CTGTTTATCTCTTGAT-1",0
"CTGTTTATCTTCTGGC-1",0
"CTTAACTAGCCAGTAG-1",3.26949136862092
"CTTAACTAGGCTCTTA-1",0
"CTTAACTAGGTGCACA-1",0
"CTTAACTAGTCTCGGC-1",0
"CTTACCGAGCGCTTAT-1",0
"CTTACCGAGGCTACGA-1",0
"CTTACCGCAGATCTGT-1",0
"CTTACCGCAGTCAGAG-1",0
"CTTACCGGTCCTGCTT-1",0
"CTTACCGGTCGCCATG-1",1.80183004779165
"CTTACCGGTCTACCTC-1",1.55156609912805
"CTTACCGTCGGACAAG-1",0
"CTTAGGAAGCCCAACC-1",0
"CTTAGGACACGACGAA-1",0
"CTTAGGAGTTATGTGC-1",0
"CTTAGGATCCCATTTA-1",0
"CTTAGGATCTTTACAC-1",0
"CTTCTCTAGAACTCGG-1",1.94883010990704
"CTTCTCTAGAGTGAGA-1",1.68558462127767
"CTTCTCTAGCAGGCTA-1",1.71260611304887
"CTTCTCTAGTTAACGA-1",0
"CTTCTCTCAAAGGTGC-1",0
"CTTCTCTGTAACGACG-1",0
"CTTCTCTGTGCATCTA-1",0
"CTTCTCTTCGAGCCCA-1",2.18969623684201
"CTTGGCTAGCGATATA-1",0
"CTTGGCTAGTACGTTC-1",0
"CTTGGCTCATTACCTT-1",0
"CTTGGCTGTCTCCATC-1",0
"CTTGGCTTCCCTAATT-1",0
"CTTGGCTTCGCGTAGC-1",0
"CTTGGCTTCTCGTTTA-1",0
"CTTTGCGAGCAAATCA-1",3.48718176392433
"CTTTGCGAGCGTTCCG-1",0
"CTTTGCGAGTATCTCG-1",0
"CTTTGCGCAATTCCTT-1",0
"CTTTGCGCACTTAAGC-1",0
"CTTTGCGCAGACGCAA-1",0
"CTTTGCGGTAGAGGAA-1",0
"CTTTGCGTCCAGGGCT-1",0
"GAAACTCAGAGACGAA-1",0
"GAAACTCAGAGGTTAT-1",0
"GAAACTCAGCAGCCTC-1",1.6609657208989
"GAAACTCAGCCCAGCT-1",0
"GAAACTCAGCTAAACA-1",1.43973441589081
"GAAACTCAGTGCTGCC-1",4.64095350066301
"GAAACTCCAAGCCCAC-1",1.82895755035911
"GAAACTCCACATGACT-1",1.8409030527332
"GAAACTCCAGACACTT-1",0
"GAAACTCCATGGATGG-1",3.43263531666218
"GAAACTCGTACTCGCG-1",0
"GAAACTCGTAGCGATG-1",1.73186132764699
"GAAACTCGTGTGAAAT-1",3.52757407410417
"GAAACTCGTTTGTGTG-1",0
"GAAATGAAGCCAGTTT-1",1.86401676145941
"GAAATGAAGCTAGTCT-1",0
"GAAATGAAGTACGTAA-1",0
"GAAATGATCATGCTCC-1",1.6132890083362
"GAAATGATCCTCGCAT-1",0
"GAACATCAGATGGCGT-1",3.66331584921335
"GAACATCCAACAACCT-1",1.62596052042962
"GAACATCCACATCTTT-1",1.80183004779165
"GAACATCCACCTATCC-1",1.63753974531612
"GAACATCCACGGACAA-1",0
"GAACATCCATGCTAGT-1",1.87702456431488
"GAACATCGTACGACCC-1",3.593648277467
"GAACATCGTGGACGAT-1",3.04520606668971
"GAACATCGTTCCCGAG-1",5.35715660362105
"GAACATCTCCAAGTAC-1",1.80691893083543
"GAACATCTCGATCCCT-1",0
"GAACATCTCTCCAACC-1",0
"GAACCTAAGAACTGTA-1",0
"GAACCTAAGAGCAATT-1",0
"GAACCTAAGCCAGTAG-1",0
"GAACCTACAAGGACAC-1",2.2029337810686
"GAACCTACAGACACTT-1",0
"GAACCTAGTACCAGTT-1",1.84717530836962
"GAACCTAGTGTCAATC-1",0
"GAACCTATCACGATGT-1",0
"GAACGGAAGACGCAAC-1",1.63753974531612
"GAACGGAAGTAATCCC-1",1.63921029215975
"GAACGGAAGTCAATAG-1",8.08264747143016
"GAACGGAAGTGGACGT-1",5.95222796697367
"GAACGGACACAGCGTC-1",1.82895755035911
"GAACGGACACCTCGTT-1",0
"GAACGGACACTTAACG-1",2.2662366553995
"GAACGGAGTAGCGTAG-1",0
"GAACGGAGTCAGAGGT-1",3.95606670818619
"GAACGGAGTGGCGAAT-1",3.04520606668971
"GAACGGATCACTCCTG-1",1.5293831535913
"GAACGGATCCACGAAT-1",1.71148987556376
"GAACGGATCGTAGGAG-1",0
"GAACGGATCTGTCAAG-1",2.54020282537296
"GAAGCAGAGACTAAGT-1",3.12650744056291
"GAAGCAGAGAGACGAA-1",1.51704163256299
"GAAGCAGAGCCACGCT-1",1.33220776882673
"GAAGCAGAGTTCGCGC-1",1.71148987556376
"GAAGCAGCAATCCGAT-1",0
"GAAGCAGCAGATCTGT-1",0
"GAAGCAGCAGATGAGC-1",0
"GAAGCAGCATGAACCT-1",0
"GAAGCAGCATGGAATA-1",0
"GAAGCAGGTAACGCGA-1",1.42349176764663
"GAAGCAGGTCATACTG-1",0
"GAAGCAGTCCTAGTGA-1",0
"GAAGCAGTCTTATCTG-1",0
"GAATAAGCAAGGTGTG-1",0
"GAATAAGCAGACAAGC-1",1.84358453709264
"GAATAAGCATGCAACT-1",0
"GAATAAGGTCCGTTAA-1",0
"GAATAAGGTGAGTGAC-1",0
"GAATAAGGTTCCCTTG-1",0
"GAATAAGTCGTTTAGG-1",0
"GAATGAAAGAGTCTGG-1",0
"GAATGAAAGCTTATCG-1",0
"GAATGAAAGGCATGTG-1",4.05336704721763
"GAATGAACAAACGCGA-1",1.63753974531612
"GAATGAACAGTGAGTG-1",3.56581367957334
"GAATGAACATCATCCC-1",1.80691893083543
"GAATGAAGTCAACATC-1",0
"GAATGAAGTCTCACCT-1",0
"GAATGAAGTGGCAAAC-1",0
"GAATGAAGTTGCGTTA-1",0
"GAATGAATCAGTTAGC-1",1.74149763444717
"GAATGAATCCTGCCAT-1",0
"GACACGCAGACGCACA-1",0
"GACACGCAGAGTAATC-1",0
"GACACGCAGCCAACAG-1",0
"GACACGCAGGAGTTTA-1",0
"GACACGCAGGGCATGT-1",2.14626690973484
"GACACGCAGGTGCACA-1",1.48586893971067
"GACACGCAGTCCAGGA-1",0
"GACACGCAGTGGGATC-1",0
"GACACGCAGTGGGTTG-1",1.74149763444717
"GACACGCCAAGCGTAG-1",0
"GACACGCCAAGGACAC-1",3.34706701841035
"GACACGCCAGACGCTC-1",0
"GACACGCCATCCTTGC-1",0
"GACACGCGTTCACGGC-1",3.48718176392433
"GACACGCTCATGTAGC-1",4.89728977465415
"GACAGAGAGTACGATA-1",0
"GACAGAGCAACGATCT-1",1.48586893971067
"GACAGAGCAAGTCTAC-1",0
"GACAGAGCAGCTCCGA-1",0
"GACAGAGCAGCTGGCT-1",0
"GACAGAGTCAAACAAG-1",0
"GACAGAGTCAGAGACG-1",0
"GACAGAGTCCTTCAAT-1",3.91891976366543
"GACAGAGTCCTTGCCA-1",0
"GACAGAGTCTTCATGT-1",1.50058699183651
"GACCAATAGAAGGGTA-1",0
"GACCAATAGCTACCGC-1",3.37260311314866
"GACCAATAGCTACCTA-1",9.44085800762173
"GACCAATCAGGTGCCT-1",0
"GACCAATCATGCGCAC-1",1.67527766992964
"GACCAATGTACAGTTC-1",1.62596052042962
"GACCAATGTCGCTTCT-1",0
"GACCAATTCCGATATG-1",0
"GACCAATTCGAATGGG-1",0
"GACCAATTCGTCACGG-1",1.81893505460702
"GACCTGGCATCACAAC-1",1.6609657208989
"GACCTGGCATGTCTCC-1",5.11955547482139
"GACCTGGCATTGGCGC-1",0
"GACCTGGGTAAAGGAG-1",1.6609657208989
"GACCTGGGTCCAGTTA-1",0
"GACCTGGGTGCAGTAG-1",0
"GACCTGGTCATAGCAC-1",1.55156609912805
"GACCTGGTCCTTGCCA-1",1.39979475577479
"GACCTGGTCGCATGAT-1",0
"GACCTGGTCGTCACGG-1",0
"GACGCGTAGTGGTAAT-1",0
"GACGCGTAGTTGTAGA-1",6.73892344048348
"GACGCGTGTAAAGGAG-1",1.48586893971067
"GACGCGTGTGTGAAAT-1",0
"GACGCGTGTTAAGACA-1",1.71447050547872
"GACGCGTTCAAACCGT-1",0
"GACGCGTTCCAAATGC-1",0
"GACGCGTTCCGCGGTA-1",0
"GACGCGTTCCTACAGA-1",0
"GACGCGTTCTCCGGTT-1",0
"GACGGCTAGAAGATTC-1",0
"GACGGCTAGAGCTGGT-1",0
"GACGGCTCAAGGTTTC-1",0
"GACGGCTCACCGCTAG-1",0
"GACGGCTCATGAACCT-1",5.72735828218801
"GACGGCTCATGCAACT-1",0
"GACGGCTGTGTGTGCC-1",0
"GACGGCTGTTATGTGC-1",1.61490021214288
"GACGGCTGTTTGGCGC-1",1.42349176764663
"GACGGCTTCTATCGCC-1",0
"GACGTGCAGGCAAAGA-1",0
"GACGTGCAGGGTGTGT-1",0
"GACGTGCAGGTGTTAA-1",0
"GACGTGCCAGGTCGTC-1",1.80691893083543
"GACGTGCGTAACGTTC-1",1.97296240954775
"GACGTGCTCACCTCGT-1",0
"GACGTTAAGCTACCGC-1",0
"GACGTTAAGGCAAAGA-1",0
"GACGTTAAGTCAAGCG-1",2.87506114583971
"GACGTTACAAGCCATT-1",0
"GACGTTACAAGGTTTC-1",0
"GACGTTACAGACACTT-1",1.43973441589081
"GACGTTAGTATCTGCA-1",1.94883010990704
"GACGTTAGTTTGACAC-1",3.59508776145202
"GACGTTAGTTTGACTG-1",1.71148987556376
"GACGTTATCACAGGCC-1",5.78643224276848
"GACGTTATCATTGCGA-1",0
"GACGTTATCCCGGATG-1",0
"GACGTTATCCGAAGAG-1",0
"GACGTTATCGCGTTTC-1",4.85922849745367
"GACGTTATCTGTCCGT-1",0
"GACTAACAGACAGAGA-1",0
"GACTAACAGTGGAGAA-1",7.229890845177
"GACTAACCAAATCCGT-1",0
"GACTAACGTCTAGTCA-1",0
"GACTAACGTGCAACTT-1",2.54020282537296
"GACTAACGTTCAGACT-1",0
"GACTAACTCCTTTCTC-1",1.86401676145941
"GACTAACTCTTGCCGT-1",0
"GACTAACTCTTTACAC-1",0
"GACTACAAGATATGGT-1",0
"GACTACACAAATCCGT-1",0
"GACTACAGTGCTGTAT-1",0
"GACTACATCAGCCTAA-1",4.97513110580574
"GACTACATCAGGTAAA-1",0
"GACTACATCTGCAGTA-1",1.50058699183651
"GACTGCGAGCGTAGTG-1",2.56587293175947
"GACTGCGAGTTGTAGA-1",0
"GACTGCGCACTTAACG-1",0
"GACTGCGCATGTTCCC-1",3.84101293024768
"GACTGCGGTACGCACC-1",0
"GACTGCGGTTCTCATT-1",1.57210853934006
"GACTGCGTCAACACAC-1",1.43973441589081
"GACTGCGTCACGACTA-1",2.32235164265114
"GACTGCGTCGCCCTTA-1",3.86011115322974
"GACTGCGTCTCAAACG-1",6.30064076487403
"GAGCAGAGTAGGGTAC-1",0
"GAGCAGAGTCAGATAA-1",3.15001906754056
"GAGCAGAGTCATATGC-1",4.97513110580574
"GAGCAGAGTGAGCGAT-1",0
"GAGCAGAGTGTAACGG-1",3.32639008770664
"GAGCAGAGTGTGACCC-1",3.96053976717097
"GAGCAGAGTTCGGGCT-1",1.7575931396333
"GAGCAGAGTTTAAGCC-1",0
"GAGCAGAGTTTGCATG-1",0
"GAGGTGAAGCAACGGT-1",0
"GAGGTGAAGGCTCTTA-1",0
"GAGGTGAAGTGGTAGC-1",0
"GAGGTGAAGTTGTAGA-1",0
"GAGGTGACACTGTCGG-1",1.77569188836057
"GAGGTGACATCCTTGC-1",1.80691893083543
"GAGGTGACATGCATGT-1",5.48332951432592
"GAGGTGAGTACCTACA-1",2.32235164265114
"GAGGTGAGTCATTAGC-1",2.18969623684201
"GAGGTGAGTTCCTCCA-1",0
"GAGGTGATCATCGCTC-1",5.60383303719104
"GAGGTGATCTAGAGTC-1",5.95222796697367
"GAGGTGATCTCTAGGA-1",0
"GAGGTGATCTGCTGTC-1",0
"GAGGTGATCTGGGCCA-1",0
"GAGTCCGAGGACAGAA-1",0
"GAGTCCGAGGCATGTG-1",0
"GAGTCCGAGGCGTACA-1",0
"GAGTCCGCAAACCCAT-1",0
"GAGTCCGGTCAAGCGA-1",0
"GAGTCCGGTGACCAAG-1",3.43397085354372
"GAGTCCGGTGACTCAT-1",0
"GAGTCCGGTGTGACCC-1",1.81850243568804
"GAGTCCGGTTCGGGCT-1",0
"GAGTCCGGTTTGCATG-1",0
"GAGTCCGTCGGCGCAT-1",1.71148987556376
"GAGTCCGTCTGATTCT-1",0
"GATCAGTAGATGTCGG-1",0
"GATCAGTAGTGGTAGC-1",0
"GATCAGTGTATATGAG-1",0
"GATCAGTGTCTGCGGT-1",0
"GATCAGTGTTATGCGT-1",0
"GATCAGTGTTGTACAC-1",0
"GATCGATAGAATGTTG-1",4.85922849745367
"GATCGATAGAGCTGCA-1",6.73892344048348
"GATCGATAGCATGGCA-1",5.67766785245865
"GATCGATCAAGCGAGT-1",0
"GATCGATCAAGCGTAG-1",0
"GATCGATGTCAACATC-1",2.87506114583971
"GATCGATGTTGCCTCT-1",5.96364492360883
"GATCGATTCCGCATCT-1",0
"GATCGCGAGATAGTCA-1",0
"GATCGCGAGCCTTGAT-1",1.74969568161059
"GATCGCGAGGAGCGTT-1",0
"GATCGCGCAGGTCGTC-1",1.47641779932178
"GATCGCGGTACAGCAG-1",3.26949136862092
"GATCGCGGTGAGTATA-1",0
"GATCGCGGTTGTCGCG-1",0
"GATCGCGTCACTCCTG-1",1.58032559746718
"GATCGTAAGACATAAC-1",0
"GATCGTAAGCTCAACT-1",3.56581367957334
"GATCGTACATAACCTG-1",1.71148987556376
"GATCGTAGTGGCTCCA-1",0
"GATCGTATCATATCGG-1",0
"GATCGTATCATGTCCC-1",1.80521862260206
"GATCGTATCTTACCGC-1",0
"GATCTAGAGCGTCTAT-1",2.07429610670219
"GATCTAGAGTGGAGAA-1",0
"GATCTAGCAACACCTA-1",0
"GATCTAGCAAGGGTCA-1",0
"GATCTAGGTCTAAAGA-1",0
"GATCTAGGTCTCACCT-1",0
"GATCTAGGTCTCTTTA-1",6.43645791581705
"GATCTAGTCACATAGC-1",1.42349176764663
"GATCTAGTCTAAGCCA-1",0
"GATGAAAAGAGTAATC-1",2.07429610670219
"GATGAAAAGCTCCCAG-1",0
"GATGAAACACGGTAGA-1",0
"GATGAAACAGCTGTAT-1",0
"GATGAAAGTGGGTATG-1",0
"GATGAAATCACCCTCA-1",0
"GATGAAATCACTCCTG-1",0
"GATGAAATCAGCAACT-1",0
"GATGAAATCGAGAGCA-1",5.78643224276848
"GATGAGGAGATCCCGC-1",0
"GATGAGGAGTTCGATC-1",0
"GATGAGGCACCAGTTA-1",1.64021460899844
"GATGAGGGTATCACCA-1",0
"GATGAGGGTATTCGTG-1",1.99514105315644
"GATGAGGGTCGCGTGT-1",1.47641779932178
"GATGAGGGTGATGATA-1",0
"GATGAGGTCACAGGCC-1",0
"GATGAGGTCACATAGC-1",0
"GATGAGGTCCCTTGTG-1",1.33220776882673
"GATGAGGTCTGCTGTC-1",2.32235164265114
"GATGCTAAGACTAAGT-1",0
"GATGCTAAGGATGCGT-1",0
"GATGCTAAGGCTCTTA-1",6.43645791581705
"GATGCTAAGGGAACGG-1",0
"GATGCTAAGTATCTCG-1",0
"GATGCTAAGTCTCGGC-1",0
"GATGCTACATGTTGAC-1",0
"GATGCTACATTGCGGC-1",0
"GATGCTAGTCTCCATC-1",0
"GATGCTAGTGGAAAGA-1",0
"GATGCTAGTTAGGGTG-1",7.17838019124456
"GATGCTATCCTGTACC-1",0
"GATGCTATCGGCGCTA-1",3.32639008770664
"GATTCAGAGAAACCTA-1",0
"GATTCAGAGAGTGACC-1",0
"GATTCAGAGATTACCC-1",0
"GATTCAGAGGGTCGAT-1",0
"GATTCAGAGGTCGGAT-1",0
"GATTCAGAGTCAATAG-1",0
"GATTCAGCAAGTTGTC-1",0
"GATTCAGCAATTCCTT-1",0
"GATTCAGCAGGGTACA-1",0
"GATTCAGCATCGACGC-1",0
"GATTCAGCATTATCTC-1",0
"GATTCAGGTAAATACG-1",0
"GATTCAGTCAACTCTT-1",7.63455804677787
"GCAAACTAGATGTTAG-1",0
"GCAAACTAGTCATGCT-1",1.81505080370736
"GCAAACTAGTCTCAAC-1",1.73147862064088
"GCAAACTCACAGGTTT-1",0
"GCAAACTGTCAGATAA-1",0
"GCAAACTGTCTCCATC-1",2.07551397826316
"GCAAACTTCGTGGTCG-1",0
"GCAATCAAGGGATCTG-1",0
"GCAATCAAGTATCTCG-1",0
"GCAATCAAGTGGGTTG-1",7.63455804677787
"GCAATCACAGCTTAAC-1",1.80183004779165
"GCAATCACATGTCGAT-1",1.63753974531612
"GCAATCACATTCCTCG-1",0
"GCAATCAGTAGGAGTC-1",0
"GCAATCAGTATAATGG-1",4.64095350066301
"GCAATCAGTTCTCATT-1",1.7575931396333
"GCAATCAGTTCTGGTA-1",0
"GCACATAAGAGCTATA-1",1.39979475577479
"GCACATAAGATGTTAG-1",3.593648277467
"GCACATAAGCCTTGAT-1",5.71212937285212
"GCACATAAGGAGTACC-1",0
"GCACATAAGTGAAGTT-1",3.84101293024768
"GCACATACACCACGTG-1",0
"GCACATACAGCTGTAT-1",0
"GCACATACAGGAACGT-1",3.61973832154734
"GCACATAGTCATCGGC-1",0
"GCACATAGTCCGAATT-1",0
"GCACATAGTCTCTTTA-1",0
"GCACATAGTGCGCTTG-1",3.35170448456219
"GCACATATCACCTCGT-1",1.49278393904348
"GCACATATCTGGTTCC-1",0
"GCACTCTCAAGACACG-1",0
"GCACTCTCAATCACAC-1",0
"GCACTCTCATTTCAGG-1",0
"GCACTCTGTAAACCTC-1",0
"GCACTCTGTACCAGTT-1",0
"GCACTCTGTAGAAAGG-1",1.71148987556376
"GCACTCTGTCGAACAG-1",0
"GCACTCTGTCTAGGTT-1",0
"GCACTCTTCAACTCTT-1",0
"GCACTCTTCCCTAATT-1",0
"GCACTCTTCTGCCCTA-1",6.43645791581705
"GCAGCCAAGCTGATAA-1",0
"GCAGCCACATGAGCGA-1",0
"GCAGCCAGTAATCGTC-1",0
"GCAGCCAGTGTCGCTG-1",3.52599317573573
"GCAGCCATCAGTTGAC-1",0
"GCAGCCATCCCAACGG-1",0
"GCAGCCATCCGTACAA-1",0
"GCAGTTAAGTCCATAC-1",3.11969921950385
"GCAGTTAAGTCCGTAT-1",0
"GCAGTTAAGTTAACGA-1",1.39979475577479
"GCAGTTAGTGGACGAT-1",0
"GCAGTTAGTTATTCTC-1",0
"GCAGTTATCGCGATCG-1",1.85623049348733
"GCATACAAGATCTGCT-1",0
"GCATACAAGCAACGGT-1",3.11969921950385
"GCATACACAACGCACC-1",4.36093008555038
"GCATACACAAGGACTG-1",0
"GCATACACAAGTCTGT-1",0
"GCATACACAGTCAGCC-1",0
"GCATACACATCCTAGA-1",3.32639008770664
"GCATACACATCGGAAG-1",1.85623049348733
"GCATACAGTCCGAACC-1",1.98803833847065
"GCATACAGTTCTGGTA-1",5.48920832481086
"GCATACATCCACGACG-1",3.51044988750684
"GCATGATAGAATGTTG-1",1.71148987556376
"GCATGATAGAGTAATC-1",3.17586466176615
"GCATGATAGCTGATAA-1",1.71148987556376
"GCATGATAGGACCACA-1",0
"GCATGATAGGCTAGCA-1",1.49896467357776
"GCATGATAGTCAAGCG-1",3.86141616929398
"GCATGATAGTGGAGAA-1",0
"GCATGATCACACCGAC-1",0
"GCATGATCACATTTCT-1",1.80521862260206
"GCATGATGTCCCTACT-1",0
"GCATGATGTTGCGCAC-1",1.39979475577479
"GCATGATTCGTGGACC-1",3.66331584921335
"GCATGCGAGCATGGCA-1",0
"GCATGCGAGTCCAGGA-1",5.37914485191554
"GCATGCGCACTGCCAG-1",0
"GCATGCGGTAAGGATT-1",0
"GCATGCGGTCCTCTTG-1",1.86770977587311
"GCATGCGGTGTGAAAT-1",0
"GCATGCGTCCGCGGTA-1",0
"GCATGTAAGAACTGTA-1",5.54351108928617
"GCATGTAAGACAGACC-1",0
"GCATGTAAGTACTTGC-1",1.43973441589081
"GCATGTAAGTGCAAGC-1",1.80521862260206
"GCATGTACAACACGCC-1",3.52599317573573
"GCATGTATCACGAAGG-1",0
"GCCAAATCAAACTGTC-1",0
"GCCAAATCAAGGGTCA-1",1.48586893971067
"GCCAAATCAAGTTCTG-1",1.8409030527332
"GCCAAATCATAACCTG-1",3.5072888212439
"GCCAAATGTATAAACG-1",0
"GCCAAATGTGTTTGGT-1",0
"GCCAAATGTTTCGCTC-1",0
"GCCAAATTCAGGTAAA-1",0
"GCCAAATTCCGAGCCA-1",0
"GCCAAATTCCGCGGTA-1",0
"GCCAAATTCGGCTACG-1",0
"GCCTCTAAGAGTACCG-1",0
"GCCTCTAAGCCATCGC-1",2.14626690973484
"GCCTCTAAGCCGCCTA-1",5.72735828218801
"GCCTCTAAGCGATAGC-1",0
"GCCTCTAAGCTGCAAG-1",2.18969623684201
"GCCTCTAAGCTTCGCG-1",0
"GCCTCTAAGTCACGCC-1",1.42349176764663
"GCCTCTACAAGACGTG-1",7.58027808871831
"GCCTCTACAGCTATTG-1",7.56161102280045
"GCCTCTAGTAAGGATT-1",1.86401676145941
"GCCTCTAGTGATGATA-1",1.71148987556376
"GCCTCTAGTTAAGGGC-1",0
"GCCTCTATCAGCGACC-1",0
"GCCTCTATCCGATATG-1",1.80183004779165
"GCCTCTATCGAATCCA-1",5.72735828218801
"GCCTCTATCGAGCCCA-1",0
"GCCTCTATCGCTGATA-1",0
"GCCTCTATCTTTAGGG-1",1.71260611304887
"GCGACCAAGAGGTTAT-1",0
"GCGACCACACTTACGA-1",0
"GCGACCAGTCAGGACA-1",0
"GCGACCAGTCTAGAGG-1",0
"GCGACCATCAACGGGA-1",0
"GCGACCATCCCGGATG-1",3.84101293024768
"GCGACCATCTACTCAT-1",0
"GCGAGAAAGGTTCCTA-1",0
"GCGAGAAAGTACGATA-1",1.33220776882673
"GCGAGAAAGTGTCTCA-1",1.71260611304887
"GCGAGAACAAGCCCAC-1",0
"GCGAGAACACTGAAGG-1",0
"GCGAGAAGTAGCGCTC-1",3.43397085354372
"GCGAGAAGTCCCTACT-1",0
"GCGAGAATCCTTTCGG-1",0
"GCGAGAATCGAGAGCA-1",5.78643224276848
"GCGAGAATCGCACTCT-1",0
"GCGCAACAGTCCTCCT-1",2.07429610670219
"GCGCAACAGTGTACGG-1",0
"GCGCAACCAAGTCTGT-1",1.48586893971067
"GCGCAACCAGCCACCA-1",3.86442306568601
"GCGCAACGTAGCGCTC-1",0
"GCGCAACGTCCCTTGT-1",1.49896467357776
"GCGCAACGTCCTAGCG-1",2.18969623684201
"GCGCAACGTCGACTAT-1",0
"GCGCAACGTCTAGAGG-1",0
"GCGCAACTCAATACCG-1",0
"GCGCAGTCACATCCAA-1",0
"GCGCAGTCATTACCTT-1",0
"GCGCAGTGTTAGGGTG-1",1.77569188836057
"GCGCAGTTCGATCCCT-1",1.5293831535913
"GCGCAGTTCGCGGATC-1",0
"GCGCCAAAGACATAAC-1",0
"GCGCCAAAGGACAGCT-1",1.42349176764663
"GCGCCAAAGGCCCTTG-1",0
"GCGCCAAAGGGCTTCC-1",2.07429610670219
"GCGCCAAAGGTACTCT-1",0
"GCGCCAACATAACCTG-1",3.43263531666218
"GCGCCAACATTGGGCC-1",7.229890845177
"GCGCCAAGTACTTGAC-1",2.2029337810686
"GCGCCAAGTCGGCACT-1",1.84358453709264
"GCGCCAAGTGAAAGAG-1",3.42596038104248
"GCGCCAAGTTGTACAC-1",0
"GCGCCAATCCGTTGCT-1",7.56161102280045
"GCGCGATAGAAGGTTT-1",0
"GCGCGATAGCAGGTCA-1",5.48332951432592
"GCGCGATAGTGAATTG-1",0
"GCGCGATAGTTTGCGT-1",1.39979475577479
"GCGCGATCAGCTCGAC-1",0
"GCGCGATGTAAGTAGT-1",1.81505080370736
"GCGCGATGTCACTTCC-1",7.229890845177
"GCGCGATGTTACCAGT-1",0
"GCGCGATTCAGTTAGC-1",0
"GCGCGATTCGTTTAGG-1",0
"GCGGGTTAGAAACGAG-1",0
"GCGGGTTAGCTATGCT-1",1.82764235530237
"GCGGGTTAGTGTGAAT-1",0
"GCGGGTTCACGCGAAA-1",0
"GCGGGTTCAGGCAGTA-1",1.42349176764663
"GCGGGTTCAGTAACGG-1",0
"GCGGGTTGTGAGTATA-1",3.15001906754056
"GCGGGTTGTGGCGAAT-1",0
"GCGGGTTTCCAAAGTC-1",0
"GCGGGTTTCCTTTCTC-1",0
"GCGGGTTTCTCCAACC-1",1.97296240954775
"GCGGGTTTCTTGAGGT-1",1.84358453709264
"GCGGGTTTCTTGTATC-1",3.11969921950385
"GCTCCTACAAACTGTC-1",0
"GCTCCTACACCAGGTC-1",7.229890845177
"GCTCCTACACCGATAT-1",0
"GCTCCTACAGGGTACA-1",0
"GCTCCTACATTAGCCA-1",0
"GCTCCTAGTCAGGACA-1",0
"GCTCCTAGTCCGTCAG-1",0
"GCTCCTATCAGCCTAA-1",2.07429610670219
"GCTCCTATCCCTAATT-1",3.48718176392433
"GCTCTGTAGAGGTAGA-1",0
"GCTCTGTAGCTGAACG-1",2.07551397826316
"GCTCTGTAGGAGTCTG-1",0
"GCTCTGTAGTGCTGCC-1",0
"GCTCTGTAGTGGACGT-1",1.98803833847065
"GCTCTGTTCACCTCGT-1",1.49278393904348
"GCTGCAGAGCGTGAGT-1",0
"GCTGCAGAGTCAAGCG-1",1.49278393904348
"GCTGCAGAGTCCCACG-1",1.95922753715815
"GCTGCAGCAATTGCTG-1",1.49896467357776
"GCTGCAGCATGCCCGA-1",7.229890845177
"GCTGCAGCATGCCTAA-1",0
"GCTGCAGGTAAACCTC-1",3.43263531666218
"GCTGCAGGTACGAAAT-1",1.80521862260206
"GCTGCAGGTAGCGCAA-1",1.56969347007338
"GCTGCAGGTCACCCAG-1",4.89728977465415
"GCTGCAGGTCATGCCG-1",3.52599317573573
"GCTGCGAAGGAATGGA-1",1.68558462127767
"GCTGCGAGTCTAACGT-1",1.48586893971067
"GCTGCGAGTGTTTGGT-1",2.81009534174517
"GCTGCGATCTCCTATA-1",1.8409030527332
"GCTGCGATCTTGTTTG-1",1.8409030527332
"GCTGCTTAGAATTGTG-1",1.49278393904348
"GCTGCTTAGGCAATTA-1",0
"GCTGCTTCATCACGTA-1",0
"GCTGCTTCATCCAACA-1",0
"GCTGCTTCATGCCTAA-1",5.72735828218801
"GCTGCTTCATGGTCAT-1",1.94883010990704
"GCTGCTTGTAACGACG-1",0
"GCTGCTTGTAATCGTC-1",2.87506114583971
"GCTGCTTGTAGGGACT-1",0
"GCTGCTTGTGAAAGAG-1",0
"GCTGCTTTCCGGGTGT-1",1.8099041925235
"GCTGGGTAGACCCACC-1",0
"GCTGGGTAGCCACGCT-1",3.43263531666218
"GCTGGGTAGTCGCCGT-1",3.32639008770664
"GCTGGGTAGTCTCAAC-1",6.10487188118631
"GCTGGGTCACGGCTAC-1",0
"GCTGGGTCAGCCAATT-1",2.54020282537296
"GCTGGGTGTACAGTTC-1",1.81893505460702
"GCTGGGTGTACCGTTA-1",1.98478243676035
"GCTGGGTGTCGAGTTT-1",4.3000490137941
"GCTGGGTGTCTCCACT-1",0
"GCTGGGTGTGCCTGTG-1",6.16729614275237
"GCTGGGTTCAGCTTAG-1",0
"GCTGGGTTCCTTAATC-1",0
"GCTTCCAAGAAACCTA-1",1.80183004779165
"GCTTCCACACCACCAG-1",0
"GCTTCCACAGGTCGTC-1",1.99514105315644
"GCTTCCACAGTGAGTG-1",4.64095350066301
"GCTTCCAGTATAGGTA-1",0
"GCTTCCAGTTCAGCGC-1",1.75838777152377
"GCTTCCATCGTCCAGG-1",3.51044988750684
"GCTTGAAAGATGGCGT-1",0
"GCTTGAAAGCCGTCGT-1",4.3000490137941
"GCTTGAACAAACCTAC-1",2.87506114583971
"GCTTGAACACGGTGTC-1",0
"GCTTGAACATCGGAAG-1",0
"GCTTGAAGTGCGGTAA-1",0
"GCTTGAAGTTCTCATT-1",0
"GCTTGAATCAGGATCT-1",1.42349176764663
"GGAAAGCAGGCAGGTT-1",3.51044988750684
"GGAAAGCCAAACGCGA-1",0
"GGAAAGCCAAGTACCT-1",0
"GGAAAGCGTAAGCACG-1",0
"GGAAAGCGTCCTCCAT-1",0
"GGAAAGCGTCGCGTGT-1",0
"GGAAAGCGTGCTTCTC-1",0
"GGAAAGCTCCAGAGGA-1",0
"GGAACTTAGAGTAAGG-1",0
"GGAACTTCAATGTAAG-1",2.07551397826316
"GGAACTTCACAGGAGT-1",0
"GGAACTTCACCTCGTT-1",1.6609657208989
"GGAACTTGTCTCTTTA-1",2.34582842317609
"GGAACTTTCATTGCCC-1",2.07551397826316
"GGAACTTTCATTTGGG-1",3.64536684184138
"GGAACTTTCCGTCATC-1",3.52757407410417
"GGAACTTTCCTCAACC-1",0
"GGAACTTTCGGATGTT-1",0
"GGAATAAAGGTACTCT-1",0
"GGAATAAAGTGTCCAT-1",0
"GGAATAACAGCGTCCA-1",5.72735828218801
"GGAATAAGTCTGGTCG-1",1.84358453709264
"GGAATAAGTGCAGGTA-1",4.97513110580574
"GGAATAATCAGCACAT-1",0
"GGAATAATCTTTACGT-1",1.43973441589081
"GGACAAGAGGTACTCT-1",2.2029337810686
"GGACAAGCAACGATGG-1",0
"GGACAAGCAGTCGTGC-1",0
"GGACAAGCATGGGACA-1",3.11969921950385
"GGACAAGGTATAAACG-1",1.49896467357776
"GGACAAGGTATGAAAC-1",1.71260611304887
"GGACAAGGTCGGCATC-1",4.91214353584506
"GGACAAGGTTATGCGT-1",0
"GGACAAGTCTAACGGT-1",0
"GGACAGAAGCTAGTCT-1",1.71148987556376
"GGACAGAAGTACTTGC-1",1.8099041925235
"GGACAGACAACACGCC-1",0
"GGACAGACACAAGCCC-1",5.78643224276848
"GGACAGAGTAAGTGGC-1",3.26949136862092
"GGACAGAGTCTTTCAT-1",0
"GGACAGAGTGAGGGAG-1",0
"GGACAGAGTTCCACAA-1",0
"GGACAGATCAACGCTA-1",0
"GGACATTAGAGGGCTT-1",1.62596052042962
"GGACATTAGCCACGTC-1",8.08264747143016
"GGACATTCAAACGCGA-1",0
"GGACATTCAATGACCT-1",0
"GGACATTCACCAGCAC-1",0
"GGACATTGTTCTGGTA-1",0
"GGACATTTCCTCTAGC-1",0
"GGACGTCAGTACTTGC-1",1.74656133085108
"GGACGTCAGTGGTAAT-1",0
"GGACGTCCACAGTCGC-1",0
"GGACGTCGTGAGGGAG-1",4.05336704721763
"GGACGTCGTGGCGAAT-1",0
"GGACGTCGTTACGGAG-1",2.08040463766988
"GGACGTCGTTTAAGCC-1",3.86011115322974
"GGACGTCTCCACTCCA-1",7.5913763576734
"GGACGTCTCGCAAACT-1",0
"GGACGTCTCTCCAGGG-1",1.81893505460702
"GGACGTCTCTCGAGTA-1",0
"GGACGTCTCTGGTGTA-1",0
"GGACGTCTCTTCGAGA-1",0
"GGAGCAAAGAACTCGG-1",0
"GGAGCAAAGACTGTAA-1",1.48586893971067
"GGAGCAAAGCCGCCTA-1",3.37107161980673
"GGAGCAAAGCTAAACA-1",0
"GGAGCAAAGTACGCCC-1",0
"GGAGCAACAAGCTGTT-1",3.34706701841035
"GGAGCAACAATGGACG-1",0
"GGAGCAACAATTCCTT-1",0
"GGAGCAACATGCTGGC-1",1.84717530836962
"GGAGCAAGTGAGTATA-1",0
"GGAGCAAGTTACTGAC-1",0
"GGAGCAATCAAGATCC-1",3.43397085354372
"GGAGCAATCCCATTTA-1",0
"GGATGTTCAAACTGTC-1",0
"GGATGTTTCATCACCC-1",1.85623049348733
"GGATGTTTCATGCATG-1",3.43263531666218
"GGATGTTTCCTACAGA-1",3.26949136862092
"GGATGTTTCCTCTAGC-1",0
"GGATTACAGATCCCAT-1",1.63753974531612
"GGATTACAGCTTCGCG-1",0
"GGATTACAGGCTAGCA-1",2.34582842317609
"GGATTACAGTATCTCG-1",1.82895755035911
"GGATTACCAAGCGTAG-1",2.34582842317609
"GGATTACCACATCCGG-1",0
"GGATTACCAGCGTAAG-1",0
"GGATTACGTAATAGCA-1",6.16729614275237
"GGATTACGTACACCGC-1",0
"GGATTACGTCTCTTTA-1",0
"GGATTACGTTGAGGTG-1",4.27750632883292
"GGATTACTCGCGCCAA-1",0
"GGATTACTCGGCGCAT-1",0
"GGATTACTCTGCCCTA-1",0
"GGCAATTCAATCGGTT-1",0
"GGCAATTCACGGCGTT-1",1.73186132764699
"GGCAATTCATCACCCT-1",0
"GGCAATTGTCGATTGT-1",1.80521862260206
"GGCAATTTCACTTACT-1",0
"GGCAATTTCAGCACAT-1",0
"GGCAATTTCTCCGGTT-1",0
"GGCCGATAGTGTCTCA-1",5.11955547482139
"GGCCGATCACGGACAA-1",5.64460857563241
"GGCCGATGTAGGACAC-1",0
"GGCCGATGTCACTGGC-1",0
"GGCCGATGTCCCTACT-1",0
"GGCCGATTCACCGTAA-1",0
"GGCCGATTCCGCGCAA-1",2.2662366553995
"GGCGACTAGAGCTGGT-1",1.95922753715815
"GGCGACTAGGACCACA-1",5.11546922618417
"GGCGACTAGGTTACCT-1",3.52599317573573
"GGCGACTCAAAGCGGT-1",1.75838777152377
"GGCGACTCAAGAGTCG-1",1.74656133085108
"GGCGACTCACCAGGTC-1",5.78643224276848
"GGCGACTCATTGTGCA-1",2.2029337810686
"GGCGACTTCAGAAATG-1",0
"GGCGACTTCAGAGACG-1",3.26949136862092
"GGCGACTTCCAGATCA-1",1.43973441589081
"GGCGACTTCTCTAGGA-1",3.86442306568601
"GGCGTGTAGCTAGCCC-1",0
"GGCGTGTAGGGTATCG-1",1.71260611304887
"GGCGTGTCAGGTCCAC-1",0
"GGCGTGTCAGTATAAG-1",2.2029337810686
"GGCGTGTCATCGTCGG-1",0
"GGCGTGTCATGGAATA-1",1.85623049348733
"GGCGTGTGTCTCCCTA-1",2.32235164265114
"GGCGTGTTCTTGAGGT-1",0
"GGCTCGAAGCCGTCGT-1",1.64021460899844
"GGCTCGAAGGTAAACT-1",0
"GGCTCGACAAGAAGAG-1",3.52599317573573
"GGCTCGACAATAGCAA-1",0
"GGCTCGACATGGTCAT-1",0
"GGCTCGAGTATATCCG-1",0
"GGCTCGAGTTACGTCA-1",2.54020282537296
"GGCTCGAGTTAGGGTG-1",0
"GGCTCGATCTGCAAGT-1",0
"GGCTGGTAGAAGAAGC-1",0
"GGCTGGTAGACCCACC-1",0
"GGCTGGTCAAGGACAC-1",0
"GGCTGGTCACTGCCAG-1",0
"GGCTGGTCATTTCAGG-1",0
"GGCTGGTGTATTCTCT-1",0
"GGCTGGTGTCGCATCG-1",0
"GGCTGGTGTCTAGTGT-1",0
"GGCTGGTGTTATGCGT-1",0
"GGGAATGAGCGTTGCC-1",1.48586893971067
"GGGAATGAGTAGGTGC-1",0
"GGGAATGGTAAGGGAA-1",0
"GGGAATGTCAACGAAA-1",0
"GGGAATGTCCAGTATG-1",3.66331584921335
"GGGAATGTCCGGGTGT-1",5.78643224276848
"GGGACCTAGATGTAAC-1",4.05336704721763
"GGGACCTAGTCTTGCA-1",0
"GGGACCTCAATCAGAA-1",3.32639008770664
"GGGACCTCACTGAAGG-1",0
"GGGAGATAGTACGACG-1",0
"GGGAGATCAAAGTGCG-1",0
"GGGAGATCAAATCCGT-1",0
"GGGAGATCAAGGACTG-1",1.84358453709264
"GGGAGATCACGCGAAA-1",7.47265915900338
"GGGAGATGTAGCGCAA-1",0
"GGGAGATTCAACGGGA-1",0
"GGGAGATTCATCACCC-1",0
"GGGATGAAGTGACATA-1",0
"GGGATGACATCATCCC-1",0
"GGGATGAGTCACCCAG-1",0
"GGGATGAGTGGAAAGA-1",3.86141616929398
"GGGATGAGTTACGACT-1",0
"GGGATGAGTTGGTAAA-1",1.74149763444717
"GGGATGATCAGTTAGC-1",1.50058699183651
"GGGATGATCTATCCTA-1",0
"GGGATGATCTTTAGGG-1",0
"GGGCACTAGTCTCGGC-1",0
"GGGCACTCATCTCCCA-1",0
"GGGCACTTCACCTCGT-1",0
"GGGCACTTCTGAGGGA-1",0
"GGGCATCCAATGTAAG-1",0
"GGGCATCCAGTCTTCC-1",3.15001906754056
"GGGCATCGTGGCGAAT-1",0
"GGGCATCTCACAGTAC-1",0
"GGGCATCTCCCTTGTG-1",1.80183004779165
"GGGCATCTCCGGCACA-1",0
"GGGCATCTCTGTCCGT-1",3.43263531666218
"GGGCATCTCTTATCTG-1",1.86401676145941
"GGGTCTGAGAAGATTC-1",5.48332951432592
"GGGTCTGAGATCCCGC-1",0
"GGGTCTGAGCCAACAG-1",0
"GGGTCTGCACAGGCCT-1",1.80521862260206
"GGGTCTGCACCAGGTC-1",4.89728977465415
"GGGTCTGGTCTGGTCG-1",1.84358453709264
"GGGTCTGGTGATGATA-1",7.63455804677787
"GGGTCTGGTGTGACCC-1",0
"GGGTCTGTCAACTCTT-1",0
"GGGTCTGTCACTCCTG-1",0
"GGGTCTGTCCGTAGTA-1",0
"GGGTTGCAGACAGAGA-1",0
"GGGTTGCAGACCTTTG-1",7.47265915900338
"GGGTTGCAGATCGATA-1",1.62596052042962
"GGGTTGCAGGGTGTTG-1",0
"GGGTTGCAGGTGGGTT-1",1.8409030527332
"GGGTTGCCAATAACGA-1",0
"GGGTTGCCACGCCAGT-1",0
"GGGTTGCCATTAACCG-1",0
"GGGTTGCGTACATCCA-1",3.593648277467
"GGGTTGCGTAGCGCAA-1",0
"GGGTTGCGTCCTCCAT-1",1.75838777152377
"GGGTTGCGTCGAGTTT-1",4.89728977465415
"GGGTTGCGTGAGTATA-1",0
"GGGTTGCGTGTGACCC-1",0
"GGGTTGCTCGTACCGG-1",2.87506114583971
"GGTATTGAGCACCGTC-1",0
"GGTATTGAGCTATGCT-1",0
"GGTATTGCACATCCAA-1",3.37107161980673
"GGTATTGCAGCTTCGG-1",0
"GGTATTGGTTCCGTCT-1",1.95922753715815
"GGTATTGTCAGAAATG-1",2.34582842317609
"GGTATTGTCCATTCTA-1",1.47641779932178
"GGTATTGTCGCCAGCA-1",0
"GGTGAAGAGACACGAC-1",0
"GGTGAAGAGATCCGAG-1",0
"GGTGAAGCAAGGTGTG-1",1.80183004779165
"GGTGAAGCACTCGACG-1",0
"GGTGAAGCAGTATGCT-1",0
"GGTGAAGGTATGAAAC-1",1.48586893971067
"GGTGAAGGTCAGAATA-1",1.8099041925235
"GGTGAAGGTGGTACAG-1",3.48718176392433
"GGTGAAGGTGTATGGG-1",0
"GGTGAAGGTGTCTGAT-1",0
"GGTGAAGGTGTGGTTT-1",3.21486874886433
"GGTGAAGGTGTGTGCC-1",0
"GGTGAAGTCACGATGT-1",0
"GGTGAAGTCACTCTTA-1",0
"GGTGAAGTCTGGCGTG-1",7.17838019124456
"GGTGCGTAGGTGATTA-1",0
"GGTGCGTAGTACGATA-1",5.11955547482139
"GGTGCGTCACTTAAGC-1",1.49278393904348
"GGTGCGTCAGCTGTAT-1",1.81850243568804
"GGTGCGTGTTCGTTGA-1",0
"GGTGCGTTCCGTACAA-1",3.11969921950385
"GGTGCGTTCTTGACGA-1",1.70409385603583
"GGTGTTAAGGGCTCTC-1",2.09714111877924
"GGTGTTAAGTAGCGGT-1",0
"GGTGTTAAGTGGGATC-1",2.07429610670219
"GGTGTTAAGTTATCGC-1",0
"GGTGTTACAAATCCGT-1",0
"GGTGTTACACGGATAG-1",0
"GGTGTTAGTAATCACC-1",0
"GGTGTTAGTAGCAAAT-1",0
"GGTGTTAGTGTATGGG-1",3.84101293024768
"GGTGTTAGTTGAACTC-1",0
"GGTGTTATCGGACAAG-1",0
"GGTGTTATCGGTGTTA-1",1.81893505460702
"GGTGTTATCTACTTAC-1",0
"GTAACGTAGGTGACCA-1",0
"GTAACGTCACAGGCCT-1",1.85623049348733
"GTAACGTGTACCATCA-1",0
"GTAACGTGTGAGTATA-1",0
"GTAACGTGTTACGGAG-1",0
"GTAACGTGTTAGGGTG-1",0
"GTAACGTTCGGTCCGA-1",6.73892344048348
"GTAACGTTCTCATTCA-1",1.8099041925235
"GTAACTGAGTGGGTTG-1",1.8099041925235
"GTAACTGCAATGGAAT-1",1.61490021214288
"GTAACTGCACAGGCCT-1",0
"GTAACTGCAGGATCGA-1",1.33220776882673
"GTAACTGCATCGGGTC-1",0
"GTAACTGGTATTACCG-1",1.64021460899844
"GTAACTGTCACGGTTA-1",0
"GTAACTGTCTACTATC-1",0
"GTACGTAAGGTGCTTT-1",1.5724110491452
"GTACGTACAGGAATGC-1",0
"GTACGTACATGGATGG-1",0
"GTACGTAGTGAGTGAC-1",0
"GTACGTAGTTGGTAAA-1",0
"GTACGTATCACCTCGT-1",5.55946947725147
"GTACGTATCATCGGAT-1",0
"GTACGTATCCACTGGG-1",0
"GTACTCCAGGCAGTCA-1",0
"GTACTCCCAATAGCGG-1",0
"GTACTCCCACAGGTTT-1",0
"GTACTCCTCACCTTAT-1",3.46888529472939
"GTACTCCTCATTGCCC-1",2.32235164265114
"GTACTCCTCCTTCAAT-1",0
"GTACTTTCAGTTAACC-1",0
"GTACTTTCATGTCGAT-1",2.92144127732388
"GTACTTTTCCGAAGAG-1",0
"GTAGGCCAGCAATCTC-1",0
"GTAGGCCCATTCGACA-1",0
"GTAGGCCGTAACGCGA-1",0
"GTAGGCCGTAAGGGCT-1",4.64095350066301
"GTAGGCCGTACGACCC-1",3.91891976366543
"GTAGGCCGTTCAGGCC-1",0
"GTAGGCCGTTGATTGC-1",0
"GTAGGCCTCAGCACAT-1",0
"GTAGTCAAGAATGTGT-1",0
"GTAGTCAAGATGCCTT-1",0
"GTAGTCAAGGACGAAA-1",0
"GTAGTCAAGTGAAGAG-1",0
"GTAGTCATCGTCACGG-1",2.87506114583971
"GTAGTCATCTGAAAGA-1",5.72735828218801
"GTATCTTAGAAACCAT-1",0
"GTATCTTAGGCTATCT-1",0
"GTATCTTAGTTGTCGT-1",5.11546922618417
"GTATCTTCACACCGCA-1",6.73892344048348
"GTATCTTCACGAAGCA-1",1.8099041925235
"GTATCTTGTTCGCTAA-1",3.593648277467
"GTATCTTTCATGCTCC-1",6.10487188118631
"GTATCTTTCATGTAGC-1",0
"GTATTCTAGAAACCAT-1",0
"GTATTCTAGACAAAGG-1",0
"GTATTCTCAAAGTCAA-1",1.75838777152377
"GTATTCTCAACAACCT-1",1.5724110491452
"GTATTCTCAACTTGAC-1",0
"GTATTCTCAATAAGCA-1",3.17586466176615
"GTATTCTCAGGGTTAG-1",1.82764235530237
"GTATTCTCATACTACG-1",1.64021460899844
"GTATTCTCATGGTAGG-1",3.93480612051164
"GTATTCTGTAGTGAAT-1",3.86011115322974
"GTATTCTGTCTAGAGG-1",1.7575931396333
"GTCAAGTCATATGCTG-1",0
"GTCAAGTCATGGTTGT-1",3.95606670818619
"GTCAAGTGTCAGCTAT-1",0
"GTCAAGTGTTCCACTC-1",5.54351108928617
"GTCACAAAGCCGATTT-1",0
"GTCACAAAGTGGAGTC-1",3.11969921950385
"GTCACAACAGGTGGAT-1",0
"GTCACAAGTAAACGCG-1",0
"GTCACAATCAGGATCT-1",1.39979475577479
"GTCACAATCAGTTGAC-1",0
"GTCACAATCATGCATG-1",0
"GTCACGGAGATCACGG-1",0
"GTCACGGCATATACCG-1",0
"GTCACGGGTGAGTGAC-1",0
"GTCACGGGTGTGGCTC-1",3.5072888212439
"GTCACGGTCGAGAGCA-1",1.70409385603583
"GTCACGGTCTACCTGC-1",0
"GTCATTTAGAGACTAT-1",5.11546922618417
"GTCATTTCACGTGAGA-1",0
"GTCATTTGTAGAAGGA-1",0
"GTCATTTGTCAGATAA-1",4.3000490137941
"GTCATTTTCCAGAGGA-1",1.8409030527332
"GTCCTCAAGCCCAACC-1",0
"GTCCTCAAGTAGATGT-1",1.8409030527332
"GTCCTCAAGTGGGCTA-1",0
"GTCCTCACAATCACAC-1",0
"GTCCTCAGTGGAAAGA-1",0
"GTCCTCATCAAAGACA-1",0
"GTCCTCATCGTCCGTT-1",4.3000490137941
"GTCGGGTCACTGAAGG-1",0
"GTCGGGTCACTTCGAA-1",0
"GTCGGGTCATGAAGTA-1",0
"GTCGGGTGTCTCACCT-1",4.89728977465415
"GTCGGGTGTGTGACGA-1",7.58027808871831
"GTCGGGTGTGTGTGCC-1",1.42349176764663
"GTCGGGTGTTACGTCA-1",0
"GTCGGGTTCTGCTGTC-1",1.70335857875318
"GTCGGGTTCTGTGCAA-1",7.17838019124456
"GTCGTAAAGAGATGAG-1",0
"GTCGTAAAGCTGCAAG-1",0
"GTCGTAAAGGCGACAT-1",1.48586893971067
"GTCGTAACATCACGAT-1",3.15001906754056
"GTCGTAAGTATCACCA-1",3.52245297829927
"GTCGTAATCCAAGTAC-1",0
"GTCTCGTAGACCACGA-1",0
"GTCTCGTCAGGAACGT-1",0
"GTCTCGTGTGGTAACG-1",0
"GTCTCGTGTTTGGCGC-1",0
"GTCTCGTTCACCGGGT-1",5.51561241257483
"GTCTCGTTCAGTGCAT-1",1.48586893971067
"GTCTTCGAGACAAGCC-1",0
"GTCTTCGAGGAATGGA-1",0
"GTCTTCGAGTCAAGCG-1",0
"GTCTTCGCACATGGGA-1",5.11955547482139
"GTCTTCGCACCAGGTC-1",0
"GTCTTCGCAGACGCAA-1",0
"GTCTTCGCATAACCTG-1",5.54351108928617
"GTCTTCGCATCGATGT-1",1.49896467357776
"GTCTTCGGTCTAGTGT-1",0
"GTCTTCGTCTCGATGA-1",3.78821378701095
"GTGAAGGAGAGCTGGT-1",0
"GTGAAGGAGATCGGGT-1",0
"GTGAAGGAGCCAGTTT-1",0
"GTGAAGGAGTGTTGAA-1",0
"GTGAAGGCAAAGGCGT-1",3.48718176392433
"GTGAAGGCACTTAAGC-1",1.48586893971067
"GTGAAGGCAGATTGCT-1",0
"GTGAAGGGTATATGGA-1",0
"GTGAAGGGTCTCTCTG-1",0
"GTGAAGGTCTCCTATA-1",0
"GTGCAGCAGACATAAC-1",3.86442306568601
"GTGCAGCAGTGGTCCC-1",0
"GTGCAGCCACATCTTT-1",0
"GTGCAGCGTGAGTATA-1",0
"GTGCAGCTCTTAGAGC-1",1.70335857875318
"GTGCATAAGGCATGGT-1",0
"GTGCATAGTTTGTTGG-1",1.43973441589081
"GTGCATATCAGAGCTT-1",6.43645791581705
"GTGCATATCATCATTC-1",0
"GTGCATATCTGCGTAA-1",0
"GTGCGGTAGCAATCTC-1",3.37107161980673
"GTGCGGTAGGACAGAA-1",0
"GTGCGGTCAAAGGTGC-1",0
"GTGCGGTGTTCAGACT-1",1.81333117234219
"GTGCGGTGTTCTGTTT-1",1.86401676145941
"GTGCGGTTCATCTGCC-1",0
"GTGCGGTTCCAGGGCT-1",0
"GTGCGGTTCGGATGGA-1",0
"GTGCGGTTCTCGTTTA-1",3.37107161980673
"GTGCGGTTCTGCTGTC-1",2.18969623684201
"GTGCTTCAGCCAGTTT-1",4.80694014695986
"GTGCTTCAGGATTCGG-1",0
"GTGCTTCAGTACACCT-1",0
"GTGCTTCCACTTAACG-1",1.58032559746718
"GTGCTTCCAGCTATTG-1",0
"GTGCTTCGTAGAGTGC-1",0
"GTGCTTCTCACAATGC-1",1.71148987556376
"GTGCTTCTCACTTCAT-1",0
"GTGGGTCAGACCGGAT-1",0
"GTGGGTCAGACTGTAA-1",0
"GTGGGTCAGCCGTCGT-1",1.82764235530237
"GTGGGTCCACCAACCG-1",0
"GTGGGTCCACCACCAG-1",0
"GTGTGCGAGACCGGAT-1",1.8409030527332
"GTGTGCGAGACTTGAA-1",1.7575931396333
"GTGTGCGCAGGTCGTC-1",0
"GTGTGCGGTGAGCGAT-1",0
"GTGTGCGTCAGTCAGT-1",7.58027808871831
"GTGTGCGTCCCTTGTG-1",0
"GTGTGCGTCTAACTTC-1",1.70409385603583
"GTGTTAGAGGACAGAA-1",3.86442306568601
"GTGTTAGAGGCATGGT-1",1.49896467357776
"GTGTTAGAGTGGAGAA-1",0
"GTGTTAGAGTTTGCGT-1",0
"GTGTTAGCAATGGAAT-1",1.81850243568804
"GTGTTAGCACCACCAG-1",0
"GTGTTAGGTGCCTGGT-1",6.68788027532937
"GTGTTAGGTGGAAAGA-1",1.7575931396333
"GTGTTAGGTTCCATGA-1",0
"GTGTTAGGTTGGGACA-1",0
"GTTAAGCAGAGCTGCA-1",0
"GTTAAGCAGATAGCAT-1",3.66331584921335
"GTTAAGCAGCTAACAA-1",0
"GTTAAGCAGGCTACGA-1",6.73892344048348
"GTTAAGCAGTGTACCT-1",1.86401676145941
"GTTAAGCAGTTTGCGT-1",0
"GTTAAGCCATTCACTT-1",0
"GTTAAGCGTACTCGCG-1",3.43263531666218
"GTTAAGCGTCTAGGTT-1",0
"GTTAAGCGTGGCAAAC-1",3.48718176392433
"GTTAAGCGTTGCTCCT-1",0
"GTTAAGCTCCTTTCGG-1",3.37107161980673
"GTTACAGAGAGCTATA-1",1.86724712895827
"GTTACAGAGTACGATA-1",0
"GTTACAGCAGACGCCT-1",1.8099041925235
"GTTACAGCATCGGTTA-1",0
"GTTACAGGTATGGTTC-1",0
"GTTACAGGTCGACTGC-1",0
"GTTACAGGTCTAGGTT-1",0
"GTTCATTAGCGATGAC-1",0
"GTTCATTCATATACGC-1",0
"GTTCATTCATTGGCGC-1",0
"GTTCATTGTGCACGAA-1",7.47265915900338
"GTTCATTGTGTTAAGA-1",1.94883010990704
"GTTCATTGTTCAGTAC-1",0
"GTTCGGGAGACGACGT-1",0
"GTTCGGGAGCTAAGAT-1",2.14626690973484
"GTTCGGGAGTGTCTCA-1",0
"GTTCGGGGTAGGGTAC-1",1.74149763444717
"GTTCGGGGTGCAGGTA-1",3.91891976366543
"GTTCGGGTCCACGCAG-1",0
"GTTCGGGTCTACTTAC-1",0
"GTTCTCGAGACCACGA-1",0
"GTTCTCGAGCGATGAC-1",0
"GTTCTCGAGGCCATAG-1",0
"GTTCTCGCATCGGACC-1",1.81850243568804
"GTTCTCGGTAAGGGAA-1",1.57210853934006
"GTTCTCGGTAGCGTAG-1",0
"GTTCTCGGTCCGTGAC-1",7.63455804677787
"GTTCTCGGTGTTAAGA-1",0
"GTTCTCGTCAACGCTA-1",0
"GTTCTCGTCCTGTACC-1",1.49896467357776
"GTTTCTACAAACCTAC-1",0
"GTTTCTACAAGAAAGG-1",0
"GTTTCTAGTGTTGGGA-1",0
"GTTTCTATCCCAACGG-1",1.47641779932178
"GTTTCTATCCGTAGTA-1",3.52599317573573
"GTTTCTATCGGCATCG-1",1.33220776882673
"TAAACCGGTACTTAGC-1",1.55156609912805
"TAAACCGTCACTCTTA-1",1.43973441589081
"TAAACCGTCAGGCGAA-1",0
"TAAACCGTCCGTTGTC-1",1.43973441589081
"TAAACCGTCTTCCTTC-1",0
"TAAGAGACAAGTTGTC-1",0
"TAAGAGAGTATATCCG-1",0
"TAAGAGATCAATCACG-1",0
"TAAGAGATCTAACGGT-1",4.89728977465415
"TAAGAGATCTTTCCTC-1",0
"TAAGCGTAGTGGACGT-1",3.11386488572065
"TAAGCGTAGTGTCTCA-1",0
"TAAGCGTCAGCTTCGG-1",0
"TAAGCGTCAGGTGGAT-1",0
"TAAGCGTGTCCTGCTT-1",0
"TAAGCGTGTGCCTGGT-1",1.70409385603583
"TAAGCGTGTTGTTTGG-1",0
"TAAGCGTTCCTCATTA-1",3.86141616929398
"TAAGCGTTCGGCGCAT-1",2.07551397826316
"TAAGCGTTCTCGCATC-1",0
"TAAGTGCAGGCTAGGT-1",0
"TAAGTGCAGTAGCGGT-1",0
"TAAGTGCCAACGCACC-1",1.97296240954775
"TAAGTGCCATACAGCT-1",1.74695236167273
"TAAGTGCGTAAACACA-1",2.32235164265114
"TAAGTGCGTCTCACCT-1",1.8409030527332
"TAAGTGCGTTCAGACT-1",1.64021460899844
"TAAGTGCTCACCCTCA-1",3.34706701841035
"TAAGTGCTCACTGGGC-1",2.2029337810686
"TAAGTGCTCTGGCGTG-1",5.54351108928617
"TACACGACACCCATTC-1",0
"TACACGAGTGATAAAC-1",1.94883010990704
"TACACGATCTGTCTCG-1",3.51044988750684
"TACAGTGAGATGCGAC-1",1.39979475577479
"TACAGTGAGCGTTGCC-1",0
"TACAGTGAGTGTACGG-1",4.97513110580574
"TACAGTGCAGGAATCG-1",1.84717530836962
"TACAGTGCAGGTGCCT-1",1.8099041925235
"TACAGTGGTACTCAAC-1",0
"TACAGTGGTTGGACCC-1",0
"TACCTATAGAGCTGGT-1",1.47641779932178
"TACCTATAGAGTTGGC-1",2.07551397826316
"TACCTATAGGCTCATT-1",0
"TACCTATAGTTAGCGG-1",1.81893505460702
"TACCTATCAAGCTGGA-1",0
"TACCTATGTAAATGAC-1",1.39979475577479
"TACCTATGTAGAGTGC-1",0
"TACCTATGTCACCTAA-1",0
"TACCTATGTGTTGAGG-1",0
"TACCTATGTTAAAGAC-1",1.63753974531612
"TACCTATTCTATGTGG-1",0
"TACCTATTCTTCCTTC-1",3.95606670818619
"TACCTTAAGAGGTTGC-1",4.05336704721763
"TACCTTAAGTCAAGCG-1",0
"TACCTTAAGTGGTCCC-1",1.71447050547872
"TACCTTACAACTGGCC-1",5.71212937285212
"TACCTTACAAGGGTCA-1",3.17586466176615
"TACCTTACACTCAGGC-1",0
"TACCTTACATCTACGA-1",0
"TACCTTAGTAGCGTCC-1",0
"TACCTTAGTCTCCACT-1",4.78456221893771
"TACGGATAGATGGCGT-1",0
"TACGGATAGGTACTCT-1",0
"TACGGATCAGGGATTG-1",0
"TACGGATCATCACCCT-1",0
"TACGGATGTCTAGCCG-1",1.71260611304887
"TACGGATTCGGTGTCG-1",0
"TACGGATTCTACTATC-1",1.97296240954775
"TACGGGCAGGATGCGT-1",0
"TACGGGCAGGGAACGG-1",0
"TACGGGCAGTATTGGA-1",0
"TACGGGCAGTCAAGCG-1",0
"TACGGGCCAAGAAGAG-1",0
"TACGGGCCACCAGATT-1",0
"TACGGGCCATCAGTAC-1",1.64021460899844
"TACGGGCGTAAGGGCT-1",0
"TACGGGCGTCTGATTG-1",0
"TACGGGCGTGATGTGG-1",0
"TACGGGCTCACCTTAT-1",0
"TACGGGCTCAGCTCTC-1",0
"TACGGGCTCCACGAAT-1",3.32639008770664
"TACGGGCTCCTATTCA-1",3.8748130660171
"TACGGGCTCGGTGTTA-1",0
"TACGGTAAGATATGGT-1",0
"TACGGTAAGCCGATTT-1",0
"TACGGTAAGTCATGCT-1",0
"TACGGTAAGTGCCATT-1",1.71260611304887
"TACGGTACACAGGCCT-1",1.82895755035911
"TACGGTACATTTCAGG-1",1.5724110491452
"TACGGTAGTATATCCG-1",4.89728977465415
"TACGGTAGTCACTTCC-1",0
"TACGGTAGTGCAGGTA-1",0
"TACGGTAGTGGGTATG-1",0
"TACGGTATCGCAGGCT-1",7.29094809789236
"TACGGTATCGGACAAG-1",0
"TACGGTATCGTTTATC-1",1.71148987556376
"TACTCATAGTCACGCC-1",1.49896467357776
"TACTCATCAATCTACG-1",5.78643224276848
"TACTCATCACGGTAGA-1",0
"TACTCATCACTTCTGC-1",0
"TACTCATCATCCGTGG-1",0
"TACTCATCATGTCGAT-1",5.67766785245865
"TACTCATGTACAGCAG-1",2.56587293175947
"TACTCATGTCTTCAAG-1",0
"TACTCATTCCTTTCTC-1",0
"TACTCGCAGGCGACAT-1",0
"TACTCGCGTCAGAAGC-1",0
"TACTCGCGTCTGATTG-1",0
"TACTCGCGTGTAACGG-1",0
"TACTCGCGTTGAGTTC-1",0
"TACTCGCTCAACGGGA-1",2.92144127732388
"TACTCGCTCCGAATGT-1",0
"TACTTACAGACTAGGC-1",3.84101293024768
"TACTTACAGCTGAACG-1",1.64021460899844
"TACTTACAGTACACCT-1",5.51561241257483
"TACTTACAGTACGCCC-1",2.18969623684201
"TACTTACAGTGATCGG-1",1.94883010990704
"TACTTACCAAGCCGTC-1",0
"TACTTACCACAGGTTT-1",0
"TACTTACTCGCGTTTC-1",1.43973441589081
"TACTTGTAGCGATATA-1",2.87506114583971
"TACTTGTAGTAATCCC-1",1.82764235530237
"TACTTGTCAAACAACA-1",0
"TACTTGTCATGCAACT-1",6.73892344048348
"TACTTGTGTAGCACGA-1",0
"TACTTGTGTATAAACG-1",0
"TACTTGTGTTCCACAA-1",1.71260611304887
"TACTTGTTCTGCAGTA-1",0
"TAGACCAAGAGACGAA-1",0
"TAGACCAAGCCTCGTG-1",1.80183004779165
"TAGACCAAGTCGATAA-1",0
"TAGACCACAACACCCG-1",1.84358453709264
"TAGACCAGTAGATTAG-1",1.73186132764699
"TAGACCAGTTCATGGT-1",7.5913763576734
"TAGACCATCACTTCAT-1",1.71260611304887
"TAGACCATCGTCACGG-1",0
"TAGACCATCTCCAGGG-1",0
"TAGAGCTAGAATTCCC-1",0
"TAGAGCTAGTATTGGA-1",0
"TAGAGCTCACTGAAGG-1",1.5724110491452
"TAGAGCTGTACTTGAC-1",0
"TAGAGCTGTCTAAAGA-1",3.86141616929398
"TAGCCGGAGACTGGGT-1",0
"TAGCCGGAGTCCCACG-1",0
"TAGCCGGAGTGACATA-1",0
"TAGCCGGCAGCAGTTT-1",1.94883010990704
"TAGCCGGGTACAGTGG-1",0
"TAGCCGGGTACCATCA-1",0
"TAGCCGGGTCGCGAAA-1",1.39979475577479
"TAGCCGGTCACGACTA-1",0
"TAGGCATAGAACTGTA-1",4.3000490137941
"TAGGCATAGCTAGGCA-1",0
"TAGGCATAGTCGTACT-1",0
"TAGGCATAGTTTAGGA-1",0
"TAGGCATCAAGCCTAT-1",0
"TAGGCATCAGACGCAA-1",2.07429610670219
"TAGGCATGTACGAAAT-1",0
"TAGGCATGTCCAGTTA-1",0
"TAGGCATGTTCCACTC-1",0
"TAGGCATTCCCTAACC-1",1.8409030527332
"TAGGCATTCGCTAGCG-1",0
"TAGGCATTCGTAGATC-1",1.8099041925235
"TAGGCATTCTTCATGT-1",2.2029337810686
"TAGTGGTAGATCACGG-1",0
"TAGTGGTAGCTGTTCA-1",0
"TAGTGGTCAGTATAAG-1",0
"TAGTGGTGTAGCGTAG-1",0
"TAGTGGTTCAGCATGT-1",0
"TAGTGGTTCGGCGCAT-1",0
"TAGTGGTTCTCAAGTG-1",0
"TAGTGGTTCTGGGCCA-1",1.39979475577479
"TAGTGGTTCTTTAGTC-1",0
"TAGTTGGAGATAGGAG-1",0
"TAGTTGGCAGACGCAA-1",1.8099041925235
"TAGTTGGCATGCGCAC-1",0
"TAGTTGGGTATGGTTC-1",0
"TAGTTGGTCCGAATGT-1",0
"TAGTTGGTCTACTCAT-1",0
"TAGTTGGTCTCTAAGG-1",1.50058699183651
"TAGTTGGTCTGATACG-1",0
"TATCAGGAGAGTAAGG-1",1.71260611304887
"TATCAGGAGATCCGAG-1",0
"TATCAGGAGCAGATCG-1",3.37260311314866
"TATCAGGAGGTGCTTT-1",6.73892344048348
"TATCAGGCAACTTGAC-1",4.89728977465415
"TATCAGGCACGTTGGC-1",0
"TATCAGGGTCCGTTAA-1",7.63455804677787
"TATCAGGGTCTGCAAT-1",0
"TATCAGGGTTAAAGAC-1",0
"TATCAGGTCAAGATCC-1",1.82764235530237
"TATCAGGTCCACTCCA-1",0
"TATCAGGTCGTAGGTT-1",0
"TATCTCAAGAGTTGGC-1",0
"TATCTCAAGCCACCTG-1",1.33220776882673
"TATCTCAAGCGTAATA-1",0
"TATCTCAAGGCTAGCA-1",0
"TATCTCAAGTGGGCTA-1",3.91891976366543
"TATCTCACATGTCCTC-1",0
"TATCTCAGTAACGACG-1",0
"TATCTCAGTACCTACA-1",1.74656133085108
"TATCTCAGTACGACCC-1",0
"TATCTCAGTCAATGTC-1",0
"TATCTCATCAAGCCTA-1",1.5724110491452
"TATGCCCAGAAACCGC-1",0
"TATGCCCAGGTAGCTG-1",5.78643224276848
"TATGCCCCAATGGAAT-1",0
"TATGCCCCACTTAACG-1",0
"TATGCCCCATGTTCCC-1",3.26949136862092
"TATGCCCGTAGCCTCG-1",1.75838777152377
"TATGCCCGTATAGGGC-1",0
"TATGCCCGTATGAAAC-1",0
"TATGCCCGTCGCCATG-1",0
"TATGCCCGTGCCTTGG-1",1.81505080370736
"TATGCCCGTTAAGATG-1",0
"TATGCCCGTTGGTGGA-1",4.27750632883292
"TATGCCCGTTTAGGAA-1",0
"TATTACCAGAGAGCTC-1",0
"TATTACCAGCAAATCA-1",3.11969921950385
"TATTACCAGCCCGAAA-1",0
"TATTACCAGTATCTCG-1",1.94883010990704
"TATTACCCAAAGTGCG-1",4.05336704721763
"TATTACCCAGACAAGC-1",0
"TATTACCCAGTCAGCC-1",0
"TATTACCCATAAAGGT-1",0
"TATTACCCATCTACGA-1",1.80521862260206
"TATTACCGTCCAGTAT-1",2.87506114583971
"TCAACGAAGCCGATTT-1",1.6132890083362
"TCAACGAAGCGATGAC-1",0
"TCAACGAAGGCATGTG-1",1.70409385603583
"TCAACGAAGTAGTGCG-1",0
"TCAACGACACCAGGCT-1",3.86141616929398
"TCAACGACATGCCTTC-1",1.39979475577479
"TCAACGAGTTACCAGT-1",0
"TCAACGAGTTCCATGA-1",0
"TCAACGAGTTCTGGTA-1",0
"TCAACGATCAGTCCCT-1",0
"TCAACGATCTGTGCAA-1",0
"TCAATCTAGATCCCGC-1",3.46888529472939
"TCAATCTCACAAGCCC-1",6.73892344048348
"TCAATCTCACAGCCCA-1",5.78643224276848
"TCAATCTCATGACGGA-1",1.82764235530237
"TCAATCTCATTTGCTT-1",7.61659123092448
"TCAATCTGTAGTGAAT-1",0
"TCAATCTGTTAGATGA-1",1.67527766992964
"TCAATCTTCAGATAAG-1",0
"TCAATCTTCATGTCCC-1",0
"TCACAAGAGACTGGGT-1",3.11969921950385
"TCACAAGAGAGAGCTC-1",1.71447050547872
"TCACAAGAGGCCCTCA-1",0
"TCACAAGAGGTGGGTT-1",0
"TCACAAGAGTAGATGT-1",0
"TCACAAGCAGTATGCT-1",0
"TCACAAGCATAACCTG-1",2.32235164265114
"TCACAAGCATGACATC-1",0
"TCACAAGGTCAGATAA-1",3.26949136862092
"TCACAAGGTGTGGTTT-1",0
"TCACAAGTCATCATTC-1",7.17838019124456
"TCACAAGTCATGCATG-1",0
"TCACGAAAGCTCCTTC-1",0
"TCACGAAAGGTGCTTT-1",0
"TCACGAAAGTCTCGGC-1",1.43973441589081
"TCACGAACACAAGACG-1",0
"TCACGAACACTGTCGG-1",0
"TCACGAAGTGGTCCGT-1",0
"TCACGAAGTTGGTGGA-1",1.84358453709264
"TCACGAATCATGCAAC-1",2.14626690973484
"TCACGAATCCCGACTT-1",0
"TCACGAATCCTCGCAT-1",0
"TCACGAATCGTCACGG-1",0
"TCAGATGAGGTGCACA-1",1.81850243568804
"TCAGATGGTCTTGTCC-1",0
"TCAGATGGTGCCTGCA-1",0
"TCAGATGGTGCTGTAT-1",0
"TCAGATGTCAGTTTGG-1",1.73186132764699
"TCAGATGTCGCATGAT-1",6.43645791581705
"TCAGATGTCTCCTATA-1",0
"TCAGCAAAGGAGTCTG-1",1.33220776882673
"TCAGCAAAGGCTCATT-1",0
"TCAGCAAAGTACGACG-1",6.73892344048348
"TCAGCAAAGTGGCACA-1",0
"TCAGCAACACGCATCG-1",1.62596052042962
"TCAGCAAGTACCGGCT-1",0
"TCAGCAATCAGCGATT-1",1.55156609912805
"TCAGCAATCGGAAACG-1",0
"TCAGCAATCTTCAACT-1",3.32639008770664
"TCAGCTCAGGTGTTAA-1",5.54351108928617
"TCAGCTCAGTATGACA-1",0
"TCAGCTCCAATCTGCA-1",0
"TCAGCTCCACGGTTTA-1",2.07551397826316
"TCAGCTCGTAATAGCA-1",1.81893505460702
"TCAGCTCGTCCGTCAG-1",1.64021460899844
"TCAGCTCGTTCACGGC-1",3.43263531666218
"TCAGCTCTCACGATGT-1",3.11969921950385
"TCAGCTCTCATGCATG-1",0
"TCAGCTCTCCTAAGTG-1",1.5293831535913
"TCAGCTCTCTCGTATT-1",0
"TCAGGATAGACAGAGA-1",5.54351108928617
"TCAGGATAGATATGGT-1",0
"TCAGGATCAAACGTGG-1",7.63455804677787
"TCAGGATCAAGTTCTG-1",0
"TCAGGATCACGGTGTC-1",0
"TCAGGATCACTGTGTA-1",0
"TCAGGATCAGCATACT-1",0
"TCAGGATCATCTGGTA-1",0
"TCAGGATGTAAGCACG-1",1.63753974531612
"TCAGGATGTGGCCCTA-1",0
"TCAGGATTCCGATATG-1",0
"TCAGGATTCTCGATGA-1",1.71260611304887
"TCAGGTAAGATGGCGT-1",4.80643948077247
"TCAGGTAAGTGTTTGC-1",0
"TCAGGTACACAAGTAA-1",0
"TCAGGTACACAGAGGT-1",0
"TCAGGTACAGCTGCTG-1",1.8099041925235
"TCAGGTAGTAAACGCG-1",1.73186132764699
"TCATTACAGAAACCAT-1",1.71260611304887
"TCATTACAGGAGTTGC-1",0
"TCATTACAGTTGCAGG-1",3.43263531666218
"TCATTACCACATCCAA-1",1.84358453709264
"TCATTACCAGTCAGCC-1",0
"TCATTACGTACGCACC-1",9.55675207595688
"TCATTACGTCTAGAGG-1",1.62596052042962
"TCATTACGTGAAGGCT-1",1.7575931396333
"TCATTACGTTCTGTTT-1",0
"TCATTACTCATCGATG-1",8.08264747143016
"TCATTTGAGCCAGTTT-1",0
"TCATTTGCACGTCTCT-1",0
"TCATTTGCAGTTAACC-1",0
"TCATTTGTCCAGAGGA-1",0
"TCATTTGTCCCTTGCA-1",1.8099041925235
"TCATTTGTCCGTCAAA-1",3.37260311314866
"TCATTTGTCGCTAGCG-1",3.32639008770664
"TCATTTGTCGTACGGC-1",0
"TCATTTGTCTCTGCTG-1",0
"TCCACACCAAAGAATC-1",8.14467363714737
"TCCACACCACGCCAGT-1",0
"TCCACACGTACAGCAG-1",0
"TCCACACGTAGCCTAT-1",0
"TCCACACGTCATCGGC-1",1.73186132764699
"TCCACACGTGACCAAG-1",0
"TCCACACGTGCGAAAC-1",0
"TCCACACTCAACACCA-1",0
"TCCACACTCCAGTATG-1",0
"TCCACACTCCCATTTA-1",0
"TCCACACTCGAACTGT-1",3.52757407410417
"TCCCGATAGAAGAAGC-1",0
"TCCCGATAGCACAGGT-1",1.8409030527332
"TCCCGATAGCCGGTAA-1",0
"TCCCGATCAAGGTTCT-1",1.55156609912805
"TCCCGATCAGCCAATT-1",3.48718176392433
"TCCCGATCATCCAACA-1",0
"TCCCGATGTAAGGATT-1",1.42349176764663
"TCCCGATGTCAATACC-1",8.08264747143016
"TCCCGATTCAGAAATG-1",0
"TCCCGATTCAGTCCCT-1",4.80643948077247
"TCCCGATTCATCTGTT-1",1.48586893971067
"TCCCGATTCCCTAATT-1",0
"TCCCGATTCTGGAGCC-1",0
"TCGAGGCAGCGATGAC-1",3.37260311314866
"TCGAGGCAGTGTTTGC-1",0
"TCGAGGCCAAAGAATC-1",1.5724110491452
"TCGAGGCCAAGTTCTG-1",8.14467363714737
"TCGAGGCCAGTAACGG-1",0
"TCGAGGCGTATATCCG-1",0
"TCGAGGCTCGCAAGCC-1",0
"TCGAGGCTCTTGAGAC-1",0
"TCGAGGCTCTTTCCTC-1",0
"TCGCGAGAGACAAAGG-1",3.593648277467
"TCGCGAGAGTGAATTG-1",0
"TCGCGAGCAAGCGTAG-1",1.63454315139715
"TCGCGAGCACCGAATT-1",0
"TCGCGAGCAGTAAGAT-1",0
"TCGCGAGTCCACGAAT-1",0
"TCGCGAGTCTAGCACA-1",2.87506114583971
"TCGCGAGTCTCTAGGA-1",1.86401676145941
"TCGCGAGTCTTCATGT-1",3.43263531666218
"TCGCGTTAGTGGGCTA-1",0
"TCGCGTTCACAGGCCT-1",0
"TCGCGTTCATCACAAC-1",0
"TCGCGTTCATCTCGCT-1",1.94883010990704
"TCGCGTTGTTCACCTC-1",0
"TCGCGTTTCAAGATCC-1",1.49896467357776
"TCGCGTTTCAGGTAAA-1",1.82764235530237
"TCGCGTTTCATTCACT-1",1.87702456431488
"TCGCGTTTCCTGTACC-1",0
"TCGCGTTTCGCCCTTA-1",1.84717530836962
"TCGGGACCACACATGT-1",0
"TCGGGACTCCTTGCCA-1",3.52757407410417
"TCGGGACTCTGCGGCA-1",0
"TCGGGACTCTTGTCAT-1",1.71447050547872
"TCGGTAAAGACAGGCT-1",0
"TCGGTAAAGCTCAACT-1",0
"TCGGTAACAAGCTGAG-1",0
"TCGGTAACAGGAATGC-1",1.84717530836962
"TCGGTAAGTATATGGA-1",0
"TCGGTAAGTCTAGTCA-1",1.77569188836057
"TCGGTAATCCCGGATG-1",3.11969921950385
"TCGTACCAGCAGGCTA-1",1.75838777152377
"TCGTACCAGTTTCCTT-1",0
"TCGTACCGTTTGCATG-1",0
"TCGTACCTCGGGAGTA-1",1.75838777152377
"TCGTAGAAGCTAACTC-1",0
"TCGTAGAAGGCGACAT-1",0
"TCGTAGAAGGGAACGG-1",3.95606670818619
"TCGTAGAAGTCCATAC-1",0
"TCGTAGACAATCCAAC-1",0
"TCGTAGACACTCAGGC-1",1.71148987556376
"TCGTAGAGTATGAATG-1",0
"TCGTAGAGTGAGCGAT-1",4.05336704721763
"TCGTAGAGTGTGTGCC-1",0
"TCGTAGAGTTCAACCA-1",0
"TCGTAGAGTTCCATGA-1",0
"TCGTAGATCCAAGCCG-1",0
"TCGTAGATCTTAGCCC-1",1.49896467357776
"TCTATTGAGCGATTCT-1",3.52757407410417
"TCTATTGAGTGCCATT-1",0
"TCTATTGCACATCTTT-1",1.49278393904348
"TCTATTGGTAAGTGTA-1",3.64536684184138
"TCTATTGGTCCAACTA-1",0
"TCTATTGGTCTGCCAG-1",1.81505080370736
"TCTATTGGTTGCTCCT-1",4.80643948077247
"TCTATTGTCGGCGCTA-1",0
"TCTCATAAGCTAAACA-1",0
"TCTCATAAGCTAGTCT-1",1.5293831535913
"TCTCATAAGTGCCATT-1",4.973815910749
"TCTCATAGTACCGGCT-1",0
"TCTCATAGTGTAAGTA-1",0
"TCTCATATCAAGCCTA-1",1.80691893083543
"TCTCATATCACCTTAT-1",1.80183004779165
"TCTCATATCCTGTACC-1",0
"TCTCTAAAGACCGGAT-1",3.46888529472939
"TCTCTAAAGGGTGTTG-1",1.48586893971067
"TCTCTAACAGCCTATA-1",0
"TCTCTAAGTCCAGTAT-1",4.64095350066301
"TCTCTAAGTCCATGAT-1",0
"TCTCTAAGTCTCATCC-1",0
"TCTCTAAGTGGAAAGA-1",0
"TCTCTAATCAAACCAC-1",0
"TCTCTAATCACAGGCC-1",3.43263531666218
"TCTCTAATCACATACG-1",0
"TCTCTAATCCGTAGGC-1",0
"TCTCTAATCGTATCAG-1",1.39979475577479
"TCTGAGACAAACCTAC-1",0
"TCTGAGACAGAGTGTG-1",5.71212937285212
"TCTGAGAGTAAGGGAA-1",0
"TCTGAGATCCTTGACC-1",1.86401676145941
"TCTGAGATCTATCCTA-1",4.3000490137941
"TCTGGAAAGCGATGAC-1",0
"TCTGGAAAGCTCTCGG-1",5.48332951432592
"TCTGGAAAGGAGCGAG-1",4.3000490137941
"TCTGGAACACAAGACG-1",3.91891976366543
"TCTGGAACACACTGCG-1",3.593648277467
"TCTGGAACACTTCTGC-1",2.34582842317609
"TCTGGAAGTGAGTATA-1",3.5072888212439
"TCTTCGGAGGTTCCTA-1",1.73186132764699
"TCTTCGGAGTTCGATC-1",4.973815910749
"TCTTCGGCAAAGCAAT-1",0
"TCTTCGGCAAAGGTGC-1",0
"TCTTCGGCAATAGCAA-1",0
"TCTTCGGCAATGTAAG-1",1.5293831535913
"TCTTCGGCACACCGAC-1",0
"TCTTCGGCAGCCAATT-1",0
"TCTTCGGGTCATTAGC-1",0
"TCTTCGGTCGTAGGTT-1",4.973815910749
"TCTTCGGTCTCTAAGG-1",0
"TCTTTCCAGAGAGCTC-1",1.80183004779165
"TCTTTCCAGTCATCCA-1",0
"TCTTTCCCATCTCCCA-1",2.81009534174517
"TCTTTCCGTAATCACC-1",1.5724110491452
"TCTTTCCGTAGTACCT-1",0
"TCTTTCCTCACAACGT-1",1.48586893971067
"TCTTTCCTCAGCTGGC-1",0
"TCTTTCCTCCAAGTAC-1",0
"TCTTTCCTCCTCGCAT-1",0
"TGAAAGAAGCTAAGAT-1",0
"TGAAAGACAAGCCGTC-1",0
"TGAAAGACACATTCGA-1",1.95922753715815
"TGAAAGACATGAGCGA-1",0
"TGAAAGAGTCTAGCGC-1",3.11969921950385
"TGAAAGAGTCTCATCC-1",3.52599317573573
"TGAAAGATCCCGACTT-1",0
"TGAAAGATCTATGTGG-1",0
"TGACAACCAAGCGAGT-1",0
"TGACAACGTAGGGACT-1",0
"TGACAACGTGCGCTTG-1",0
"TGACAACGTGGTTTCA-1",1.94883010990704
"TGACAACTCACAAACC-1",0
"TGACAACTCCACGTGG-1",0
"TGACAACTCGAATGCT-1",1.64021460899844
"TGACGGCAGCGCCTCA-1",0
"TGACGGCAGGCTCAGA-1",1.84358453709264
"TGACGGCAGTCAAGCG-1",0
"TGACGGCCACAGACTT-1",3.593648277467
"TGACGGCGTCATCCCT-1",0
"TGACGGCTCAGGCGAA-1",0
"TGACGGCTCCACTGGG-1",4.05336704721763
"TGACTAGAGACCCACC-1",0
"TGACTAGAGGGCATGT-1",0
"TGACTAGAGTCTCAAC-1",0
"TGACTAGAGTTGAGAT-1",0
"TGACTAGCAGCATACT-1",0
"TGACTAGCAGTCAGAG-1",0
"TGACTAGCATTTCACT-1",1.71148987556376
"TGACTAGGTAAATACG-1",0
"TGACTAGGTGAAAGAG-1",0
"TGACTAGGTGCAGTAG-1",0
"TGACTAGTCATGCATG-1",0
"TGACTAGTCCATGCTC-1",1.42349176764663
"TGACTAGTCTGTTGAG-1",0
"TGACTTTAGAACAATC-1",0
"TGACTTTAGTCTCGGC-1",1.82895755035911
"TGACTTTAGTTAGGTA-1",0
"TGACTTTCAGTCCTTC-1",3.593648277467
"TGACTTTCATTATCTC-1",0
"TGACTTTGTCACACGC-1",0
"TGACTTTTCCTCAATT-1",1.71260611304887
"TGACTTTTCTGCCCTA-1",0
"TGAGAGGAGGCTCATT-1",1.82764235530237
"TGAGAGGCAAAGTCAA-1",5.54351108928617
"TGAGAGGCAAGCCATT-1",0
"TGAGAGGCACCATGTA-1",0
"TGAGAGGGTCACTGGC-1",1.81850243568804
"TGAGAGGGTCTAAACC-1",8.08264747143016
"TGAGAGGTCGAACTGT-1",3.34706701841035
"TGAGAGGTCGCGTTTC-1",0
"TGAGAGGTCTGACCTC-1",0
"TGAGCATAGAAACGAG-1",3.35170448456219
"TGAGCATAGAAGCCCA-1",0
"TGAGCATAGATGTCGG-1",0
"TGAGCATAGGAATGGA-1",3.64536684184138
"TGAGCATCACCAGGCT-1",3.52599317573573
"TGAGCATCAGATGAGC-1",0
"TGAGCATCAGCGTAAG-1",0
"TGAGCATCAGCTGTAT-1",0
"TGAGCATGTGGCCCTA-1",0
"TGAGCATTCCACGTTC-1",0
"TGAGCATTCCGATATG-1",0
"TGAGCATTCGGCCGAT-1",0
"TGAGCCGCATCGGGTC-1",0
"TGAGCCGGTCGAACAG-1",0
"TGAGCCGGTGTAATGA-1",0
"TGAGCCGGTTGATTCG-1",1.64021460899844
"TGAGCCGTCATCTGCC-1",0
"TGAGCCGTCGTCACGG-1",0
"TGAGCCGTCTTGAGGT-1",0
"TGAGGGAAGAGACTAT-1",1.62596052042962
"TGAGGGAAGGAGTACC-1",0
"TGAGGGAAGTCATCCA-1",3.43263531666218
"TGAGGGAAGTCATGCT-1",0
"TGAGGGACACCAGTTA-1",4.80694014695986
"TGAGGGACATAAGACA-1",0
"TGAGGGAGTAAACGCG-1",0
"TGAGGGAGTTAGGGTG-1",1.71148987556376
"TGAGGGATCAACGGGA-1",1.71260611304887
"TGAGGGATCTAGCACA-1",0
"TGAGGGATCTCTTATG-1",0
"TGATTTCCATCCGGGT-1",1.5293831535913
"TGATTTCGTAGGCATG-1",0
"TGATTTCGTTAAGACA-1",5.71212937285212
"TGATTTCTCTGATTCT-1",0
"TGCACCTAGACCTTTG-1",1.51704163256299
"TGCACCTAGGACGAAA-1",1.94883010990704
"TGCACCTCAAGTTGTC-1",0
"TGCACCTCAATAGAGT-1",0
"TGCACCTCATCCGGGT-1",1.87702456431488
"TGCACCTGTAATCACC-1",0
"TGCACCTGTCACACGC-1",0
"TGCACCTTCACGGTTA-1",0
"TGCACCTTCATCGGAT-1",0
"TGCACCTTCCGCGGTA-1",3.43263531666218
"TGCACCTTCGAACTGT-1",1.64021460899844
"TGCACCTTCTCTTGAT-1",3.46888529472939
"TGCCAAACAATGTAAG-1",3.51044988750684
"TGCCAAACAATTCCTT-1",0
"TGCCAAAGTTCGCGAC-1",0
"TGCCAAATCCAAACTG-1",0
"TGCCAAATCCCTGACT-1",6.43645791581705
"TGCCAAATCGGCGGTT-1",1.84717530836962
"TGCCCATAGACTAGGC-1",4.85922849745367
"TGCCCATAGCGTCAAG-1",0
"TGCCCATAGCGTGAAC-1",0
"TGCCCATAGCTGTTCA-1",1.7575931396333
"TGCCCATAGGATGGAA-1",3.52757407410417
"TGCCCATAGTACGCCC-1",0
"TGCCCATAGTTGAGTA-1",0
"TGCCCATCACCAGGTC-1",0
"TGCCCATCACGAAATA-1",0
"TGCCCATCAGGACGTA-1",0
"TGCCCATCATGGAATA-1",0
"TGCCCATCATGGATGG-1",0
"TGCCCATGTAGCCTCG-1",0
"TGCCCATTCAAACCGT-1",7.229890845177
"TGCCCATTCAGGCCCA-1",1.80521862260206
"TGCCCATTCCTTCAAT-1",0
"TGCCCATTCGGAAATA-1",0
"TGCCCTAAGGTCGGAT-1",1.94883010990704
"TGCCCTAAGGTTCCTA-1",0
"TGCCCTACACCACCAG-1",0
"TGCCCTACAGCCACCA-1",0
"TGCCCTACAGTGAGTG-1",0
"TGCCCTAGTCCGAGTC-1",0
"TGCCCTAGTGGTTTCA-1",0
"TGCCCTAGTTTCGCTC-1",0
"TGCCCTATCGACGGAA-1",0
"TGCCCTATCTTCGGTC-1",3.32639008770664
"TGCGCAGAGACTAGGC-1",0
"TGCGCAGAGCACACAG-1",0
"TGCGCAGAGCGTCTAT-1",0
"TGCGCAGAGGAGCGAG-1",1.5724110491452
"TGCGCAGCAAACGTGG-1",0
"TGCGCAGCAGCTCGCA-1",1.62596052042962
"TGCGCAGCAGTAGAGC-1",8.08264747143016
"TGCGCAGTCCTACAGA-1",1.70409385603583
"TGCGGGTAGAGACTTA-1",1.48586893971067
"TGCGGGTAGATCGATA-1",1.73186132764699
"TGCGGGTAGCTCTCGG-1",3.52757407410417
"TGCGGGTAGGTGTGGT-1",0
"TGCGGGTAGTACTTGC-1",0
"TGCGGGTCAATGGAAT-1",1.33220776882673
"TGCGGGTCACACGCTG-1",0
"TGCGGGTCATTGGGCC-1",1.70335857875318
"TGCGGGTGTAGAAAGG-1",0
"TGCGGGTGTCACCTAA-1",0
"TGCGGGTGTCAGATAA-1",1.81850243568804
"TGCGGGTGTTAGAACA-1",1.82764235530237
"TGCGGGTTCAGTTCGA-1",0
"TGCGGGTTCGTAGATC-1",1.42349176764663
"TGCGGGTTCTCTTGAT-1",0
"TGCGTGGAGACGCAAC-1",7.17838019124456
"TGCGTGGAGACTGGGT-1",0
"TGCGTGGCAATTCCTT-1",0
"TGCGTGGGTGCACCAC-1",0
"TGCGTGGTCCGCGCAA-1",3.86141616929398
"TGCGTGGTCGCCCTTA-1",0
"TGCGTGGTCTGGCGAC-1",1.57210853934006
"TGCTACCAGAAAGTGG-1",0
"TGCTACCAGATGGCGT-1",0
"TGCTACCAGCAAATCA-1",0
"TGCTACCAGTCCGTAT-1",1.81893505460702
"TGCTACCCAAGAGGCT-1",0
"TGCTACCCACTTAACG-1",0
"TGCTACCCATCGTCGG-1",0
"TGCTACCCATGGTTGT-1",6.73892344048348
"TGCTACCGTGTGACGA-1",0
"TGCTACCTCCTCGCAT-1",3.11969921950385
"TGCTACCTCTTCTGGC-1",0
"TGCTGCTAGACTAAGT-1",3.84101293024768
"TGCTGCTAGGTGATAT-1",0
"TGCTGCTCAATAGAGT-1",0
"TGCTGCTCACAGACAG-1",7.63455804677787
"TGCTGCTCATCCCATC-1",3.43263531666218
"TGCTGCTCATGGTTGT-1",0
"TGCTGCTGTCATACTG-1",7.17838019124456
"TGCTGCTGTGAAGGCT-1",0
"TGCTGCTTCATTGCGA-1",0
"TGGACGCAGAGGTACC-1",0
"TGGACGCAGTCAAGGC-1",0
"TGGACGCCACAGAGGT-1",0
"TGGACGCCATGGTAGG-1",0
"TGGACGCGTCCGAACC-1",2.18969623684201
"TGGACGCGTCTCCCTA-1",1.82895755035911
"TGGCCAGAGAAGGTGA-1",0
"TGGCCAGAGAGTACAT-1",2.56587293175947
"TGGCCAGAGGCGATAC-1",0
"TGGCCAGAGGCGTACA-1",5.72735828218801
"TGGCCAGCAACTGCGC-1",3.46888529472939
"TGGCCAGCACGACTCG-1",3.15001906754056
"TGGCCAGGTCAATACC-1",0
"TGGCCAGTCGTAGATC-1",0
"TGGCCAGTCTATCCCG-1",0
"TGGCGCAAGCTACCTA-1",0
"TGGCGCAAGCTATGCT-1",0
"TGGCGCAAGTGTGGCA-1",3.26949136862092
"TGGCGCAAGTTACCCA-1",0
"TGGCGCACACAGGCCT-1",0
"TGGCGCACACGGATAG-1",7.61659123092448
"TGGCGCACAGCGATCC-1",0
"TGGCGCACATAGGATA-1",0
"TGGCGCAGTACTCTCC-1",0
"TGGCGCAGTGGACGAT-1",0
"TGGCGCAGTTATGTGC-1",2.81009534174517
"TGGCGCATCAAGAAGT-1",0
"TGGCGCATCATGCTCC-1",1.47641779932178
"TGGCGCATCATGTGGT-1",1.43973441589081
"TGGCGCATCATTATCC-1",0
"TGGCGCATCGTGGTCG-1",3.52757407410417
"TGGCTGGAGCGGATCA-1",1.84717530836962
"TGGCTGGAGTGCAAGC-1",0
"TGGCTGGCAAGTTAAG-1",0
"TGGCTGGCACGGATAG-1",0
"TGGCTGGCAGGAACGT-1",1.74149763444717
"TGGCTGGGTCGAGTTT-1",2.07551397826316
"TGGCTGGGTCGGCATC-1",3.37107161980673
"TGGCTGGGTCTAGCCG-1",1.70409385603583
"TGGCTGGGTTACGCGC-1",1.64021460899844
"TGGCTGGGTTGGACCC-1",0
"TGGCTGGTCTCGTTTA-1",0
"TGGGAAGAGATATACG-1",0
"TGGGAAGAGCCCAATT-1",0
"TGGGAAGAGCGCTCCA-1",5.72735828218801
"TGGGAAGAGGGCTTCC-1",2.2029337810686
"TGGGAAGAGTAAGTAC-1",0
"TGGGAAGAGTTAACGA-1",2.07551397826316
"TGGGAAGCAAGGTGTG-1",0
"TGGGAAGCAGATCCAT-1",4.85922849745367
"TGGGAAGCAGCGAACA-1",1.8409030527332
"TGGGAAGGTAAGTTCC-1",0
"TGGGAAGGTTAGATGA-1",1.82895755035911
"TGGGAAGGTTATTCTC-1",0
"TGGGAAGTCCCAAGAT-1",3.66331584921335
"TGGGAAGTCCTTCAAT-1",0
"TGGGAAGTCGTGGACC-1",9.55675207595688
"TGGGAAGTCTCCTATA-1",1.33220776882673
"TGGGCGTAGTCTCCTC-1",0
"TGGGCGTCAGACGTAG-1",0
"TGGGCGTCAGGGATTG-1",0
"TGGGCGTGTCCAAGTT-1",0
"TGGGCGTGTCTAGAGG-1",0
"TGGGCGTGTGGCTCCA-1",1.50058699183651
"TGGGCGTGTTTCGCTC-1",1.94883010990704
"TGGGCGTTCAGCTTAG-1",0
"TGGTTAGAGCTACCTA-1",0
"TGGTTAGAGTTAGGTA-1",0
"TGGTTAGGTGATGATA-1",0
"TGGTTAGGTTCACGGC-1",0
"TGGTTAGTCCCGACTT-1",2.07551397826316
"TGGTTAGTCTTGTATC-1",0
"TGGTTCCAGCCGTCGT-1",0
"TGGTTCCAGTAATCCC-1",3.65657023716176
"TGGTTCCCAAGTTGTC-1",0
"TGGTTCCCAGACAAAT-1",0
"TGGTTCCCAGACAGGT-1",0
"TGGTTCCCAGCTCGAC-1",0
"TGGTTCCCATGTCCTC-1",0
"TGGTTCCCATTTCACT-1",0
"TGGTTCCGTCCAAGTT-1",1.8099041925235
"TGGTTCCTCACATACG-1",0
"TGGTTCCTCAGCTTAG-1",0
"TGGTTCCTCTAACTTC-1",5.40352259883449
"TGGTTCCTCTAGAGTC-1",9.55675207595688
"TGGTTCCTCTGGGCCA-1",0
"TGTATTCAGCCCGAAA-1",0
"TGTATTCAGCGATCCC-1",1.74656133085108
"TGTATTCCAGGGCATA-1",0
"TGTATTCGTAAGAGAG-1",0
"TGTATTCGTTTGTTTC-1",3.88813094534567
"TGTATTCTCAGCATGT-1",0
"TGTATTCTCATCTGTT-1",0
"TGTCCCAAGCAGATCG-1",0
"TGTCCCAAGCTAGTTC-1",0
"TGTCCCAAGCTGAACG-1",1.84717530836962
"TGTCCCAAGTTGTCGT-1",0
"TGTCCCACAGTAAGCG-1",1.71148987556376
"TGTCCCACATCACGTA-1",0
"TGTCCCAGTAAGAGGA-1",0
"TGTCCCAGTAAGTGGC-1",0
"TGTCCCAGTCGGATCC-1",1.81850243568804
"TGTCCCATCATTTGGG-1",4.05336704721763
"TGTCCCATCTGCAAGT-1",1.8099041925235
"TGTCCCATCTGCGTAA-1",0
"TGTGGTAGTCCCGACA-1",0
"TGTGGTAGTGTGAAAT-1",0
"TGTGGTAGTGTGACGA-1",0
"TGTGGTATCCAGGGCT-1",2.54020282537296
"TGTGGTATCTTGCATT-1",1.64021460899844
"TGTGTTTAGAGGTTAT-1",1.33220776882673
"TGTGTTTAGCGTGAGT-1",0
"TGTGTTTAGTGCGTGA-1",0
"TGTGTTTCATGCGCAC-1",0
"TGTGTTTTCTCATTCA-1",5.48332951432592
"TGTGTTTTCTTTCCTC-1",0
"TGTTCCGAGAGCAATT-1",0
"TGTTCCGAGCAACGGT-1",0
"TGTTCCGAGGAATTAC-1",0
"TGTTCCGAGGACTGGT-1",0
"TGTTCCGCAGTGAGTG-1",0
"TGTTCCGGTGAGTATA-1",7.61659123092448
"TGTTCCGTCAAGCCTA-1",0
"TGTTCCGTCAGTTCGA-1",0
"TGTTCCGTCGGCGGTT-1",1.49278393904348
"TGTTCCGTCTGAAAGA-1",3.34706701841035
"TGTTCCGTCTGGTATG-1",0
"TTAACTCAGTGTACGG-1",0
"TTAACTCCAAGCGCTC-1",0
"TTAACTCCAGGCAGTA-1",0
"TTAACTCGTTCCACAA-1",5.55946947725147
"TTAACTCTCATAAAGG-1",1.71447050547872
"TTAACTCTCCCTCAGT-1",1.94883010990704
"TTAGGACAGCAGGCTA-1",0
"TTAGGACAGCTCTCGG-1",0
"TTAGGACCAAGCCATT-1",0
"TTAGGACCAGTCAGAG-1",3.93480612051164
"TTAGGACGTTTGTTTC-1",0
"TTAGGCAAGAAGATTC-1",0
"TTAGGCAAGAGCCCAA-1",0
"TTAGGCAAGAGTGACC-1",0
"TTAGGCAAGGTTCCTA-1",0
"TTAGGCAAGTCGTTTG-1",0
"TTAGGCAAGTGTACCT-1",0
"TTAGGCACAGACGCTC-1",0
"TTAGGCACATGTTCCC-1",0
"TTAGGCAGTAAGGATT-1",5.72735828218801
"TTAGGCAGTAAGTAGT-1",0
"TTAGGCAGTCTTGATG-1",0
"TTAGGCATCACGCATA-1",0
"TTAGGCATCAGTCAGT-1",0
"TTAGGCATCCAGTATG-1",0
"TTAGGCATCGTTACGA-1",0
"TTAGTTCAGGTGCAAC-1",0
"TTAGTTCCAATGTAAG-1",0
"TTAGTTCCATCCTTGC-1",0
"TTAGTTCGTAGCCTAT-1",1.42349176764663
"TTAGTTCGTGCAGACA-1",8.08264747143016
"TTAGTTCGTGTCAATC-1",0
"TTAGTTCGTTGCCTCT-1",0
"TTAGTTCTCAGGCCCA-1",0
"TTAGTTCTCGCAGGCT-1",3.52599317573573
"TTAGTTCTCTACTATC-1",0
"TTATGCTAGAATGTGT-1",0
"TTATGCTAGCACACAG-1",0
"TTATGCTAGCAGCCTC-1",0
"TTATGCTAGTCCCACG-1",0
"TTATGCTCAGCCAGAA-1",1.71447050547872
"TTATGCTCATACCATG-1",0
"TTATGCTCATGTAGTC-1",5.37914485191554
"TTATGCTGTCCGAGTC-1",0
"TTATGCTTCGATAGAA-1",0
"TTCCCAGAGAATTCCC-1",0
"TTCCCAGAGACTAGAT-1",0
"TTCCCAGAGTATCGAA-1",0
"TTCCCAGCAGATGGGT-1",4.78456221893771
"TTCCCAGCATCAGTAC-1",1.62596052042962
"TTCCCAGCATCTCCCA-1",3.95606670818619
"TTCCCAGCATTACCTT-1",1.53507218954632
"TTCCCAGTCAACACTG-1",1.85623049348733
"TTCCCAGTCGAGAGCA-1",0
"TTCGAAGAGTCTCAAC-1",5.78643224276848
"TTCGAAGCAAGCGCTC-1",1.63753974531612
"TTCGAAGCACATTAGC-1",5.54351108928617
"TTCGAAGCACGGTGTC-1",0
"TTCGGTCAGAGGACGG-1",0
"TTCGGTCAGCACACAG-1",0
"TTCGGTCAGGCCCTCA-1",0
"TTCGGTCAGTGAATTG-1",5.54351108928617
"TTCGGTCAGTTGAGAT-1",1.39979475577479
"TTCGGTCCAAGGGTCA-1",0
"TTCGGTCCACGTCAGC-1",1.5293831535913
"TTCGGTCGTAACGTTC-1",1.49896467357776
"TTCGGTCGTAGAGTGC-1",0
"TTCGGTCGTTCATGGT-1",2.54020282537296
"TTCGGTCGTTCTGTTT-1",7.5913763576734
"TTCGGTCTCAAAGACA-1",2.32235164265114
"TTCGGTCTCCAGTATG-1",1.33220776882673
"TTCGGTCTCGCGTTTC-1",0
"TTCGGTCTCGTCTGAA-1",0
"TTCTACAAGACTAAGT-1",0
"TTCTACAAGCAGCCTC-1",0
"TTCTACAAGCCTTGAT-1",1.70409385603583
"TTCTACAAGGCAGGTT-1",3.46888529472939
"TTCTACAAGGTAAACT-1",3.43263531666218
"TTCTACAAGTTAGGTA-1",2.34582842317609
"TTCTACACACGTGAGA-1",0
"TTCTACACAGCTGTTA-1",0
"TTCTACACATCGATTG-1",3.64536684184138
"TTCTACACATTACGAC-1",0
"TTCTACAGTACCGTTA-1",4.85922849745367
"TTCTACAGTATATGAG-1",4.89728977465415
"TTCTACAGTGGCTCCA-1",0
"TTCTACATCAACGGGA-1",5.78643224276848
"TTCTACATCCGCGTTT-1",3.56581367957334
"TTCTCAAAGAAAGTGG-1",0
"TTCTCAAAGAATCTCC-1",1.39979475577479
"TTCTCAAAGAGGTTAT-1",0
"TTCTCAAAGCAGCCTC-1",1.57210853934006
"TTCTCAAAGCCGCCTA-1",0
"TTCTCAAAGTCAATAG-1",1.50058699183651
"TTCTCAAAGTTGAGAT-1",0
"TTCTCAACACCCAGTG-1",1.8409030527332
"TTCTCAACATTGTGCA-1",0
"TTCTCAAGTATAAACG-1",1.75838777152377
"TTCTCAAGTCCCTTGT-1",1.71148987556376
"TTCTCAAGTCGAGATG-1",1.5293831535913
"TTCTCAATCATCGCTC-1",3.26949136862092
"TTCTCAATCCCTAACC-1",0
"TTCTCAATCGTAGGAG-1",0
"TTCTCCTAGAGTAAGG-1",3.86442306568601
"TTCTCCTAGCGACGTA-1",0
"TTCTCCTAGCGTGAGT-1",2.34582842317609
"TTCTCCTAGTCTCGGC-1",0
"TTCTCCTCAACACGCC-1",0
"TTCTCCTCAATAACGA-1",2.34582842317609
"TTCTCCTGTTAAGAAC-1",0
"TTCTCCTTCAGTTCGA-1",0
"TTCTCCTTCCGTAGGC-1",0
"TTCTCCTTCCTTTCTC-1",0
"TTCTCCTTCTGCAAGT-1",5.37914485191554
"TTCTCCTTCTTCAACT-1",0
"TTCTCCTTCTTGTACT-1",1.62596052042962
"TTCTTAGAGGACTGGT-1",1.80691893083543
"TTCTTAGCAAGGTGTG-1",1.81850243568804
"TTCTTAGCATCGGAAG-1",1.71447050547872
"TTCTTAGGTAGAAGGA-1",0
"TTCTTAGGTCATATGC-1",2.07551397826316
"TTCTTAGTCAGTTCGA-1",1.64021460899844
"TTGAACGGTCACTTCC-1",1.6132890083362
"TTGAACGTCATGTCCC-1",0
"TTGACTTAGCCACGTC-1",3.93480612051164
"TTGACTTAGCGACGTA-1",0
"TTGACTTAGTTAACGA-1",5.78643224276848
"TTGACTTCACTTACGA-1",0
"TTGACTTGTCTCTCTG-1",1.82895755035911
"TTGACTTGTGCGATAG-1",0
"TTGACTTTCCAGAGGA-1",7.63455804677787
"TTGACTTTCTGTCCGT-1",0
"TTGCCGTAGGAGCGTT-1",1.55156609912805
"TTGCCGTAGGTGGGTT-1",0
"TTGCCGTCATGGTCAT-1",3.42596038104248
"TTGCGTCAGACAGAGA-1",0
"TTGCGTCAGCTCCTTC-1",1.74149763444717
"TTGCGTCAGTCCATAC-1",0
"TTGCGTCAGTGAATTG-1",0
"TTGCGTCCAAATTGCC-1",5.64460857563241
"TTGCGTCCACTGTGTA-1",0
"TTGCGTCCAGTCACTA-1",3.11969921950385
"TTGCGTCGTCTGATTG-1",0
"TTGGAACAGCCCAATT-1",0
"TTGGAACAGCGTCTAT-1",1.39979475577479
"TTGGAACAGGCGTACA-1",1.71260611304887
"TTGGAACGTATTACCG-1",1.43973441589081
"TTGGAACTCCCATTAT-1",0
"TTGGAACTCCGTAGTA-1",1.84358453709264
"TTGGAACTCGTCCAGG-1",1.80691893083543
"TTGGCAAAGTTAGGTA-1",0
"TTGGCAAGTATAGGTA-1",0
"TTGGCAATCACATGCA-1",1.5293831535913
"TTGGCAATCAGAGCTT-1",1.62596052042962
"TTGGCAATCGCATGAT-1",0
"TTGGCAATCTAGAGTC-1",4.78456221893771
"TTGTAGGAGGTGCTAG-1",0
"TTGTAGGCACACGCTG-1",0
"TTGTAGGGTCTCCCTA-1",0
"TTGTAGGGTGGTAACG-1",0
"TTGTAGGTCGGCGCTA-1",0
"TTGTAGGTCTGCCAGG-1",4.973815910749
"TTTACTGAGATCACGG-1",0
"TTTACTGCAAAGCAAT-1",2.07551397826316
"TTTACTGCACATGGGA-1",1.49896467357776
"TTTACTGCACCACGTG-1",0
"TTTACTGCATGGGACA-1",5.72735828218801
"TTTACTGCATGTCCTC-1",2.07551397826316
"TTTACTGGTAACGTTC-1",2.08040463766988
"TTTACTGGTGGTGTAG-1",1.85623049348733
"TTTACTGGTTCGCTAA-1",1.55156609912805
"TTTACTGTCTGGAGCC-1",0
"TTTATGCAGACTGTAA-1",0
"TTTATGCAGATGCGAC-1",0
"TTTATGCAGGCAAAGA-1",0
"TTTATGCAGGCCCGTT-1",0
"TTTATGCAGTTCCACA-1",0
"TTTATGCCAAACGCGA-1",3.71874736427856
"TTTATGCCAATCTGCA-1",0
"TTTATGCCACAGGTTT-1",0
"TTTATGCCAGCCAATT-1",4.17022126041754
"TTTATGCCAGGTCGTC-1",0
"TTTATGCCATGGTCAT-1",0
"TTTATGCTCACATAGC-1",2.2029337810686
"TTTATGCTCACCTTAT-1",0
"TTTATGCTCGGCGGTT-1",1.58032559746718
"TTTATGCTCTCGCTTG-1",7.63455804677787
"TTTCCTCAGCGTGAAC-1",0
"TTTCCTCAGGACTGGT-1",5.85147256622773
"TTTCCTCCAAAGTGCG-1",0
"TTTCCTCCAGGAATGC-1",0
"TTTCCTCCATTAGCCA-1",3.26949136862092
"TTTCCTCGTCCGAAGA-1",2.87506114583971
"TTTCCTCGTCGCTTTC-1",1.49896467357776
"TTTCCTCTCGGCCGAT-1",0
"TTTCCTCTCGTGTAGT-1",1.71260611304887
"TTTGCGCAGCTAAACA-1",1.84358453709264
"TTTGCGCAGCTAGTCT-1",5.95222796697367
"TTTGCGCAGGCCGAAT-1",1.42349176764663
"TTTGCGCAGTCAAGGC-1",0
"TTTGCGCCAAGTAGTA-1",8.08264747143016
"TTTGCGCCAGGTGCCT-1",0
"TTTGCGCGTCTAAACC-1",8.08264747143016
"TTTGCGCTCAAAGTAG-1",0
"TTTGCGCTCATGTAGC-1",2.87506114583971
"TTTGGTTAGAATGTGT-1",3.86011115322974
"TTTGGTTAGACAATAC-1",0
"TTTGGTTAGCGATTCT-1",2.81009534174517
"TTTGGTTAGGCTCAGA-1",0
"TTTGGTTAGTTACCCA-1",3.43263531666218
"TTTGGTTCAAACTGCT-1",3.52599317573573
"TTTGGTTCAAGCTGTT-1",0
"TTTGGTTCAGATCGGA-1",3.43263531666218
"TTTGGTTCATCACAAC-1",0
"TTTGGTTGTACTTCTT-1",3.52599317573573
"TTTGGTTGTATGCTTG-1",3.41928384770969
"TTTGGTTGTGCTTCTC-1",0
"TTTGGTTTCATGCTCC-1",2.34582842317609
"TTTGGTTTCCCTGACT-1",0
"TTTGTCAAGAGTCGGT-1",1.98803833847065
"TTTGTCACAAGTTCTG-1",3.43397085354372
"TTTGTCACAAGTTGTC-1",2.2662366553995
"TTTGTCATCACCTTAT-1",0
"TTTGTCATCCATTCTA-1",0
"TTTGTCATCCTTAATC-1",0
"TTTGTCATCTTATCTG-1",0
