"cell_barcode","expression"
"AAACCTGAGACAGAGA-1",0
"AAACCTGAGACTTTCG-1",24.1208259756817
"AAACCTGAGAGTAAGG-1",22.4422087684483
"AAACCTGAGAGTCGGT-1",17.2120633706618
"AAACCTGAGGATGGAA-1",0
"AAACCTGAGTAGATGT-1",0
"AAACCTGCAATCAGAA-1",27.9308031653696
"AAACCTGCACCGATAT-1",20.8422758957705
"AAACCTGCAGACGTAG-1",22.5728008219455
"AAACCTGCAGTATCTG-1",0
"AAACCTGCATAGTAAG-1",0
"AAACCTGCATGAACCT-1",21.3846266875142
"AAACCTGGTAAGAGGA-1",20.1953004319073
"AAACCTGGTCCAACTA-1",0
"AAACCTGTCCGTAGTA-1",0
"AAACCTGTCGAGAGCA-1",0
"AAACGGGAGTACGACG-1",0
"AAACGGGCAAGGTTTC-1",16.7954415426089
"AAACGGGCACGTCAGC-1",21.0790427558619
"AAACGGGCAGCGTTCG-1",19.4246088311359
"AAACGGGGTAGCCTCG-1",0
"AAACGGGGTCTACCTC-1",0
"AAACGGGGTGCGGTAA-1",23.1375973589699
"AAACGGGGTTGTCGCG-1",20.5816955648656
"AAACGGGTCCATGAGT-1",0
"AAACGGGTCCCAACGG-1",0
"AAACGGGTCCCATTAT-1",0
"AAAGATGCAGTCAGCC-1",20.9749559941069
"AAAGATGCATCTACGA-1",0
"AAAGCAAAGCGTCTAT-1",20.9412205568002
"AAAGCAACATGTCGAT-1",0
"AAAGCAAGTAGCTGCC-1",22.0658000001127
"AAAGCAAGTAGGCATG-1",0
"AAAGCAAGTGCGCTTG-1",0
"AAAGCAAGTTATTCTC-1",0
"AAAGCAATCCGTAGTA-1",0
"AAAGTAGAGATGTGTA-1",18.7990085749254
"AAAGTAGAGTGGGCTA-1",24.0644442700087
"AAAGTAGGTATATGGA-1",0
"AAAGTAGGTGAGCGAT-1",16.8633875868909
"AAAGTAGGTTGAGGTG-1",22.1983092530368
"AAATGCCAGCCCTAAT-1",20.0546922382839
"AAATGCCAGCGTGTCC-1",21.3325412445788
"AAATGCCCAACACCTA-1",0
"AAATGCCGTAGGAGTC-1",0
"AAATGCCGTCTTTCAT-1",18.03019864503
"AAATGCCGTGGTCCGT-1",18.0440942150946
"AAATGCCGTTCCCGAG-1",0
"AAATGCCTCATAGCAC-1",18.0924944033936
"AAATGCCTCGCTTAGA-1",20.8422758957705
"AACACGTAGAATTCCC-1",0
"AACACGTAGCCCTAAT-1",19.5147165605523
"AACACGTAGGGTGTGT-1",0
"AACACGTCACTGTCGG-1",0
"AACACGTCATCCCATC-1",24.1878223752909
"AACACGTGTGCAACGA-1",0
"AACACGTGTGTCGCTG-1",20.2382523982851
"AACCATGAGCGCTTAT-1",0
"AACCATGGTCCGTTAA-1",22.0658000001127
"AACCATGTCAGTTCGA-1",0
"AACCATGTCATCGATG-1",23.5612659589907
"AACCATGTCCCAAGTA-1",0
"AACCGCGAGAAGCCCA-1",24.0644442700087
"AACCGCGAGACTGGGT-1",0
"AACCGCGAGAGGTACC-1",0
"AACCGCGAGTTAGGTA-1",23.3074928095683
"AACCGCGAGTTGCAGG-1",18.7320734133194
"AACCGCGCACGGTAGA-1",0
"AACCGCGCAGCATGAG-1",0
"AACCGCGCAGCCTGTG-1",17.8098764654249
"AACCGCGCAGCTGTGC-1",17.4242405415642
"AACCGCGCAGTATGCT-1",0
"AACCGCGGTACTTGAC-1",0
"AACCGCGGTCTGCAAT-1",0
"AACCGCGTCACATGCA-1",0
"AACCGCGTCACCGTAA-1",0
"AACCGCGTCCAGAGGA-1",0
"AACCGCGTCCGAAGAG-1",20.492175055213
"AACGTTGAGCGATAGC-1",0
"AACGTTGAGCGATCCC-1",22.209867185499
"AACGTTGAGCTTATCG-1",17.4242405415642
"AACGTTGCAAGTTGTC-1",20.8741828703855
"AACGTTGCAATAGAGT-1",0
"AACGTTGCAATGGATA-1",0
"AACGTTGCATGGATGG-1",21.5066558576879
"AACGTTGCATTCTCAT-1",0
"AACGTTGTCAACACGT-1",0
"AACGTTGTCGAGGTAG-1",0
"AACGTTGTCGGTCCGA-1",20.4535699988373
"AACTCAGAGAGCTATA-1",0
"AACTCAGAGAGTCGGT-1",0
"AACTCAGAGCCACCTG-1",0
"AACTCAGAGCCCAATT-1",0
"AACTCAGCAAACAACA-1",0
"AACTCAGCACAAGCCC-1",0
"AACTCAGCACGGTTTA-1",0
"AACTCAGCAGGATCGA-1",0
"AACTCAGCATAAAGGT-1",0
"AACTCAGGTTCCACAA-1",0
"AACTCAGTCGTACCGG-1",0
"AACTCCCAGCCCAGCT-1",17.957280099489
"AACTCCCAGCTAAGAT-1",0
"AACTCCCCATGGTCTA-1",0
"AACTCCCGTTGCGCAC-1",16.8633875868909
"AACTCCCTCAAGAAGT-1",0
"AACTCCCTCAAGCCTA-1",22.1073393238481
"AACTCCCTCATCGCTC-1",27.2792271929132
"AACTCCCTCTGCAGTA-1",20.1475378908859
"AACTCCCTCTGGCGTG-1",0
"AACTCTTAGCAGACTG-1",17.7474735241028
"AACTCTTAGTCCGGTC-1",21.608337872505
"AACTCTTCATGCTAGT-1",0
"AACTCTTGTCGAATCT-1",16.5546034383491
"AACTCTTGTCGGGTCT-1",23.1375973589699
"AACTCTTTCTCAAACG-1",20.1921388122034
"AACTCTTTCTCCAGGG-1",0
"AACTCTTTCTCTGCTG-1",16.8990178006415
"AACTGGTAGAAGATTC-1",16.5104236008349
"AACTGGTAGAGACTAT-1",0
"AACTGGTAGCCAACAG-1",17.2120633706618
"AACTGGTAGTGTACTC-1",0
"AACTGGTCACTGAAGG-1",0
"AACTGGTGTCCGAACC-1",27.5873402742698
"AACTGGTTCGGAGCAA-1",0
"AACTGGTTCGTGGGAA-1",24.5082124325553
"AACTGGTTCTGCTTGC-1",20.5179796613806
"AACTTTCAGCGTGAAC-1",26.6736529197697
"AACTTTCAGTATCTCG-1",24.2358588392262
"AACTTTCAGTTTCCTT-1",20.0549061132665
"AACTTTCCATCCTTGC-1",20.0797783492027
"AACTTTCGTCTAGAGG-1",0
"AACTTTCGTCTCTTTA-1",20.0490898325192
"AACTTTCGTTTGTTTC-1",28.1739232606762
"AAGACCTAGGGCTTCC-1",0
"AAGACCTAGTACACCT-1",21.0665568134671
"AAGACCTGTATATGAG-1",16.8677408121416
"AAGACCTGTATCAGTC-1",0
"AAGACCTGTCCGTGAC-1",16.55819111107
"AAGACCTGTCGAAAGC-1",22.4422087684483
"AAGACCTTCGCCATAA-1",21.3325412445788
"AAGCCGCAGATCTGAA-1",0
"AAGCCGCAGGGTGTTG-1",22.0658000001127
"AAGCCGCAGTGGACGT-1",0
"AAGCCGCAGTGTACTC-1",19.2551063544175
"AAGCCGCCACGCTTTC-1",0
"AAGCCGCCAGGACGTA-1",28.6376194417849
"AAGCCGCGTACAGTTC-1",20.8741828703855
"AAGCCGCGTCATTAGC-1",0
"AAGCCGCTCACGAAGG-1",0
"AAGCCGCTCAGTTAGC-1",17.455584086276
"AAGCCGCTCGCAAACT-1",0
"AAGCCGCTCGTCGTTC-1",0
"AAGCCGCTCTTACCGC-1",17.7474735241028
"AAGGAGCAGAAACCGC-1",22.7280395378148
"AAGGAGCAGGCATGTG-1",0
"AAGGAGCAGGCGCTCT-1",0
"AAGGAGCAGTTGAGTA-1",0
"AAGGAGCCACGGCGTT-1",18.8637429137233
"AAGGAGCGTCTGCAAT-1",0
"AAGGAGCTCGTCTGCT-1",0
"AAGGCAGAGAACTGTA-1",0
"AAGGCAGAGAGATGAG-1",17.4242405415642
"AAGGCAGAGGTGATAT-1",24.4612144957544
"AAGGCAGCATAGTAAG-1",0
"AAGGCAGGTACTTCTT-1",0
"AAGGCAGGTGTGCCTG-1",18.96353216136
"AAGGCAGTCAGATAAG-1",0
"AAGGCAGTCGGAATCT-1",0
"AAGGTTCAGTATCTCG-1",0
"AAGGTTCCATCACGTA-1",0
"AAGGTTCGTATATGGA-1",17.7474735241028
"AAGGTTCGTCCGAATT-1",0
"AAGGTTCGTCGACTAT-1",21.3745279975206
"AAGGTTCGTGTGACCC-1",0
"AAGGTTCTCCGTCATC-1",0
"AAGGTTCTCCTCGCAT-1",0
"AAGGTTCTCTGCGGCA-1",18.3017172804274
"AAGTCTGAGCCATCGC-1",0
"AAGTCTGAGTCAAGCG-1",0
"AAGTCTGCAAAGGAAG-1",0
"AAGTCTGGTCAGCTAT-1",18.0020704509973
"AAGTCTGTCAAACAAG-1",22.7280395378148
"AAGTCTGTCACTGGGC-1",16.55819111107
"AAGTCTGTCAGCAACT-1",0
"AATCCAGCAAAGTGCG-1",19.2252202532916
"AATCCAGCAGCATACT-1",0
"AATCCAGGTAGGCATG-1",0
"AATCCAGGTCTCCCTA-1",19.5891007626208
"AATCCAGTCCGAATGT-1",0
"AATCGGTAGGCATGGT-1",0
"AATCGGTTCCTGTACC-1",21.2527775274816
"AATCGGTTCGCCGTGA-1",0
"ACACCAAAGATGAGAG-1",18.5469696823872
"ACACCAAAGCCCTAAT-1",16.7905734172181
"ACACCAAAGGATGGTC-1",0
"ACACCAAAGTGTCCAT-1",0
"ACACCAACACTTCGAA-1",29.2679811657803
"ACACCAACAGACGCTC-1",0
"ACACCAACAGCCTATA-1",0
"ACACCAAGTCGCGTGT-1",22.2096683980207
"ACACCAAGTCTAAACC-1",0
"ACACCAAGTTATGTGC-1",23.468095151324
"ACACCAATCGCGTTTC-1",16.8531784908616
"ACACCCTAGCCAGGAT-1",0
"ACACCCTAGTACTTGC-1",0
"ACACCCTCAAGCGCTC-1",0
"ACACCCTCATCACAAC-1",16.9882432236192
"ACACCCTCATGCCCGA-1",20.5185105007071
"ACACCCTGTCTGGTCG-1",17.73574707998
"ACACCCTTCCGCAAGC-1",0
"ACACCCTTCCTTGCCA-1",0
"ACACCCTTCTATCCTA-1",20.1092395251306
"ACACCCTTCTGGCGTG-1",0
"ACACCGGAGGCTCAGA-1",0
"ACACCGGAGTGACATA-1",18.458679388325
"ACACCGGAGTTACCCA-1",0
"ACACCGGCACCAGATT-1",0
"ACACCGGCACCGAAAG-1",19.8388163897549
"ACACCGGCATCACAAC-1",0
"ACACCGGTCCGCATAA-1",23.1959573996591
"ACACCGGTCTCGGACG-1",0
"ACACCGGTCTCTGTCG-1",0
"ACACTGAAGCACGCCT-1",22.7280395378148
"ACACTGAAGGTGATTA-1",20.0716016862335
"ACACTGACAATAGAGT-1",0
"ACACTGACAGACTCGC-1",0
"ACACTGACATCCAACA-1",24.6190976280027
"ACACTGAGTCCGAAGA-1",0
"ACACTGAGTGTTTGTG-1",0
"ACACTGAGTTTGACTG-1",0
"ACAGCCGAGGAATGGA-1",23.468095151324
"ACAGCCGAGGCCCGTT-1",0
"ACAGCCGAGGTGCTTT-1",0
"ACAGCCGAGTGGTAGC-1",0
"ACAGCCGCATATACGC-1",0
"ACAGCCGCATGCAACT-1",0
"ACAGCCGGTAGGGTAC-1",20.1577935057998
"ACAGCCGGTCGAATCT-1",0
"ACAGCCGGTTCACCTC-1",23.2893220612434
"ACAGCCGGTTCCACTC-1",0
"ACAGCCGTCCAGAAGG-1",0
"ACAGCCGTCTTTACAC-1",0
"ACAGCTAAGCACCGCT-1",18.458679388325
"ACAGCTAAGTATCTCG-1",18.8090881185864
"ACAGCTAAGTGTTGAA-1",29.6709174843159
"ACAGCTACATCGTCGG-1",21.4127989039908
"ACAGCTAGTCGACTAT-1",0
"ACAGCTAGTGGTACAG-1",0
"ACAGCTATCACCACCT-1",0
"ACAGCTATCTGCTTGC-1",0
"ACATACGAGAGCTTCT-1",20.8559521552561
"ACATACGAGCGTAGTG-1",0
"ACATACGAGCTTCGCG-1",0
"ACATACGAGCTTTGGT-1",0
"ACATACGCAAACGTGG-1",0
"ACATACGCAAGCCTAT-1",0
"ACATACGCATCTCCCA-1",0
"ACATACGCATTCTCAT-1",0
"ACATACGGTAGGAGTC-1",19.9983282079173
"ACATACGGTGCACCAC-1",0
"ACATACGGTGGTTTCA-1",0
"ACATACGTCGTATCAG-1",19.8830171160346
"ACATCAGAGCCACTAT-1",16.8829807439879
"ACATCAGAGCCTTGAT-1",21.3325412445788
"ACATCAGCAACACCCG-1",0
"ACATCAGCAACGATGG-1",0
"ACATCAGCAATTGCTG-1",18.5131724498393
"ACATCAGCACCGGAAA-1",0
"ACATCAGCATAAAGGT-1",0
"ACATCAGCATCCCACT-1",0
"ACATCAGCATTTGCCC-1",20.2358269255708
"ACATCAGGTAAGGATT-1",17.7474735241028
"ACATCAGGTCCGTGAC-1",20.2222725713262
"ACATCAGGTTAAGTAG-1",0
"ACATCAGTCAAACCGT-1",0
"ACATGGTAGCATGGCA-1",0
"ACATGGTAGCTGTTCA-1",18.7990085749254
"ACATGGTCACTTGGAT-1",20.6021469393307
"ACATGGTGTCAGATAA-1",21.3325412445788
"ACATGGTGTCTGCGGT-1",19.5891007626208
"ACATGGTGTGCAACTT-1",20.5471138646654
"ACATGGTTCCGCAAGC-1",25.4217496250375
"ACATGGTTCCTCCTAG-1",0
"ACATGGTTCTGGAGCC-1",21.3745279975206
"ACATGGTTCTTCTGGC-1",20.6476501926266
"ACCAGTAAGATCACGG-1",0
"ACCAGTAAGCTTCGCG-1",18.4734997708611
"ACCAGTACACAGATTC-1",20.5380209039272
"ACCAGTACACAGGCCT-1",0
"ACCAGTACAGTATGCT-1",0
"ACCAGTACAGTCAGAG-1",0
"ACCAGTACAGTTTACG-1",0
"ACCAGTAGTCACCCAG-1",22.1073393238481
"ACCAGTAGTCCATCCT-1",20.2785350757759
"ACCAGTAGTCTTCAAG-1",29.2679811657803
"ACCAGTAGTGGACGAT-1",0
"ACCAGTATCTGCGACG-1",0
"ACCAGTATCTGCTTGC-1",0
"ACCAGTATCTGTTTGT-1",27.3334272152414
"ACCCACTAGAGGTTAT-1",20.0546922382839
"ACCCACTAGATCCCGC-1",0
"ACCCACTAGATGTGTA-1",0
"ACCCACTAGCCCAATT-1",0
"ACCCACTCAAGGGTCA-1",16.6204133457729
"ACCCACTCAAGGTTCT-1",0
"ACCCACTGTAAATGAC-1",0
"ACCCACTGTAGCCTCG-1",21.608337872505
"ACCCACTGTCAAAGAT-1",0
"ACCCACTGTCAATACC-1",17.7104487984828
"ACCCACTGTGTGGTTT-1",0
"ACCCACTTCGCAAACT-1",24.0446393320981
"ACCCACTTCTGCCAGG-1",0
"ACCGTAACAATCGGTT-1",16.5705191642786
"ACCGTAACAATCTACG-1",0
"ACCGTAACAGGTCCAC-1",22.7166210648087
"ACCGTAAGTACAGCAG-1",0
"ACCGTAAGTCATGCAT-1",0
"ACCGTAAGTGAGTGAC-1",0
"ACCGTAAGTTAAGAAC-1",16.7954415426089
"ACCGTAAGTTCCGTCT-1",16.7678396372335
"ACCGTAATCACATAGC-1",17.0020715875631
"ACCGTAATCATGTGGT-1",0
"ACCGTAATCTGAAAGA-1",17.090497164358
"ACCTTTACAATCGGTT-1",0
"ACCTTTACACGGACAA-1",16.4904525766593
"ACCTTTACAGCAGTTT-1",0
"ACCTTTACATGCAACT-1",19.9925932193472
"ACCTTTACATTTCAGG-1",0
"ACCTTTAGTGAACCTT-1",19.5103105050485
"ACCTTTAGTTCCACTC-1",0
"ACCTTTATCTCTAGGA-1",17.1425533655802
"ACGAGCCAGGCAGGTT-1",0
"ACGAGCCCACAGGCCT-1",19.8830171160346
"ACGAGCCCATGGAATA-1",22.7280395378148
"ACGAGCCGTGCACGAA-1",17.7872714663039
"ACGAGCCGTGTGACCC-1",20.9412205568002
"ACGAGCCGTTGGTTTG-1",16.7412152317084
"ACGAGCCTCAGTCCCT-1",25.6363136276188
"ACGAGCCTCGCAAACT-1",0
"ACGAGGACACTACAGT-1",0
"ACGAGGACATGTAGTC-1",0
"ACGAGGAGTACACCGC-1",16.8677408121416
"ACGAGGAGTGCCTGCA-1",0
"ACGAGGAGTTCTGAAC-1",0
"ACGAGGATCTGCGGCA-1",22.1073393238481
"ACGATACAGAGTGACC-1",19.990910631912
"ACGATACAGCGCCTTG-1",27.5576703123426
"ACGATACCACGTTGGC-1",0
"ACGATACCATTGGGCC-1",26.6882030247527
"ACGATACGTCGAATCT-1",20.0149064629031
"ACGATACTCTGACCTC-1",0
"ACGATGTAGTGCGATG-1",18.9723611377993
"ACGATGTAGTTGAGAT-1",0
"ACGATGTCAACGCACC-1",0
"ACGATGTCACACGCTG-1",0
"ACGATGTGTATTCTCT-1",0
"ACGATGTGTCAGTGGA-1",22.7280395378148
"ACGATGTGTGACTACT-1",27.1075320871577
"ACGATGTGTGTCGCTG-1",0
"ACGATGTTCGCGTAGC-1",0
"ACGATGTTCTCTTATG-1",0
"ACGCAGCAGCGGCTTC-1",0
"ACGCAGCAGCTGCGAA-1",0
"ACGCAGCAGTGTACGG-1",0
"ACGCAGCCACCTCGTT-1",22.4636494664147
"ACGCAGCCATCGACGC-1",0
"ACGCAGCCATTACCTT-1",0
"ACGCAGCGTCCATGAT-1",0
"ACGCAGCGTCTACCTC-1",0
"ACGCAGCGTCTGGTCG-1",0
"ACGCAGCGTGCGATAG-1",17.0599688848206
"ACGCCAGCAAAGCAAT-1",0
"ACGCCAGCAACGCACC-1",21.065507476438
"ACGCCAGCACGAGAGT-1",0
"ACGCCAGCAGTGAGTG-1",0
"ACGCCAGGTGCACTTA-1",0
"ACGCCAGGTGTGCGTC-1",0
"ACGCCAGTCACAGGCC-1",18.3017172804274
"ACGCCAGTCAGTGTTG-1",0
"ACGCCGAAGAAACGCC-1",18.8156636577047
"ACGCCGAAGATCTGCT-1",19.8830171160346
"ACGCCGACAGCCTGTG-1",22.177482699412
"ACGCCGAGTTCCAACA-1",17.7474735241028
"ACGCCGATCCTATGTT-1",21.3325412445788
"ACGCCGATCGCAGGCT-1",0
"ACGCCGATCTTGTATC-1",23.3458296495514
"ACGGAGAAGCCAGTTT-1",0
"ACGGAGACACACATGT-1",0
"ACGGAGACAGCCTGTG-1",16.617106805213
"ACGGAGACAGCGTAAG-1",19.990910631912
"ACGGAGACAGTAAGCG-1",0
"ACGGAGAGTGTGACGA-1",18.644795191015
"ACGGAGATCCACGAAT-1",20.2585596405429
"ACGGCCACACATCCAA-1",0
"ACGGCCACACATTCGA-1",0
"ACGGCCAGTACCGTAT-1",0
"ACGGCCAGTGTATGGG-1",21.2583046710348
"ACGGCCATCACGGTTA-1",23.277437076001
"ACGGCCATCAGTGTTG-1",24.5082124325553
"ACGGCCATCTACTATC-1",0
"ACGGGCTAGGATCGCA-1",17.4202843507132
"ACGGGCTAGGTTCCTA-1",0
"ACGGGCTAGTGGCACA-1",0
"ACGGGCTCATCTGGTA-1",0
"ACGGGCTGTGAGGCTA-1",20.2177065292912
"ACGGGCTTCCGAACGC-1",17.2120633706618
"ACGGGTCAGATGCCAG-1",22.0642509537308
"ACGGGTCCATGATCCA-1",0
"ACGGGTCCATTAGGCT-1",19.830555476995
"ACGGGTCCATTTCACT-1",20.5185105007071
"ACGGGTCGTTAGGGTG-1",29.3285705373102
"ACGGGTCTCAACACCA-1",0
"ACGGGTCTCCACGCAG-1",17.764273204732
"ACGTCAAAGGGCTTCC-1",0
"ACGTCAAAGTGGTAAT-1",0
"ACGTCAACAACTGCGC-1",0
"ACGTCAACACAAGACG-1",0
"ACGTCAAGTAGCTCCG-1",20.0546922382839
"ACGTCAAGTGTCGCTG-1",20.2358269255708
"ACGTCAAGTTATGCGT-1",0
"ACGTCAATCAACCAAC-1",0
"ACGTCAATCATAACCG-1",0
"ACGTCAATCCAGAAGG-1",0
"ACGTCAATCTAACTCT-1",0
"ACTATCTAGAGGTTAT-1",20.6021469393307
"ACTATCTAGATACACA-1",22.7280395378148
"ACTATCTAGGAGTAGA-1",0
"ACTATCTAGGCATGTG-1",0
"ACTATCTCAAATACAG-1",22.2579116487507
"ACTATCTCAAATTGCC-1",0
"ACTATCTGTAGGGACT-1",16.8677408121416
"ACTATCTGTCGCGTGT-1",23.1721657314056
"ACTATCTGTGCACGAA-1",0
"ACTATCTGTGGTTTCA-1",19.4570356776888
"ACTATCTTCGCCGTGA-1",24.8300541828229
"ACTGAACAGAGTGAGA-1",0
"ACTGAACAGATCCCGC-1",17.6187287640811
"ACTGAACAGGTGATAT-1",0
"ACTGAACCAAAGCGGT-1",24.8300541828229
"ACTGAACCAAGCGAGT-1",0
"ACTGAACCAATTCCTT-1",0
"ACTGAACCAGCTGGCT-1",17.2067169068725
"ACTGAACCAGTCTTCC-1",0
"ACTGAACCATTACCTT-1",19.952566912989
"ACTGAACGTAAGCACG-1",0
"ACTGAACGTAATCGTC-1",19.5405641772832
"ACTGAACGTCCAGTAT-1",0
"ACTGAACGTCTGATCA-1",0
"ACTGAACTCCCACTTG-1",18.127315016295
"ACTGAGTAGCCGGTAA-1",16.8353968925337
"ACTGAGTCAGTGGGAT-1",0
"ACTGAGTCATTTGCCC-1",0
"ACTGAGTGTAGAGCTG-1",0
"ACTGAGTGTTGTGGCC-1",0
"ACTGAGTTCAGGTTCA-1",17.8098764654249
"ACTGATGAGACAGACC-1",20.2301392830532
"ACTGATGAGCGGATCA-1",0
"ACTGATGAGGTGCTTT-1",17.8357937722832
"ACTGATGCAGCAGTTT-1",0
"ACTGATGCATCACAAC-1",0
"ACTGATGGTCATGCAT-1",0
"ACTGATGTCACAATGC-1",22.3693237361703
"ACTGATGTCACTCCTG-1",24.7009378917884
"ACTGATGTCCCTGACT-1",0
"ACTGATGTCCGCTGTT-1",0
"ACTGATGTCCGGCACA-1",0
"ACTGATGTCCTATTCA-1",0
"ACTGCTCAGAGCTTCT-1",22.4476779213399
"ACTGCTCAGATGCCTT-1",17.8957987880117
"ACTGCTCCACACCGCA-1",18.5469696823872
"ACTGCTCCAGATGGGT-1",22.1575141085426
"ACTGCTCCATGCCTAA-1",19.8830171160346
"ACTGCTCGTAGGCATG-1",0
"ACTGCTCGTATCACCA-1",0
"ACTGCTCGTCCGAAGA-1",23.8087778194533
"ACTGCTCTCCGAGCCA-1",0
"ACTGTCCAGAGGGCTT-1",0
"ACTGTCCAGCAGCGTA-1",0
"ACTGTCCAGGCATGGT-1",0
"ACTGTCCCAAGGTTTC-1",0
"ACTGTCCCAAGTACCT-1",0
"ACTGTCCCAGTATCTG-1",22.0257478490404
"ACTGTCCCATAGAAAC-1",19.2252202532916
"ACTGTCCGTTGAGGTG-1",0
"ACTGTCCTCCACGTGG-1",22.7280395378148
"ACTGTCCTCCTTGGTC-1",0
"ACTGTCCTCTCTGTCG-1",19.4990302739253
"ACTTACTAGCGATAGC-1",24.8300541828229
"ACTTACTAGGGATGGG-1",0
"ACTTACTCACAGACAG-1",18.1497223164467
"ACTTACTCACATTTCT-1",21.6061916880021
"ACTTACTGTACTCAAC-1",24.1208259756817
"ACTTACTGTTCCACAA-1",19.5363562096927
"ACTTACTTCATCGGAT-1",20.1741460068451
"ACTTGTTAGACAAGCC-1",17.090497164358
"ACTTGTTAGCTAGCCC-1",17.5216882690186
"ACTTGTTAGTTACCCA-1",0
"ACTTGTTCACGACGAA-1",23.3458296495514
"ACTTGTTCACGGCTAC-1",20.7903007472611
"ACTTGTTGTATCGCAT-1",0
"ACTTGTTGTGGTAACG-1",0
"ACTTGTTGTTGTGGAG-1",0
"ACTTGTTTCATCACCC-1",17.957280099489
"ACTTTCACATGGTCAT-1",25.6721593595495
"ACTTTCAGTGACTACT-1",17.0872358115704
"ACTTTCATCGCCAGCA-1",0
"AGAATAGAGCTGAACG-1",29.7030386349529
"AGAATAGAGCTGTCTA-1",19.0781943779313
"AGAATAGAGGTAGCTG-1",30.0160572640571
"AGAATAGCATGGTCTA-1",0
"AGAATAGGTATTCTCT-1",0
"AGAATAGGTGCGGTAA-1",0
"AGAATAGGTTAAGAAC-1",18.9622766110925
"AGAATAGTCAGGCCCA-1",18.7460529432617
"AGACGTTAGAATGTGT-1",17.1463133783364
"AGACGTTAGCTCCTCT-1",0
"AGACGTTAGTGCCAGA-1",23.468095151324
"AGACGTTCAGGATCGA-1",0
"AGACGTTGTAGCTGCC-1",0
"AGACGTTGTCTGCAAT-1",20.0797783492027
"AGACGTTGTTCTGTTT-1",0
"AGACGTTTCGCATGGC-1",0
"AGACGTTTCGCTTAGA-1",25.4217496250375
"AGAGCGACAACTTGAC-1",24.0734890065937
"AGAGCGACAAGTACCT-1",0
"AGAGCGACACAACGTT-1",0
"AGAGCGACATGAGCGA-1",0
"AGAGCGAGTCAGTGGA-1",17.455584086276
"AGAGCGAGTCGACTGC-1",19.6648210964356
"AGAGCGAGTTGAGTTC-1",29.9521262080035
"AGAGCGATCGCGTAGC-1",21.608337872505
"AGAGCGATCTATCCTA-1",0
"AGAGCGATCTCGCTTG-1",0
"AGAGCTTAGCCGTCGT-1",17.090497164358
"AGAGCTTAGTACACCT-1",25.4083020970724
"AGAGCTTAGTCATGCT-1",0
"AGAGCTTGTAGAGCTG-1",22.5734281070867
"AGAGCTTGTATCACCA-1",0
"AGAGCTTTCACTATTC-1",20.3535420816527
"AGAGCTTTCCTGCAGG-1",0
"AGAGCTTTCGCAAACT-1",0
"AGAGCTTTCGCTTAGA-1",0
"AGAGTGGAGAGCCTAG-1",0
"AGAGTGGAGGCCCTTG-1",17.2183100928264
"AGAGTGGAGGTACTCT-1",21.8898295120587
"AGAGTGGCACAAGACG-1",0
"AGAGTGGCACCTCGTT-1",21.8898295120587
"AGAGTGGCATCCGGGT-1",24.7621024512978
"AGAGTGGCATCTGGTA-1",16.4904525766593
"AGAGTGGGTCAGCTAT-1",0
"AGAGTGGGTCCTCCAT-1",0
"AGAGTGGGTCTAGTCA-1",18.0446446463001
"AGAGTGGGTTACCGAT-1",25.7858308542634
"AGATCTGAGGTGGGTT-1",17.1463133783364
"AGATCTGAGTCAAGGC-1",16.8829807439879
"AGATCTGCAATGTTGC-1",0
"AGATCTGTCGAATCCA-1",17.524295743514
"AGATCTGTCTGCAGTA-1",20.6021469393307
"AGATTGCAGGCTACGA-1",0
"AGATTGCCACGACGAA-1",0
"AGATTGCCAGATGGGT-1",16.5705191642786
"AGATTGCGTAGAGCTG-1",0
"AGATTGCGTGATGTCT-1",0
"AGATTGCGTGTTCGAT-1",18.1783007486151
"AGATTGCGTTCACGGC-1",0
"AGATTGCTCACTGGGC-1",16.8633875868909
"AGATTGCTCATCTGTT-1",0
"AGCAGCCAGCTGATAA-1",0
"AGCAGCCCACCGAAAG-1",18.7320734133194
"AGCAGCCGTCGACTGC-1",21.9587041745361
"AGCAGCCGTCGCTTTC-1",0
"AGCAGCCGTCTAACGT-1",20.6476501926266
"AGCAGCCGTGTGAAAT-1",26.9454525660851
"AGCAGCCGTTTGTTGG-1",0
"AGCAGCCTCCAAACAC-1",27.5153582909853
"AGCATACAGTGGTAGC-1",0
"AGCATACAGTTGTCGT-1",0
"AGCATACGTCTTCTCG-1",19.6107887649139
"AGCATACGTTAAGTAG-1",22.4100103452827
"AGCATACTCCGTTGCT-1",19.7210060164353
"AGCCTAAAGATATGGT-1",20.9412205568002
"AGCCTAACAAAGCGGT-1",0
"AGCCTAACAGATAATG-1",21.9633336895221
"AGCCTAAGTACGAAAT-1",0
"AGCCTAAGTCACCTAA-1",25.1541026766229
"AGCCTAAGTGTGCCTG-1",21.6243868251954
"AGCCTAATCACCCGAG-1",25.4217496250375
"AGCCTAATCCAATGGT-1",0
"AGCCTAATCCTTGGTC-1",0
"AGCCTAATCTGTGCAA-1",0
"AGCCTAATCTGTTTGT-1",0
"AGCGGTCAGCGAAGGG-1",20.5179796613806
"AGCGGTCAGGTACTCT-1",0
"AGCGGTCAGTGACTCT-1",0
"AGCGGTCCAGCCTTGG-1",0
"AGCGGTCGTCCTAGCG-1",18.8016834309383
"AGCGGTCGTGGTGTAG-1",0
"AGCGGTCGTTAAGGGC-1",0
"AGCGGTCGTTTGCATG-1",21.6061916880021
"AGCGGTCTCCGAAGAG-1",0
"AGCGGTCTCCTCAATT-1",0
"AGCGGTCTCTGGGCCA-1",21.3745279975206
"AGCGTATAGAACTGTA-1",24.2358588392262
"AGCGTATAGCGATGAC-1",20.6899505950985
"AGCGTATAGGTACTCT-1",0
"AGCGTATGTTGAGGTG-1",20.9412205568002
"AGCGTATTCCAGAGGA-1",0
"AGCGTCGAGTTGAGTA-1",22.9850334009787
"AGCGTCGCAGGGATTG-1",0
"AGCGTCGTCTGAAAGA-1",20.1577935057998
"AGCTCCTAGACCTAGG-1",17.4664343712652
"AGCTCCTAGCGTTTAC-1",0
"AGCTCCTGTGTTTGTG-1",0
"AGCTCCTGTTGTCTTT-1",23.9632600632198
"AGCTCCTTCCGAATGT-1",0
"AGCTCCTTCTTGACGA-1",19.6791620771265
"AGCTCTCAGCGGATCA-1",0
"AGCTCTCAGCTGTTCA-1",0
"AGCTCTCAGGTGCTAG-1",22.7910359479003
"AGCTCTCCATACAGCT-1",0
"AGCTCTCGTCAGAGGT-1",0
"AGCTCTCGTGGGTCAA-1",20.6476501926266
"AGCTCTCTCACAACGT-1",0
"AGCTCTCTCTTGACGA-1",0
"AGCTTGAAGCATCATC-1",0
"AGCTTGAAGTAGCGGT-1",18.9364467613522
"AGCTTGAAGTTGTCGT-1",0
"AGCTTGACAATCCAAC-1",0
"AGCTTGACACCGATAT-1",20.871167036379
"AGCTTGAGTCTACCTC-1",21.6170835392774
"AGCTTGAGTGCGCTTG-1",0
"AGCTTGAGTTACGCGC-1",19.8266962039221
"AGCTTGATCCTGCCAT-1",20.8722724103803
"AGCTTGATCTGCAAGT-1",20.2585596405429
"AGGCCACAGAGTAAGG-1",17.7474735241028
"AGGCCACAGGGTCTCC-1",0
"AGGCCACAGTACTTGC-1",0
"AGGCCACCAGGACCCT-1",0
"AGGCCACCATCAGTCA-1",19.9087144645219
"AGGCCACTCATGCTCC-1",16.5705191642786
"AGGCCACTCATTGCGA-1",0
"AGGCCGTAGGATCGCA-1",0
"AGGCCGTCACGTAAGG-1",17.7369135550193
"AGGCCGTCAGCTCGAC-1",0
"AGGCCGTCATCGTCGG-1",23.6771886526954
"AGGCCGTTCACGGTTA-1",0
"AGGCCGTTCGAACTGT-1",0
"AGGCCGTTCTCAAGTG-1",19.9087144645219
"AGGCCGTTCTGCTTGC-1",24.1208259756817
"AGGGAGTAGCCCAACC-1",0
"AGGGAGTAGGAGTACC-1",18.96353216136
"AGGGAGTAGGCAGGTT-1",17.4578860541034
"AGGGAGTCACGAGAGT-1",0
"AGGGAGTCAGAAGCAC-1",0
"AGGGAGTCAGATCCAT-1",21.4127989039908
"AGGGAGTCATCGACGC-1",0
"AGGGAGTCATGCTAGT-1",0
"AGGGAGTGTCCATGAT-1",0
"AGGGAGTTCATAACCG-1",19.5891007626208
"AGGGATGAGCTCTCGG-1",0
"AGGGATGAGGAGTAGA-1",0
"AGGGATGAGTAGCGGT-1",22.873299443958
"AGGGATGCAATGAATG-1",0
"AGGGATGCAATGGAGC-1",18.4400580571158
"AGGGATGCACAAGACG-1",0
"AGGGATGCACATTTCT-1",0
"AGGGATGCATGGTCTA-1",0
"AGGGATGGTTAAAGTG-1",22.4422087684483
"AGGGATGGTTATGCGT-1",0
"AGGGATGTCGTGACAT-1",0
"AGGGTGAAGATGGCGT-1",0
"AGGGTGAAGATGGGTC-1",0
"AGGGTGAAGGCTCAGA-1",0
"AGGGTGACACGAGAGT-1",0
"AGGGTGACAGATGGCA-1",0
"AGGGTGACAGATTGCT-1",20.6021469393307
"AGGGTGAGTACTCTCC-1",18.7460529432617
"AGGGTGAGTTATCGGT-1",16.9113343538889
"AGGGTGAGTTCTGAAC-1",0
"AGGGTGATCTCGCTTG-1",0
"AGGTCATAGAGCCCAA-1",0
"AGGTCATAGCCAGAAC-1",0
"AGGTCATAGGCATGGT-1",0
"AGGTCATAGGGAGTAA-1",18.9622766110925
"AGGTCATCACTCAGGC-1",0
"AGGTCATCACTCTGTC-1",0
"AGGTCATGTTCCACTC-1",0
"AGGTCATTCTCGTTTA-1",0
"AGGTCCGAGGATGCGT-1",0
"AGGTCCGGTGATGCCC-1",20.6021469393307
"AGGTCCGTCCATGAAC-1",0
"AGGTCCGTCGCCCTTA-1",0
"AGGTCCGTCTGCGTAA-1",0
"AGTAGTCAGACTGTAA-1",0
"AGTAGTCAGTACGACG-1",23.8766250661241
"AGTAGTCAGTTTAGGA-1",22.7280395378148
"AGTAGTCCAACTGGCC-1",24.1208259756817
"AGTAGTCGTGCAGACA-1",0
"AGTAGTCTCACCCGAG-1",19.2839473673925
"AGTCTTTAGGCAGTCA-1",0
"AGTCTTTCAAATCCGT-1",17.7369135550193
"AGTCTTTCATATACCG-1",22.498891275548
"AGTCTTTGTGCTTCTC-1",0
"AGTCTTTGTGTCCTCT-1",0
"AGTCTTTTCGCAGGCT-1",20.3535420816527
"AGTCTTTTCGCGTAGC-1",19.0781943779313
"AGTCTTTTCGCTAGCG-1",0
"AGTCTTTTCGCTTGTC-1",16.55819111107
"AGTCTTTTCTGACCTC-1",0
"AGTGAGGAGATAGCAT-1",0
"AGTGAGGCAGGTGCCT-1",17.1463133783364
"AGTGAGGGTATGAAAC-1",0
"AGTGAGGGTCACTTCC-1",0
"AGTGAGGGTCGCGAAA-1",0
"AGTGAGGGTTATGTGC-1",0
"AGTGAGGTCTACTATC-1",21.1476922926756
"AGTGGGAAGCAGACTG-1",16.5104236008349
"AGTGGGACAAACGCGA-1",21.2527775274816
"AGTGGGACAAGCCGTC-1",23.5276255834658
"AGTGGGACACAGGAGT-1",0
"AGTGGGACACGAGAGT-1",22.498891275548
"AGTGGGATCATCGATG-1",20.0546922382839
"AGTGGGATCCACGAAT-1",0
"AGTGGGATCCTGCAGG-1",0
"AGTGTCAAGAAGCCCA-1",22.5865157771726
"AGTGTCAAGCTAGTCT-1",0
"AGTGTCAAGTACGACG-1",0
"AGTGTCAAGTGAACAT-1",19.0420087768036
"AGTGTCACACCATCCT-1",18.9697225735371
"AGTGTCACAGTAAGCG-1",20.6006443262314
"AGTGTCACAGTGGAGT-1",20.4308283647047
"AGTGTCAGTAAACCTC-1",0
"AGTGTCAGTACAGCAG-1",22.4636494664147
"AGTGTCAGTCTCCACT-1",27.9905974898317
"AGTGTCAGTTTGACTG-1",0
"AGTGTCATCAAAGTAG-1",0
"AGTGTCATCCGTCAAA-1",16.7954415426089
"AGTGTCATCGTTACAG-1",19.8388163897549
"AGTGTCATCTGTCAAG-1",20.0797783492027
"AGTTGGTAGACTGTAA-1",0
"AGTTGGTAGTACGCGA-1",0
"AGTTGGTCAAATTGCC-1",18.9622766110925
"AGTTGGTCAGGAATGC-1",20.0490898325192
"AGTTGGTCATGCGCAC-1",0
"AGTTGGTGTACCGTAT-1",0
"AGTTGGTGTATGCTTG-1",20.3535420816527
"AGTTGGTGTCAGGACA-1",0
"AGTTGGTGTTCAGACT-1",0
"AGTTGGTTCAGTACGT-1",0
"AGTTGGTTCCTCAACC-1",0
"AGTTGGTTCGTACCGG-1",21.6243868251954
"AGTTGGTTCTGTCCGT-1",0
"ATAACGCAGTTGAGTA-1",0
"ATAACGCCACGTGAGA-1",0
"ATAACGCGTGAACCTT-1",0
"ATAACGCGTGTCCTCT-1",0
"ATAACGCGTGTGAAAT-1",22.7280395378148
"ATAACGCTCTCCGGTT-1",0
"ATAAGAGAGTCCGGTC-1",0
"ATAAGAGCAACTGCGC-1",22.0658000001127
"ATAAGAGCAGTATCTG-1",0
"ATAAGAGGTGACGCCT-1",0
"ATAAGAGGTTAAAGTG-1",18.8558342335884
"ATAAGAGTCAGCACAT-1",18.96353216136
"ATAAGAGTCAGTGCAT-1",0
"ATAGACCAGAGAGCTC-1",22.1073393238481
"ATAGACCAGCCCAATT-1",0
"ATAGACCCAAGCCATT-1",0
"ATAGACCCATCTGGTA-1",0
"ATAGACCGTATATGGA-1",17.5893403579089
"ATAGACCGTGGACGAT-1",17.4202843507132
"ATAGACCGTGGCGAAT-1",0
"ATAGACCGTTTCGCTC-1",19.7210060164353
"ATCACGAAGAACTCGG-1",19.6458726016789
"ATCACGAAGACACGAC-1",22.7910359479003
"ATCACGAAGTTACCCA-1",16.9882432236192
"ATCACGACAAGACACG-1",23.6336109315607
"ATCACGACAAGCGTAG-1",20.9749559941069
"ATCACGACACACATGT-1",22.2770654173244
"ATCACGACACCACCAG-1",0
"ATCACGACACGGTAAG-1",20.2177065292912
"ATCACGACAGCGAACA-1",0
"ATCACGATCCCGACTT-1",0
"ATCACGATCGGTGTCG-1",0
"ATCATCTAGCCTATGT-1",0
"ATCATCTAGGCCATAG-1",0
"ATCATCTAGTACTTGC-1",20.6893647154699
"ATCATCTCAGACGCCT-1",0
"ATCATCTCATCCGTGG-1",18.7460529432617
"ATCATCTGTATTACCG-1",0
"ATCATCTGTCACTTCC-1",0
"ATCATCTTCAGCGACC-1",0
"ATCATCTTCCTCAACC-1",0
"ATCATGGCAAGCGTAG-1",21.8898295120587
"ATCATGGCAAGGTTCT-1",0
"ATCATGGCACTACAGT-1",0
"ATCATGGGTAAGGGAA-1",0
"ATCATGGGTTGTGGCC-1",0
"ATCATGGTCAATAAGG-1",24.8300541828229
"ATCATGGTCCAATGGT-1",0
"ATCATGGTCGCCATAA-1",0
"ATCATGGTCGGTTAAC-1",19.5987014272615
"ATCCACCAGCTAGTCT-1",0
"ATCCACCAGGCTCTTA-1",18.8637429137234
"ATCCACCCAAACGTGG-1",0
"ATCCACCCAGTTAACC-1",27.3334272152414
"ATCCACCGTCCGAAGA-1",0
"ATCCACCGTTTGTTTC-1",23.9713988305518
"ATCCACCTCCTGCTTG-1",20.2301392830532
"ATCCACCTCCTTAATC-1",0
"ATCCACCTCTGGTATG-1",21.0593259099634
"ATCCGAAAGCGATGAC-1",20.9412205568002
"ATCCGAAAGCTAGGCA-1",0
"ATCCGAACAAACGTGG-1",19.5891007626208
"ATCCGAACAACAACCT-1",0
"ATCCGAACAAGGACTG-1",19.0781943779313
"ATCCGAACACCCATTC-1",23.468095151324
"ATCCGAACACGGTAGA-1",0
"ATCCGAAGTAGCGCTC-1",0
"ATCCGAAGTCATTAGC-1",20.5185105007071
"ATCCGAAGTCTCTTAT-1",0
"ATCCGAATCCAACCAA-1",0
"ATCCGAATCCTTGACC-1",19.5103105050485
"ATCCGAATCTTGTCAT-1",19.7429782695326
"ATCGAGTAGACTTTCG-1",0
"ATCGAGTCATCCGGGT-1",19.830555476995
"ATCGAGTGTCCCTTGT-1",19.2551063544175
"ATCGAGTGTCTCCCTA-1",22.7280395378148
"ATCGAGTTCATGCATG-1",17.5448974189345
"ATCGAGTTCCTGCCAT-1",0
"ATCTACTAGGTGTGGT-1",0
"ATCTACTCAGCTGTAT-1",18.583946746712
"ATCTACTCAGTACACT-1",0
"ATCTACTCATGACATC-1",0
"ATCTACTGTAAGTAGT-1",18.6713572443675
"ATCTACTGTGTCGCTG-1",0
"ATCTACTTCCGCGTTT-1",0
"ATCTACTTCGCAAGCC-1",31.1636422309458
"ATCTACTTCTATCGCC-1",19.8830171160346
"ATCTACTTCTCTAAGG-1",20.3824154714274
"ATCTGCCAGGCTCAGA-1",18.4073304029563
"ATCTGCCGTACAGTTC-1",22.1983092530368
"ATCTGCCGTTGTGGAG-1",0
"ATCTGCCTCAGAGACG-1",0
"ATCTGCCTCAGCTGGC-1",0
"ATCTGCCTCGTACGGC-1",0
"ATCTGCCTCTCGAGTA-1",19.3689339767596
"ATCTGCCTCTGAGTGT-1",18.4073304029563
"ATCTGCCTCTTGTATC-1",20.492175055213
"ATGAGGGAGGTCGGAT-1",0
"ATGAGGGCATGACGGA-1",0
"ATGAGGGCATTAGGCT-1",20.6006443262314
"ATGAGGGTCACATGCA-1",21.608337872505
"ATGAGGGTCAGTCCCT-1",16.9113343538889
"ATGCGATAGTCAATAG-1",0
"ATGCGATCATGTTGAC-1",0
"ATGCGATGTGCAGTAG-1",0
"ATGCGATGTGCATCTA-1",24.7621024512978
"ATGCGATTCCCAAGAT-1",0
"ATGCGATTCGCCATAA-1",0
"ATGGGAGAGCAATATG-1",0
"ATGGGAGAGCCACGCT-1",0
"ATGGGAGAGGTGATAT-1",19.6185665098423
"ATGGGAGCACCAGGTC-1",0
"ATGGGAGCACTATCTT-1",0
"ATGGGAGCAGCATACT-1",20.0973540989262
"ATGGGAGCATAGAAAC-1",0
"ATGGGAGCATTACCTT-1",22.4422087684483
"ATGTGTGAGCGAAGGG-1",0
"ATGTGTGAGGGTTTCT-1",0
"ATGTGTGAGTTGAGTA-1",0
"ATGTGTGCACGGCGTT-1",27.3220336299388
"ATGTGTGCACGGTTTA-1",0
"ATGTGTGCAGTATAAG-1",0
"ATGTGTGTCACGCGGT-1",20.5185105007071
"ATTACTCAGATGTGTA-1",0
"ATTACTCAGCGTAATA-1",0
"ATTACTCAGGTGCACA-1",19.4246088311359
"ATTACTCAGTGAAGTT-1",0
"ATTACTCCAAACTGTC-1",22.913342155974
"ATTACTCCACCATCCT-1",0
"ATTACTCCAGACTCGC-1",0
"ATTACTCCATATGCTG-1",0
"ATTACTCCATCGGTTA-1",19.1322869876226
"ATTACTCCATTGCGGC-1",0
"ATTACTCGTTAAAGAC-1",0
"ATTACTCTCCGAACGC-1",16.5119790622587
"ATTATCCAGAGTACCG-1",20.1880030315583
"ATTATCCAGCTTATCG-1",0
"ATTATCCCACAAGCCC-1",0
"ATTATCCCATATGAGA-1",16.9512880741167
"ATTATCCCATCTGGTA-1",0
"ATTATCCGTCGTTGTA-1",16.6252089541617
"ATTATCCGTCTCTCTG-1",20.6476501926266
"ATTATCCTCAACGGGA-1",0
"ATTATCCTCCGCGCAA-1",0
"ATTATCCTCTCCGGTT-1",18.9364467613522
"ATTCTACGTCACTTCC-1",19.830555476995
"ATTCTACGTCTAGTCA-1",0
"ATTCTACGTTGTCGCG-1",24.8300541828229
"ATTGGACAGCAGATCG-1",0
"ATTGGACAGGGCATGT-1",0
"ATTGGACAGTGGACGT-1",0
"ATTGGACCAAGACACG-1",0
"ATTGGACGTAATAGCA-1",0
"ATTGGACTCCTGCTTG-1",0
"ATTGGACTCGGCGCAT-1",0
"ATTGGACTCGTTTGCC-1",28.5336193457137
"ATTGGTGAGAATGTTG-1",0
"ATTGGTGCAAGCTGAG-1",17.5847578247872
"ATTGGTGCAGCAGTTT-1",21.9633336895221
"ATTGGTGGTTGAGTTC-1",24.5082124325553
"ATTGGTGTCAAAGTAG-1",23.3458296495514
"ATTGGTGTCGGAAACG-1",0
"ATTTCTGAGGGATACC-1",0
"ATTTCTGAGGGATCTG-1",19.990910631912
"ATTTCTGAGGTGTTAA-1",23.6042890220444
"ATTTCTGAGTCGAGTG-1",0
"ATTTCTGAGTTCGCAT-1",0
"ATTTCTGCAAGGTGTG-1",21.8898295120587
"ATTTCTGGTAGCTCCG-1",0
"ATTTCTGGTGCACGAA-1",0
"ATTTCTGGTTGCCTCT-1",24.4261414406146
"ATTTCTGTCAAAGTAG-1",0
"ATTTCTGTCAGCTCGG-1",0
"ATTTCTGTCTTGGGTA-1",0
"CAACCAAAGAAACGCC-1",20.1775956776296
"CAACCAAAGAGGGCTT-1",0
"CAACCAAAGCTGAAAT-1",0
"CAACCAAAGGACAGCT-1",0
"CAACCAAAGGGAGTAA-1",17.1425533655802
"CAACCAACATACGCTA-1",18.9364467613522
"CAACCTCAGTAATCCC-1",17.7474735241028
"CAACCTCCAGACGCAA-1",0
"CAACCTCGTGAGTGAC-1",19.2411721684724
"CAACCTCGTTCCACGG-1",0
"CAACCTCTCATACGGT-1",16.8912552052105
"CAACCTCTCCGATATG-1",0
"CAACCTCTCCTTTACA-1",0
"CAACCTCTCTCTAGGA-1",0
"CAACTAGAGAATAGGG-1",0
"CAACTAGAGGATGCGT-1",20.9425411518708
"CAACTAGCACCATCCT-1",0
"CAACTAGCAGACTCGC-1",21.9633336895221
"CAACTAGCAGTTCATG-1",0
"CAACTAGGTACGCACC-1",0
"CAACTAGTCAGGCCCA-1",0
"CAAGAAAAGAAGGACA-1",19.1340084986061
"CAAGAAAAGACGCACA-1",0
"CAAGAAAAGGCCCTTG-1",0
"CAAGAAAAGGTGATAT-1",0
"CAAGAAAAGTCGATAA-1",17.4242405415642
"CAAGAAAAGTGGAGTC-1",0
"CAAGAAAAGTGTACCT-1",28.6376194417849
"CAAGAAACACGGTGTC-1",20.9716366710326
"CAAGAAATCTGCTTGC-1",0
"CAAGATCAGCTGAAAT-1",19.2340882747525
"CAAGATCGTAAGAGGA-1",23.6336109315607
"CAAGATCGTGCCTTGG-1",24.4131367456017
"CAAGATCTCAACACCA-1",20.6006443262314
"CAAGATCTCTCGATGA-1",17.2183100928264
"CAAGGCCAGGAGTCTG-1",0
"CAAGGCCAGGCTATCT-1",0
"CAAGGCCCACGGTAAG-1",0
"CAAGGCCCATGTTCCC-1",20.6021469393307
"CAAGGCCGTCCGTCAG-1",0
"CAAGGCCTCAACGGGA-1",17.5304429152659
"CAAGGCCTCCTTGACC-1",17.090497164358
"CAAGGCCTCGTGACAT-1",0
"CAAGTTGAGACAGGCT-1",20.9480385752307
"CAAGTTGAGATGTCGG-1",0
"CAAGTTGAGCGTCAAG-1",18.0440942150946
"CAAGTTGAGCGTTTAC-1",0
"CAAGTTGCACATTAGC-1",27.4792062797672
"CAAGTTGCACGCTTTC-1",22.2648768983635
"CAAGTTGCACGGTGTC-1",16.7905734172181
"CAAGTTGCATTCTTAC-1",0
"CAAGTTGGTACTCAAC-1",0
"CAAGTTGGTCAGGACA-1",23.3458296495514
"CAAGTTGGTCGGCACT-1",0
"CAAGTTGTCAACGAAA-1",0
"CAAGTTGTCACCACCT-1",0
"CAAGTTGTCATTGCCC-1",19.7210060164353
"CAAGTTGTCGAATCCA-1",17.3316366219007
"CAAGTTGTCTACTTAC-1",26.6736529197697
"CACAAACAGGGCTCTC-1",24.0644442700087
"CACAAACAGGGCTTGA-1",0
"CACAAACAGTGACATA-1",0
"CACAAACCAACTGCGC-1",0
"CACAAACCAATAAGCA-1",18.127315016295
"CACAAACCAATCAGAA-1",16.617106805213
"CACAAACCACTTAACG-1",23.739928483069
"CACAAACCATGAACCT-1",29.9521262080035
"CACAAACCATGGTCAT-1",20.6899505950985
"CACAAACGTCAACTGT-1",18.8637429137233
"CACAAACGTCAGAATA-1",0
"CACAAACTCTTCGGTC-1",20.6893647154699
"CACAAACTCTTGGGTA-1",0
"CACACAAAGCGACGTA-1",0
"CACACAAAGGGAGTAA-1",18.4073304029563
"CACACAACAAACGTGG-1",0
"CACACAACACATGACT-1",23.4229291121902
"CACACAACATCGATTG-1",0
"CACACAACATTGGGCC-1",22.0642509537308
"CACACAAGTACGACCC-1",24.2320627357368
"CACACAAGTCAGTGGA-1",20.6899505950985
"CACACAAGTCATCGGC-1",18.329356154581
"CACACAAGTTTACTCT-1",0
"CACACAATCCACGTGG-1",21.6710167022325
"CACACAATCCACGTTC-1",0
"CACACAATCGGCGCAT-1",21.8898295120587
"CACACCTAGAGACTAT-1",0
"CACACCTAGGACATTA-1",21.9632875579905
"CACACCTAGTGTGAAT-1",0
"CACACCTCACTGAAGG-1",0
"CACACCTCATAGGATA-1",0
"CACACCTCATAGTAAG-1",19.6458726016789
"CACACCTCATTGGGCC-1",0
"CACACCTGTACAGCAG-1",0
"CACACCTGTACCGCTG-1",23.788226330221
"CACACCTGTCCAAGTT-1",20.5179796613806
"CACACCTGTGGACGAT-1",18.8854500383935
"CACACCTGTGGTCTCG-1",0
"CACACCTTCATGTCTT-1",16.8633875868909
"CACACCTTCTGGCGAC-1",0
"CACACTCAGGGAAACA-1",19.9925932193472
"CACACTCCAACACCTA-1",23.6275352545834
"CACACTCCAAGGGTCA-1",0
"CACACTCGTGACGCCT-1",0
"CACACTCGTTTGTGTG-1",0
"CACAGGCAGCCATCGC-1",21.3846266875142
"CACAGGCAGGGATGGG-1",0
"CACAGGCCAAGAGTCG-1",18.1783007486151
"CACAGGCCAATGGAGC-1",0
"CACAGGCGTCTAGGTT-1",24.8300541828229
"CACAGGCGTTACGCGC-1",18.96353216136
"CACAGGCTCGGGAGTA-1",28.0441168780825
"CACAGGCTCTATGTGG-1",0
"CACAGTAAGACGCAAC-1",22.0658000001127
"CACAGTAAGACGCACA-1",0
"CACAGTAAGTGGGCTA-1",0
"CACAGTACAACTGGCC-1",16.5705191642786
"CACAGTACATCGGACC-1",0
"CACAGTAGTTCCATGA-1",0
"CACATAGAGCCCAATT-1",0
"CACATAGAGTGTACTC-1",21.3044363544717
"CACATAGCACTTCTGC-1",16.8633875868909
"CACATAGCAGGGTATG-1",20.1953004319073
"CACATAGTCCTTGCCA-1",0
"CACATAGTCGGCGCAT-1",0
"CACATTTAGCAGATCG-1",0
"CACATTTAGGGCACTA-1",0
"CACATTTCACGGCGTT-1",20.0467149171423
"CACATTTCATTACCTT-1",33.1972994374377
"CACATTTGTCGAACAG-1",0
"CACATTTGTGTTGAGG-1",18.8558342335884
"CACATTTTCCAGAGGA-1",17.764273204732
"CACATTTTCCGCATCT-1",18.8854500383935
"CACATTTTCTACTATC-1",17.0151550981529
"CACATTTTCTGTGCAA-1",21.6170835392774
"CACCACTAGCCACGTC-1",0
"CACCACTAGTGGTAAT-1",16.9113343538889
"CACCACTAGTTACCCA-1",0
"CACCACTCAAGCCCAC-1",0
"CACCACTCAGTTCATG-1",23.277437076001
"CACCACTGTTATTCTC-1",19.5200226122104
"CACCACTTCACCGGGT-1",0
"CACCACTTCGAATCCA-1",0
"CACCACTTCGACCAGC-1",0
"CACCACTTCTAACCGA-1",0
"CACCACTTCTTTAGTC-1",20.6899505950985
"CACCAGGCACATTAGC-1",0
"CACCAGGCACTGCCAG-1",20.1577935057998
"CACCAGGCATAAAGGT-1",0
"CACCAGGCATGAACCT-1",0
"CACCAGGGTGAAATCA-1",0
"CACCAGGGTGTTTGGT-1",0
"CACCAGGGTTATCACG-1",20.6006443262314
"CACCAGGTCATGTAGC-1",19.6306518374071
"CACCAGGTCTGCTTGC-1",0
"CACCTTGAGACTTGAA-1",0
"CACCTTGAGTCAATAG-1",0
"CACCTTGCAGGCGATA-1",16.5887648080833
"CACCTTGCATTCCTGC-1",20.8924930436662
"CACCTTGGTCATTAGC-1",0
"CACCTTGGTGATGTCT-1",16.801561439244
"CACCTTGGTTATGTGC-1",0
"CACCTTGTCAACCATG-1",24.2973820114352
"CACCTTGTCATTATCC-1",0
"CACCTTGTCCAAAGTC-1",0
"CACCTTGTCTCACATT-1",27.5576703123426
"CACTCCAAGACAAGCC-1",0
"CACTCCAAGGTACTCT-1",19.6393883987386
"CACTCCACAATGGACG-1",0
"CACTCCAGTACATGTC-1",33.4404398504068
"CACTCCAGTTGTCGCG-1",0
"CACTCCATCAACACAC-1",0
"CACTCCATCCCAGGTG-1",0
"CAGAATCAGAAACCTA-1",0
"CAGAATCAGCCAACAG-1",0
"CAGAATCAGCTGGAAC-1",20.7903007472611
"CAGAATCAGGACTGGT-1",0
"CAGAATCAGTATCGAA-1",0
"CAGAATCCACAGAGGT-1",0
"CAGAATCCAGGGTACA-1",23.7199084925915
"CAGAATCGTAAGTGTA-1",20.6667183507985
"CAGAATCGTAATCACC-1",20.0716016862335
"CAGAATCTCAGTTTGG-1",19.5919612855776
"CAGAATCTCGCAAGCC-1",19.2340882747525
"CAGAATCTCGGTCCGA-1",0
"CAGAATCTCTTGCAAG-1",0
"CAGAATCTCTTGTACT-1",25.4415151622491
"CAGAGAGAGAATTGTG-1",0
"CAGAGAGAGCAATATG-1",0
"CAGAGAGCAAGAAGAG-1",0
"CAGAGAGCACCAGATT-1",0
"CAGAGAGGTAATCACC-1",18.4073304029563
"CAGAGAGGTAGCTGCC-1",20.6021469393307
"CAGAGAGGTAGGACAC-1",0
"CAGAGAGGTATAGGGC-1",0
"CAGAGAGGTCCGAATT-1",17.764273204732
"CAGAGAGGTTGAGGTG-1",22.1073393238481
"CAGAGAGTCACCCGAG-1",0
"CAGAGAGTCATAACCG-1",19.2551063544175
"CAGAGAGTCCGAACGC-1",0
"CAGAGAGTCTGGTATG-1",20.0716016862335
"CAGATCAAGAGACGAA-1",26.6882030247527
"CAGATCAAGCACCGTC-1",29.2632075023525
"CAGATCAAGCTTCGCG-1",0
"CAGATCAAGGATTCGG-1",0
"CAGATCAAGTGTACCT-1",20.5380209039272
"CAGATCAAGTTTAGGA-1",17.4212535442732
"CAGATCACAATAACGA-1",26.9963982930102
"CAGATCACACACCGAC-1",19.1322869876226
"CAGATCACACGGTAAG-1",19.6791620771265
"CAGATCACACTCTGTC-1",0
"CAGATCACAGCATACT-1",17.957280099489
"CAGATCACAGTGGGAT-1",19.8830171160346
"CAGATCAGTACCAGTT-1",0
"CAGATCAGTGCGGTAA-1",24.3777775512516
"CAGATCATCTGATTCT-1",0
"CAGCAGCAGATGCCAG-1",0
"CAGCAGCAGGGAACGG-1",17.090497164358
"CAGCAGCCACCTATCC-1",0
"CAGCAGCCATCACAAC-1",0
"CAGCAGCTCAACACTG-1",0
"CAGCAGCTCGAACTGT-1",22.2890910571852
"CAGCAGCTCGCCGTGA-1",23.2893220612434
"CAGCATAAGAGACGAA-1",21.4127989039908
"CAGCATAGTCTAGGTT-1",16.7594692222401
"CAGCATAGTTTACTCT-1",0
"CAGCATATCACGAAGG-1",20.6021469393307
"CAGCATATCAGGCAAG-1",0
"CAGCATATCCTTAATC-1",18.96353216136
"CAGCCGAAGCATCATC-1",0
"CAGCCGAAGTTTCCTT-1",24.8300541828229
"CAGCCGACACGTGAGA-1",0
"CAGCCGACATCAGTCA-1",0
"CAGCCGAGTGATGTCT-1",20.5380209039272
"CAGCCGATCACCAGGC-1",19.0528532675619
"CAGCCGATCCTCAATT-1",20.8774467943811
"CAGCGACAGAAACGCC-1",23.6336109315607
"CAGCGACAGCGTCAAG-1",0
"CAGCGACCAAACGTGG-1",19.5147165605523
"CAGCGACCAAAGCGGT-1",0
"CAGCGACCACGTCAGC-1",0
"CAGCGACCATGGGACA-1",0
"CAGCGACGTCTGATTG-1",26.7374005129392
"CAGCGACGTGGACGAT-1",0
"CAGCGACGTGGTTTCA-1",0
"CAGCGACGTTCGGCAC-1",17.4242405415642
"CAGCGACTCCGCAAGC-1",17.764273204732
"CAGCGACTCTGGGCCA-1",24.1208259756817
"CAGCTAAAGATGTGTA-1",17.7556514318192
"CAGCTAAAGCAGACTG-1",0
"CAGCTAAAGCTGTTCA-1",0
"CAGCTAAAGGAGCGTT-1",16.8677408121416
"CAGCTAACACAGATTC-1",0
"CAGCTAACATCAGTAC-1",0
"CAGCTAAGTAATCGTC-1",16.8912552052105
"CAGCTAAGTCTCACCT-1",20.6667183507985
"CAGCTAAGTTCGTCTC-1",0
"CAGCTAATCCACGCAG-1",0
"CAGCTAATCCCTAACC-1",0
"CAGCTAATCTGGTTCC-1",19.1018539613934
"CAGCTAATCTTAGCCC-1",25.6721593595495
"CAGCTAATCTTCGGTC-1",18.7126881010502
"CAGCTGGAGACACTAA-1",0
"CAGCTGGAGATCCTGT-1",21.7540432868882
"CAGCTGGCACCAACCG-1",21.0302485391051
"CAGCTGGCAGTGGAGT-1",0
"CAGCTGGCATGCATGT-1",0
"CAGCTGGTCTACCTGC-1",21.8898295120587
"CAGGTGCAGAGACGAA-1",0
"CAGGTGCAGATCCTGT-1",0
"CAGGTGCAGGCATGTG-1",0
"CAGGTGCCAGGAACGT-1",0
"CAGGTGCCATAGTAAG-1",0
"CAGGTGCCATCGGAAG-1",33.1972994374377
"CAGGTGCTCAGTTGAC-1",20.439921481513
"CAGGTGCTCCAAGTAC-1",0
"CAGGTGCTCTTGTATC-1",19.2792022425082
"CAGTAACAGATATGGT-1",22.0658000001127
"CAGTAACAGATGGCGT-1",18.96353216136
"CAGTAACCAATCACAC-1",16.8829807439879
"CAGTAACCACTCGACG-1",0
"CAGTAACGTGATAAGT-1",0
"CAGTAACGTGCACCAC-1",0
"CAGTAACTCAGAGGTG-1",0
"CAGTAACTCGTACGGC-1",17.7556514318192
"CAGTAACTCGTGACAT-1",25.3407278428489
"CAGTAACTCTGCCAGG-1",22.2240484337583
"CAGTCCTAGAATCTCC-1",19.478662899791
"CAGTCCTAGATCTGCT-1",0
"CAGTCCTCAGTATAAG-1",17.2120633706618
"CAGTCCTTCAACACGT-1",18.129997475087
"CAGTCCTTCCATGAGT-1",0
"CAGTCCTTCCCGACTT-1",0
"CAGTCCTTCCCTTGTG-1",24.8300541828229
"CAGTCCTTCGAACGGA-1",20.4535699988373
"CAGTCCTTCGGTTCGG-1",0
"CAGTCCTTCTACTTAC-1",17.0599688848206
"CATATGGAGAGATGAG-1",0
"CATATGGAGGCATGGT-1",24.1208259756817
"CATATGGAGTATTGGA-1",0
"CATATGGCAAGCGTAG-1",18.8854500383935
"CATATGGGTCGCATAT-1",28.1739232606762
"CATATGGTCATTATCC-1",17.2689364749871
"CATATGGTCATTGCGA-1",18.0821781398465
"CATATTCCACCACCAG-1",21.608337872505
"CATATTCGTGACTACT-1",0
"CATATTCGTGGTACAG-1",0
"CATATTCGTGTGACGA-1",16.6083852743596
"CATATTCTCACAGGCC-1",0
"CATATTCTCGCAAACT-1",0
"CATCAAGAGAACTCGG-1",0
"CATCAAGAGATGGCGT-1",0
"CATCAAGAGCCGCCTA-1",21.4912660901375
"CATCAAGCACGAAACG-1",0
"CATCAAGCAGCCTTTC-1",22.2464322328868
"CATCAAGCATGGAATA-1",0
"CATCAAGGTTACTGAC-1",19.0201683678598
"CATCAAGGTTCCATGA-1",0
"CATCAAGTCTAAGCCA-1",20.1542074748644
"CATCAAGTCTGACCTC-1",0
"CATCAGAAGCTAGTCT-1",19.1408902315767
"CATCAGACAAGCCATT-1",23.4885434913874
"CATCAGACAATGACCT-1",20.1475378908859
"CATCAGACACGGCCAT-1",24.0485353314
"CATCAGACAGACAGGT-1",18.5469696823872
"CATCAGACATAACCTG-1",0
"CATCAGAGTAATTGGA-1",0
"CATCAGAGTACATGTC-1",0
"CATCAGAGTGTTAAGA-1",0
"CATCAGAGTTCAACCA-1",0
"CATCAGATCGTTGACA-1",16.5382632384377
"CATCCACGTAAAGTCA-1",0
"CATCCACGTACCGTAT-1",18.96353216136
"CATCCACGTGCCTGTG-1",0
"CATCCACGTTTAAGCC-1",18.6429926455917
"CATCGAAAGAGTACAT-1",17.1425533655802
"CATCGAAAGCTGTCTA-1",0
"CATCGAACAAGAGGCT-1",0
"CATCGAACAAGCTGAG-1",0
"CATCGAACACATTTCT-1",0
"CATCGAACATAAAGGT-1",0
"CATCGAAGTAGTACCT-1",21.7926161318797
"CATCGAAGTCCGACGT-1",0
"CATCGAAGTGCACTTA-1",18.127315016295
"CATCGAATCAAACCAC-1",0
"CATCGAATCCGCGGTA-1",17.7369135550193
"CATCGAATCCGTAGTA-1",21.054956029111
"CATCGGGAGAAGCCCA-1",0
"CATCGGGAGCGAGAAA-1",19.952566912989
"CATCGGGAGGGTGTGT-1",21.2527775274816
"CATCGGGAGGTGTTAA-1",0
"CATCGGGAGTGACTCT-1",0
"CATCGGGCACTCAGGC-1",0
"CATCGGGCAGACGCTC-1",19.5103105050485
"CATCGGGCATCACAAC-1",17.4242405415642
"CATCGGGGTCCTCTTG-1",0
"CATCGGGGTGAGGGAG-1",0
"CATCGGGGTTCGAATC-1",0
"CATCGGGTCAGGATCT-1",0
"CATCGGGTCCACGAAT-1",18.710599046289
"CATCGGGTCGATGAGG-1",0
"CATGACAAGACCACGA-1",23.3458296495514
"CATGACAAGCTCCTCT-1",0
"CATGACAAGTAACCCT-1",20.4535699988373
"CATGACAAGTATCTCG-1",24.0644442700087
"CATGACAGTCGTCTTC-1",20.1475378908859
"CATGACAGTGAACCTT-1",0
"CATGACATCAATAAGG-1",0
"CATGACATCTAACTGG-1",0
"CATGCCTAGACCTAGG-1",18.129997475087
"CATGCCTAGAGTCTGG-1",0
"CATGCCTCACCACCAG-1",17.0881042418233
"CATGCCTGTCAAAGCG-1",0
"CATGCCTGTCGATTGT-1",0
"CATGCCTTCCACGACG-1",0
"CATGCCTTCCTCATTA-1",23.1750844990203
"CATGCCTTCGCATGAT-1",0
"CATGGCGAGAGCTGGT-1",18.644795191015
"CATGGCGAGTACGACG-1",19.5363562096927
"CATGGCGTCCAAAGTC-1",0
"CATGGCGTCCCTTGTG-1",0
"CATGGCGTCGGCCGAT-1",17.7626866277665
"CATGGCGTCTCAAACG-1",0
"CATGGCGTCTGCCCTA-1",16.5641984667355
"CATTATCAGACCCACC-1",19.5891007626208
"CATTATCAGTCCCACG-1",0
"CATTATCCAAGTCTGT-1",0
"CATTATCCAGGGCATA-1",17.5859733139479
"CATTATCGTCAATGTC-1",18.7460529432617
"CATTATCTCACAAACC-1",0
"CATTATCTCAGATAAG-1",0
"CATTATCTCGCGTTTC-1",0
"CATTATCTCGTTGCCT-1",0
"CATTATCTCTATCCCG-1",20.5218179977898
"CATTATCTCTTAACCT-1",0
"CATTCGCAGGTGCTAG-1",16.8531784908616
"CATTCGCCAAGGGTCA-1",23.1721657314056
"CATTCGCCAGCCTATA-1",30.595738585225
"CATTCGCCATACAGCT-1",31.1636422309458
"CATTCGCCATGGATGG-1",18.7990085749254
"CATTCGCCATGTCTCC-1",17.957280099489
"CATTCGCCATTCACTT-1",0
"CATTCGCGTAGCACGA-1",0
"CATTCGCTCATCACCC-1",20.6133750246552
"CCAATCCAGACCACGA-1",17.6187287640811
"CCAATCCAGATATGGT-1",20.4535699988373
"CCAATCCAGTCGAGTG-1",20.6021469393307
"CCAATCCAGTCGTTTG-1",0
"CCAATCCAGTTTAGGA-1",0
"CCAATCCCAAGCGAGT-1",17.7495613258364
"CCAATCCTCGGACAAG-1",0
"CCACCTAAGGATGGTC-1",0
"CCACCTAAGTCGAGTG-1",0
"CCACCTAAGTGGGATC-1",20.6006443262314
"CCACCTAAGTGTGGCA-1",23.2390442854083
"CCACCTACAACAACCT-1",20.84001408735
"CCACCTACAAGCCGCT-1",0
"CCACCTACAATCTACG-1",16.8912552052105
"CCACCTAGTAGTACCT-1",0
"CCACCTAGTCGCGTGT-1",25.3407278428489
"CCACCTAGTGGGTCAA-1",19.6791620771265
"CCACCTATCAGTTGAC-1",20.8774467943811
"CCACCTATCTGATACG-1",26.2817450437011
"CCACGGAAGGGAACGG-1",20.7876007498784
"CCACGGACATGTCGAT-1",19.0797994696621
"CCACGGAGTAAGGGCT-1",22.0642509537308
"CCACGGAGTCAGATAA-1",0
"CCACGGAGTCCGTGAC-1",17.1425533655802
"CCACGGAGTGTAATGA-1",24.4261414406146
"CCACGGAGTTCTGAAC-1",18.5469696823872
"CCACGGATCACATAGC-1",33.4404398504068
"CCACGGATCCACGTGG-1",0
"CCACGGATCTACTATC-1",27.0801018669709
"CCACGGATCTAGAGTC-1",18.7990085749254
"CCACTACAGAGTACCG-1",19.1736626986001
"CCACTACAGCTTTGGT-1",18.4073304029563
"CCACTACCAGCAGTTT-1",23.2893220612434
"CCACTACCAGTAGAGC-1",0
"CCACTACGTCCGAATT-1",0
"CCACTACGTCTCAACA-1",0
"CCACTACGTGACAAAT-1",0
"CCACTACGTGACCAAG-1",23.277437076001
"CCACTACGTGCACGAA-1",17.5133507948719
"CCACTACTCACTCTTA-1",20.871167036379
"CCACTACTCCGCATCT-1",0
"CCACTACTCGGAAATA-1",19.1369885090877
"CCACTACTCTCGTATT-1",20.1880030315583
"CCACTACTCTCGTTTA-1",21.8898295120587
"CCAGCGAAGCCCAACC-1",28.1136013725005
"CCAGCGACATCGGGTC-1",17.1174652738585
"CCAGCGACATGTCCTC-1",18.24810725263
"CCAGCGAGTAGGCATG-1",20.6021469393307
"CCAGCGAGTCCGTTAA-1",16.8633875868909
"CCAGCGATCAGAAATG-1",24.7009378917884
"CCATGTCAGCGATCCC-1",18.8156636577047
"CCATGTCAGGTCGGAT-1",29.4033909994799
"CCATGTCAGGTTACCT-1",19.1340084986061
"CCATGTCCAAGCTGGA-1",0
"CCATGTCCACATCCGG-1",0
"CCATGTCGTCCAGTAT-1",26.0567781216573
"CCATGTCTCCAAGTAC-1",0
"CCATGTCTCTTGTATC-1",18.8854500383935
"CCATTCGCAGTACACT-1",0
"CCATTCGCAGTTTACG-1",17.2689364749871
"CCATTCGGTAATCGTC-1",20.1953004319073
"CCATTCGGTATTACCG-1",0
"CCCAATCAGTCACGCC-1",16.7905734172181
"CCCAATCCAGGTGGAT-1",24.0734890065937
"CCCAATCGTGAAGGCT-1",0
"CCCAATCGTTGGAGGT-1",17.8957987880117
"CCCAATCTCACATGCA-1",21.608337872505
"CCCAATCTCCAGTATG-1",20.6006443262314
"CCCAATCTCGGAGCAA-1",17.764273204732
"CCCAGTTAGAATAGGG-1",0
"CCCAGTTAGATCCCGC-1",18.166273877733
"CCCAGTTAGCGTGAAC-1",0
"CCCAGTTAGGAATCGC-1",23.0922088490377
"CCCAGTTAGTCCGGTC-1",0
"CCCAGTTAGTTTGCGT-1",0
"CCCAGTTGTACATGTC-1",24.2800170151841
"CCCAGTTGTCTGCAAT-1",17.3803185889217
"CCCAGTTTCTGAAAGA-1",0
"CCCATACAGGGTTCCC-1",21.6710167022325
"CCCATACAGTGTTTGC-1",0
"CCCATACCAAAGGTGC-1",19.9983282079173
"CCCATACCAACACCCG-1",29.6709174843159
"CCCATACCAGCAGTTT-1",28.0441168780825
"CCCATACGTATTACCG-1",19.7210060164353
"CCCATACGTCAATACC-1",21.3122516123252
"CCCATACGTCTAGTCA-1",20.1775956776296
"CCCATACGTTGAGTTC-1",26.6736529197697
"CCCATACTCAATAAGG-1",0
"CCCATACTCAGCGACC-1",19.830555476995
"CCCATACTCATCACCC-1",0
"CCCATACTCCGTAGGC-1",19.9087144645219
"CCCTCCTAGGAATCGC-1",0
"CCCTCCTCAGCTTAAC-1",0
"CCCTCCTCATATGAGA-1",0
"CCCTCCTCATCACGTA-1",25.6721593595495
"CCCTCCTGTATGGTTC-1",22.5728008219455
"CCCTCCTGTTAGATGA-1",0
"CCCTCCTTCAATCACG-1",21.3325412445788
"CCCTCCTTCCGCAGTG-1",0
"CCGGGATAGCTTCGCG-1",24.9392238198732
"CCGGGATAGGCGACAT-1",0
"CCGGGATAGGCTAGGT-1",0
"CCGGGATCACAGTCGC-1",0
"CCGGGATGTATAGGTA-1",0
"CCGGGATTCAGAGCTT-1",0
"CCGGGATTCGCTAGCG-1",22.1073393238481
"CCGGGATTCGCTTGTC-1",0
"CCGGTAGAGCGTCTAT-1",20.871167036379
"CCGGTAGAGTACGCCC-1",0
"CCGGTAGCACATAACC-1",0
"CCGGTAGCACGCATCG-1",22.4476779213399
"CCGGTAGGTACTTCTT-1",16.6204133457729
"CCGGTAGGTCAAACTC-1",0
"CCGGTAGTCGTCCGTT-1",0
"CCGTACTAGAGAACAG-1",23.5276255834658
"CCGTACTAGTCCGTAT-1",0
"CCGTACTCAAGCCCAC-1",0
"CCGTACTCAAGCGAGT-1",0
"CCGTACTCATCCCACT-1",19.6791620771265
"CCGTACTGTACAGCAG-1",16.9512880741167
"CCGTACTGTGCGGTAA-1",0
"CCGTACTTCGTTACAG-1",0
"CCGTGGAAGACGCACA-1",0
"CCGTGGAAGAGTTGGC-1",22.913342155974
"CCGTGGAAGGTGATAT-1",16.7678396372335
"CCGTGGAAGGTTCCTA-1",0
"CCGTGGACAGCCTTGG-1",17.2120633706618
"CCGTGGAGTTCCATGA-1",22.5734281070867
"CCGTGGATCTAACTTC-1",0
"CCGTTCAAGCGTAATA-1",0
"CCGTTCAAGTACGATA-1",0
"CCGTTCAAGTAGATGT-1",0
"CCGTTCACAGGATCGA-1",23.6771886526954
"CCGTTCAGTATAGGGC-1",0
"CCGTTCAGTCGCGAAA-1",0
"CCGTTCATCGTACCGG-1",16.4904525766593
"CCTAAAGAGAGTTGGC-1",22.5043779294857
"CCTAAAGCAAACCTAC-1",0
"CCTAAAGCATGTCTCC-1",0
"CCTAAAGGTACTCAAC-1",22.5728008219455
"CCTAAAGGTCGGCACT-1",28.6376194417849
"CCTAAAGGTGTAATGA-1",17.1174652738585
"CCTAAAGTCACCGTAA-1",24.1208259756817
"CCTAAAGTCAGCGATT-1",0
"CCTAAAGTCGGCGCTA-1",20.7104950499446
"CCTAAAGTCGGTCCGA-1",0
"CCTACACAGGACCACA-1",24.0734890065937
"CCTACACAGGGTGTTG-1",0
"CCTACACCAGTAAGAT-1",0
"CCTACACGTATAGTAG-1",21.9633336895221
"CCTACACGTCCGAACC-1",20.8422758957705
"CCTACACGTGGGTCAA-1",18.8637429137233
"CCTACACGTTTGACTG-1",20.5380209039272
"CCTACACTCGGCGCTA-1",20.3258069904679
"CCTACACTCGTGACAT-1",0
"CCTACCAAGATAGGAG-1",22.209867185499
"CCTACCAAGCAAATCA-1",20.5185105007071
"CCTACCAAGCGTAGTG-1",26.1624395060065
"CCTACCAAGTGCGATG-1",18.6939274858299
"CCTACCAGTATCAGTC-1",23.468095151324
"CCTACCAGTCTCTCTG-1",21.2583046710348
"CCTACCAGTCTTTCAT-1",24.052397229727
"CCTACCATCAGCACAT-1",0
"CCTACCATCGCCAGCA-1",19.5891007626208
"CCTAGCTAGCAAATCA-1",21.1543736936366
"CCTAGCTAGCTCCTCT-1",0
"CCTAGCTAGGTTACCT-1",19.5919612855776
"CCTAGCTAGTACGCGA-1",20.84001408735
"CCTAGCTCAATGAATG-1",18.8637429137233
"CCTAGCTCAATGGTCT-1",0
"CCTAGCTCACATCCAA-1",18.9454397126635
"CCTAGCTCAGCCAGAA-1",0
"CCTAGCTGTAGAAAGG-1",0
"CCTAGCTGTCACCCAG-1",33.4404398504068
"CCTAGCTGTCTGATTG-1",22.7910359479003
"CCTAGCTTCACGATGT-1",0
"CCTAGCTTCGTAGGAG-1",25.6721593595495
"CCTATTAAGAATTCCC-1",20.8422758957705
"CCTATTAAGCAGGCTA-1",0
"CCTATTAAGCAGGTCA-1",0
"CCTATTAAGGGAGTAA-1",0
"CCTATTAAGGTAGCCA-1",20.6655095139756
"CCTATTACACAACTGT-1",0
"CCTATTACACATCCGG-1",0
"CCTATTAGTCAATACC-1",0
"CCTATTATCATCACCC-1",0
"CCTATTATCTGCGACG-1",0
"CCTCAGTAGCTAACTC-1",24.910216791678
"CCTCAGTCAGGTGGAT-1",26.3835840589766
"CCTCAGTGTCCATCCT-1",23.1375973589699
"CCTCAGTGTCCGACGT-1",18.4400580571158
"CCTCAGTGTCTTGTCC-1",0
"CCTCAGTGTGGGTATG-1",0
"CCTCTGAAGTATCGAA-1",18.3734227520413
"CCTCTGAAGTGGGTTG-1",19.4136193610993
"CCTCTGACAAGCTGTT-1",23.1715988892141
"CCTCTGACACCGATAT-1",0
"CCTCTGACAGATGAGC-1",0
"CCTCTGAGTCAATACC-1",16.7678396372335
"CCTCTGAGTCCGAACC-1",0
"CCTCTGAGTCGTGGCT-1",20.7517651426474
"CCTCTGAGTCTGATTG-1",20.6021469393307
"CCTTACGCAAGCGTAG-1",21.645890260121
"CCTTACGCACCAACCG-1",0
"CCTTACGGTCATCCCT-1",21.6243868251954
"CCTTACGGTCCTCTTG-1",20.2358269255708
"CCTTACGTCACAACGT-1",29.9521262080035
"CCTTACGTCATCTGCC-1",0
"CCTTACGTCGGAGGTA-1",0
"CCTTCCCAGAGACTAT-1",0
"CCTTCCCAGCTAGGCA-1",0
"CCTTCCCAGGACGAAA-1",20.5185105007071
"CCTTCCCAGGGCATGT-1",19.754229462198
"CCTTCCCAGGTACTCT-1",0
"CCTTCCCCATGATCCA-1",18.9364467613522
"CCTTCCCTCAAGGCTT-1",18.9364467613522
"CCTTCCCTCTATCCTA-1",0
"CCTTCCCTCTATCGCC-1",0
"CCTTCGAAGGCGCTCT-1",0
"CCTTCGACAACACCCG-1",24.4261414406146
"CCTTCGACAGCGATCC-1",0
"CCTTCGAGTAAGCACG-1",0
"CCTTCGAGTCCATGAT-1",0
"CCTTCGAGTGTGACCC-1",18.5469696823872
"CCTTCGAGTTGGTGGA-1",0
"CCTTCGATCACAGTAC-1",0
"CCTTCGATCCTATGTT-1",17.1174652738585
"CCTTCGATCGCACTCT-1",0
"CCTTTCTAGACGCTTT-1",19.5399714105513
"CCTTTCTAGGGCACTA-1",19.2166592784213
"CCTTTCTAGTGGAGTC-1",16.8990178006415
"CCTTTCTCAGACAAGC-1",19.1442208799173
"CCTTTCTCATCACGAT-1",18.8637429137233
"CCTTTCTCATGCCCGA-1",0
"CCTTTCTTCCCACTTG-1",0
"CCTTTCTTCTTTACGT-1",27.5576703123426
"CGAACATCACATGACT-1",19.7210060164353
"CGAACATCACTTGGAT-1",20.0797783492027
"CGAACATCAGTCCTTC-1",0
"CGAACATGTCTGATTG-1",0
"CGAACATGTGCTGTAT-1",0
"CGAACATTCTCAAACG-1",0
"CGAATGTAGAGGTTAT-1",17.7626866277665
"CGAATGTAGCGATAGC-1",0
"CGAATGTAGTTCGCAT-1",0
"CGAATGTCAATGCCAT-1",0
"CGAATGTGTCTAGTCA-1",0
"CGAATGTGTCTCACCT-1",0
"CGAATGTTCAACACAC-1",16.6083852743596
"CGAATGTTCATCACCC-1",19.6185665098423
"CGAATGTTCTGTACGA-1",19.5891007626208
"CGACCTTAGCTACCGC-1",20.5380209039272
"CGACCTTAGCTAGTCT-1",0
"CGACCTTCAAAGTGCG-1",0
"CGACCTTCACGAAATA-1",0
"CGACCTTGTAAGTGTA-1",0
"CGACCTTGTCAGAATA-1",23.5276255834658
"CGACCTTGTCTCCCTA-1",0
"CGACCTTGTCTCTTAT-1",29.6709174843159
"CGACCTTTCCGCGTTT-1",0
"CGACCTTTCGTTTATC-1",23.3458296495514
"CGACCTTTCTCCAGGG-1",0
"CGACTTCAGACACGAC-1",19.7210060164353
"CGACTTCAGGTAGCCA-1",0
"CGACTTCAGTCTTGCA-1",16.7905734172181
"CGACTTCCAATGGACG-1",0
"CGACTTCGTGGTGTAG-1",18.2817300293666
"CGACTTCGTTGAGTTC-1",0
"CGACTTCTCACTTACT-1",0
"CGACTTCTCTCGCTTG-1",19.6306518374071
"CGAGAAGAGAAACGCC-1",24.4612144957544
"CGAGAAGAGCCAACAG-1",0
"CGAGAAGAGCGTGTCC-1",0
"CGAGAAGCAAGTTCTG-1",0
"CGAGAAGCACATCCGG-1",0
"CGAGAAGCAGGCTGAA-1",0
"CGAGAAGTCGGATGGA-1",0
"CGAGCACAGCCAGAAC-1",18.901141190226
"CGAGCACCACATGTGT-1",0
"CGAGCACGTAGCGTCC-1",0
"CGAGCACGTAGCGTGA-1",19.9087144645219
"CGAGCACGTCAGATAA-1",24.4248386579614
"CGAGCACGTGCCTTGG-1",0
"CGAGCACTCCCGGATG-1",0
"CGAGCACTCCGCTGTT-1",0
"CGAGCACTCGTGACAT-1",20.84001408735
"CGAGCCAAGCTAGCCC-1",17.6194433126928
"CGAGCCAGTATATCCG-1",0
"CGAGCCAGTCAAGCGA-1",0
"CGATCGGAGAGCCTAG-1",17.1425533655802
"CGATCGGAGTACGATA-1",0
"CGATCGGCAAACGCGA-1",17.4578860541034
"CGATCGGCAAGCGATG-1",0
"CGATCGGCAATACGCT-1",20.6899505950985
"CGATCGGCAGTTAACC-1",22.5728008219455
"CGATCGGCATACTCTT-1",20.5185105007071
"CGATCGGGTCGACTGC-1",24.1878223752909
"CGATCGGTCAACGGGA-1",18.4073304029563
"CGATCGGTCTAGCACA-1",18.8016834309383
"CGATGGCAGCCGTCGT-1",17.1373183333166
"CGATGGCAGTCCAGGA-1",0
"CGATGGCCACTTAACG-1",0
"CGATGGCCAGCGTAAG-1",0
"CGATGGCCATCATCCC-1",0
"CGATGGCTCCTAGAAC-1",0
"CGATGGCTCGCTAGCG-1",0
"CGATGGCTCTGACCTC-1",0
"CGATGTAAGGCAATTA-1",0
"CGATGTAAGTTTGCGT-1",28.1739232606762
"CGATGTACACAGGCCT-1",0
"CGATGTACAGGTCTCG-1",0
"CGATGTAGTCCAGTGC-1",23.8766250661241
"CGATGTAGTCTAGGTT-1",0
"CGATGTAGTGTGCCTG-1",19.3938704001228
"CGATGTAGTTTGCATG-1",0
"CGATTGAAGATGTGGC-1",0
"CGATTGACAGACGCAA-1",0
"CGATTGAGTATGGTTC-1",23.1375973589699
"CGATTGAGTTCAGACT-1",23.277437076001
"CGATTGATCATGGTCA-1",20.9412205568002
"CGATTGATCTGCGGCA-1",0
"CGCCAAGAGAATGTTG-1",24.8300541828229
"CGCCAAGAGACCTTTG-1",27.5576703123426
"CGCCAAGAGATCGGGT-1",0
"CGCCAAGAGATCTGAA-1",18.7460529432617
"CGCCAAGAGCGTGTCC-1",0
"CGCCAAGGTCTAGGTT-1",0
"CGCCAAGTCAGGATCT-1",23.1375973589699
"CGCCAAGTCCACTCCA-1",18.7126881010502
"CGCCAAGTCTTGTTTG-1",21.6710167022325
"CGCGGTAAGCTAGCCC-1",0
"CGCGGTAAGGGTTCCC-1",0
"CGCGGTACAAACTGCT-1",0
"CGCGGTACAATGGAAT-1",18.329356154581
"CGCGGTACAGCTGTTA-1",0
"CGCGGTAGTCAAGCGA-1",0
"CGCGGTAGTGAGGCTA-1",0
"CGCGGTAGTTTGCATG-1",0
"CGCGTTTAGTTATCGC-1",23.3458296495514
"CGCGTTTCAACAACCT-1",20.8741828703855
"CGCGTTTCAAGCGAGT-1",0
"CGCGTTTCAATGGACG-1",18.129997475087
"CGCGTTTCACGGTGTC-1",0
"CGCGTTTGTGCTGTAT-1",16.7204496054928
"CGCGTTTGTGGACGAT-1",19.9635851086311
"CGCGTTTTCAAACCGT-1",0
"CGCGTTTTCAGCCTAA-1",0
"CGCGTTTTCCTATGTT-1",0
"CGCGTTTTCGTGGTCG-1",0
"CGCTATCAGAAACCGC-1",17.2183100928264
"CGCTATCAGTCATCCA-1",19.2116829633228
"CGCTATCCAAGCGAGT-1",30.1588418047896
"CGCTATCCAGTCGATT-1",20.2785350757759
"CGCTATCCATCGACGC-1",0
"CGCTATCCATTTCAGG-1",0
"CGCTATCGTACCGAGA-1",20.8924930436662
"CGCTATCGTTCGAATC-1",0
"CGCTATCGTTTCGCTC-1",20.4535699988373
"CGCTATCTCGTTACAG-1",16.8773735999018
"CGCTGGAAGGACATTA-1",19.0528532675619
"CGCTGGAAGGGCACTA-1",17.8101866387096
"CGCTGGAAGGTGATAT-1",0
"CGCTGGACAGACTCGC-1",19.2551063544175
"CGCTGGAGTGTAATGA-1",18.9622766110925
"CGCTGGAGTTCTGGTA-1",16.7954415426089
"CGCTGGATCCGAAGAG-1",27.6020393196326
"CGCTGGATCCGTTGCT-1",17.287704084621
"CGCTGGATCGTAGGAG-1",19.6306518374071
"CGCTGGATCGTTACAG-1",0
"CGCTTCAAGAAGGGTA-1",0
"CGCTTCAAGGTCGGAT-1",17.8073485022505
"CGCTTCACACGGTGTC-1",0
"CGCTTCACAGACAAGC-1",0
"CGCTTCACATCACCCT-1",0
"CGCTTCAGTCGCGGTT-1",0
"CGCTTCATCTTAGAGC-1",0
"CGGACACAGCGATATA-1",22.4422087684483
"CGGACACAGCGATGAC-1",0
"CGGACACAGCTTCGCG-1",0
"CGGACACAGGTAAACT-1",20.1616318290414
"CGGACACAGTAGCCGA-1",0
"CGGACACCACAGGAGT-1",17.7369135550193
"CGGACACCATTCACTT-1",0
"CGGACACGTGAGCGAT-1",19.0201683678598
"CGGACACGTGCTCTTC-1",0
"CGGACACGTGTGACCC-1",26.1624395060065
"CGGACGTAGGTTACCT-1",0
"CGGACGTCATGGGACA-1",0
"CGGACGTGTGAAAGAG-1",21.2581514097966
"CGGACGTGTTGGTAAA-1",17.3807885478751
"CGGACGTTCATGTGGT-1",23.277437076001
"CGGACGTTCTGTCCGT-1",16.5104236008349
"CGGACTGAGGAGCGAG-1",23.1375973589699
"CGGACTGAGGAGTCTG-1",0
"CGGACTGAGTGGTAGC-1",17.4242405415642
"CGGACTGCAACTTGAC-1",0
"CGGACTGCAATGACCT-1",20.84001408735
"CGGACTGCACAACGTT-1",0
"CGGACTGCACGCCAGT-1",18.4627052870252
"CGGACTGCAGTATGCT-1",19.2252202532916
"CGGACTGGTAAAGGAG-1",18.129997475087
"CGGACTGGTATAAACG-1",0
"CGGACTGGTGTAAGTA-1",20.252098883611
"CGGACTGGTGTGGTTT-1",0
"CGGACTGGTTGACGTT-1",17.7354966071967
"CGGACTGTCCATGCTC-1",0
"CGGACTGTCCGTCAAA-1",21.0715434549299
"CGGACTGTCGTTTGCC-1",19.830555476995
"CGGAGCTAGTTTAGGA-1",26.3835840589766
"CGGAGCTGTAGAAAGG-1",0
"CGGAGCTTCACTTATC-1",0
"CGGAGCTTCATGTAGC-1",0
"CGGAGCTTCCACGAAT-1",19.2839473673925
"CGGAGTCAGTGCGATG-1",19.9635851086311
"CGGAGTCAGTGTGAAT-1",0
"CGGAGTCCAGTGGGAT-1",17.1373183333166
"CGGAGTCCATTATCTC-1",0
"CGGAGTCGTAGCTGCC-1",17.2183100928264
"CGGAGTCGTGTTCGAT-1",0
"CGGAGTCTCCCAGGTG-1",24.0734890065937
"CGGAGTCTCCGTAGTA-1",20.6006443262314
"CGGCTAGAGAAACGCC-1",21.0898238564118
"CGGCTAGAGCACCGTC-1",18.4627052870252
"CGGCTAGAGCTAAACA-1",28.5388792022247
"CGGCTAGCAGACAAAT-1",20.5218179977898
"CGGCTAGGTAACGCGA-1",24.2773745994787
"CGGCTAGGTTCATGGT-1",24.1208259756817
"CGGCTAGTCAAAGACA-1",0
"CGGCTAGTCGTGGGAA-1",21.0302485391051
"CGGCTAGTCTTGTTTG-1",24.0734890065937
"CGGGTCAAGAGTCGGT-1",0
"CGGGTCAAGCACACAG-1",0
"CGGGTCAAGCTAACTC-1",0
"CGGGTCAAGGACACCA-1",20.0797783492027
"CGGGTCAAGTATGACA-1",18.7320734133194
"CGGGTCACAATGACCT-1",19.1340084986061
"CGGGTCACACCGAAAG-1",0
"CGGGTCACAGCCACCA-1",21.0904795750879
"CGGGTCACATACAGCT-1",24.8300541828229
"CGGGTCACATCCTTGC-1",21.0898238564118
"CGGGTCAGTAGCGCTC-1",16.8178189325138
"CGGGTCAGTCGATTGT-1",0
"CGGGTCAGTGCAACTT-1",0
"CGGGTCAGTTGTTTGG-1",0
"CGGGTCATCAACACCA-1",0
"CGGGTCATCACCTTAT-1",18.3017172804274
"CGGGTCATCCACGACG-1",0
"CGGTTAACAGGACCCT-1",22.6331474638176
"CGGTTAACATGTCCTC-1",27.5873402742698
"CGGTTAACATTCCTGC-1",22.5734281070867
"CGGTTAAGTCGACTGC-1",20.3535420816527
"CGGTTAATCCGGCACA-1",0
"CGGTTAATCCTTTCGG-1",16.8912552052105
"CGGTTAATCTTATCTG-1",23.1721657314056
"CGTAGCGAGATGTAAC-1",0
"CGTAGCGAGGCAATTA-1",21.2527775274816
"CGTAGCGCAAGCGCTC-1",0
"CGTAGCGTCCAACCAA-1",0
"CGTAGCGTCGGCGGTT-1",0
"CGTAGGCAGGGCTCTC-1",0
"CGTAGGCCAAGCGATG-1",16.8178189325138
"CGTAGGCCACTAAGTC-1",20.9716366710326
"CGTAGGCCAGAGTGTG-1",17.524295743514
"CGTAGGCCATCCCATC-1",0
"CGTAGGCGTATTAGCC-1",20.5471138646654
"CGTAGGCGTCAATACC-1",0
"CGTAGGCGTGGCGAAT-1",16.5382632384377
"CGTAGGCTCCAGAAGG-1",20.1880030315583
"CGTCACTAGTCATGCT-1",17.70672828878
"CGTCACTCAAAGCGGT-1",18.6047638916631
"CGTCACTCAGGTCCAC-1",24.1208259756817
"CGTCACTCAGTCACTA-1",18.5469696823872
"CGTCACTTCCTTGACC-1",0
"CGTCACTTCGGTGTTA-1",19.6791620771265
"CGTCACTTCTGTGCAA-1",0
"CGTCACTTCTTGAGAC-1",18.1497223164467
"CGTCAGGAGCTGTTCA-1",18.5469696823872
"CGTCAGGCAAAGCAAT-1",22.8513207950982
"CGTCAGGCAAAGCGGT-1",0
"CGTCAGGCAACACGCC-1",19.5359395765418
"CGTCAGGCATCCGCGA-1",0
"CGTCAGGGTCAGCTAT-1",18.6188986231767
"CGTCAGGGTCGTTGTA-1",19.7584372039502
"CGTCAGGGTGTAAGTA-1",20.6006443262314
"CGTCAGGTCCACTGGG-1",24.2800170151841
"CGTCAGGTCGACAGCC-1",0
"CGTCAGGTCGGGAGTA-1",16.8178189325138
"CGTCCATAGACCACGA-1",0
"CGTCCATAGCGATTCT-1",22.1758577358605
"CGTCCATAGGCTATCT-1",0
"CGTCCATAGTCTCAAC-1",0
"CGTCCATCACGACTCG-1",0
"CGTCCATCATTCACTT-1",24.0734890065937
"CGTCCATGTCTAGCGC-1",0
"CGTCCATGTGATAAAC-1",18.8558342335884
"CGTCCATGTTTGGGCC-1",16.8912552052105
"CGTCCATGTTTGTGTG-1",0
"CGTCCATTCAACACCA-1",0
"CGTCCATTCATTCACT-1",17.5859733139479
"CGTCTACAGTGCGTGA-1",21.2527775274816
"CGTCTACGTAGTAGTA-1",21.608337872505
"CGTCTACTCGAGCCCA-1",0
"CGTCTACTCGCCATAA-1",0
"CGTCTACTCGGCCGAT-1",17.3803185889217
"CGTCTACTCGTCCAGG-1",19.2119187289647
"CGTGAGCAGATCTGAA-1",0
"CGTGAGCAGCAATCTC-1",26.0645702199327
"CGTGAGCAGCGGATCA-1",17.3469137727334
"CGTGAGCAGCTAGTGG-1",0
"CGTGAGCAGCTTCGCG-1",18.0440942150946
"CGTGAGCAGGGCACTA-1",20.1577935057998
"CGTGAGCAGGGTGTGT-1",0
"CGTGAGCAGTGGAGAA-1",0
"CGTGAGCCAAGCCGCT-1",0
"CGTGAGCCACGTAAGG-1",23.739928483069
"CGTGAGCCATACGCCG-1",23.8044794134018
"CGTGAGCGTAGATTAG-1",28.1739232606762
"CGTGAGCGTCTCTTAT-1",20.0930035498395
"CGTGAGCTCACAAACC-1",23.3403863818368
"CGTGAGCTCCAAATGC-1",0
"CGTGAGCTCCGAGCCA-1",0
"CGTGAGCTCGTTGCCT-1",0
"CGTGAGCTCTGGGCCA-1",19.6107887649139
"CGTGTAAAGATAGTCA-1",18.5211678157589
"CGTGTAAAGGTGTTAA-1",22.4422087684483
"CGTGTAAAGTACATGA-1",17.5671453424686
"CGTGTAACATGGGACA-1",20.0490898325192
"CGTGTAAGTGTCTGAT-1",0
"CGTGTAATCTACTATC-1",18.710599046289
"CGTGTAATCTCGATGA-1",20.1092395251306
"CGTGTAATCTTTAGTC-1",19.9925932193472
"CGTGTCTAGGCGCTCT-1",0
"CGTGTCTAGGGATGGG-1",0
"CGTGTCTCAGACAAAT-1",27.4792062797672
"CGTGTCTCAGACACTT-1",0
"CGTGTCTGTAAGAGGA-1",22.2648768983635
"CGTGTCTGTATATGAG-1",0
"CGTGTCTGTCAAAGCG-1",0
"CGTGTCTGTTCCGTCT-1",23.277437076001
"CGTGTCTTCAATCACG-1",0
"CGTGTCTTCAGAGGTG-1",20.8482079390745
"CGTGTCTTCATAGCAC-1",19.990910631912
"CGTGTCTTCCGAACGC-1",0
"CGTGTCTTCGGCATCG-1",17.5533166975587
"CGTGTCTTCGTGGACC-1",0
"CGTGTCTTCTACTTAC-1",26.0645702199327
"CGTGTCTTCTGAGTGT-1",20.4535699988373
"CGTTAGAAGATCTGAA-1",0
"CGTTAGAAGGCCCTTG-1",21.8898295120587
"CGTTAGACACGAAAGC-1",23.5276255834658
"CGTTAGACAGCTTCGG-1",0
"CGTTAGAGTTTAAGCC-1",0
"CGTTAGATCACTTATC-1",0
"CGTTAGATCAGCCTAA-1",0
"CGTTCTGAGAAGGGTA-1",0
"CGTTCTGAGTGAACAT-1",0
"CGTTCTGCAGCTCGCA-1",0
"CGTTCTGCATTGGCGC-1",18.6976027617751
"CGTTCTGGTGAGGGTT-1",17.1174652738585
"CGTTCTGTCTGATTCT-1",0
"CGTTGGGAGCTAGTTC-1",23.1375973589699
"CGTTGGGAGGATGCGT-1",0
"CGTTGGGCACATTAGC-1",19.6791620771265
"CGTTGGGCAGACAGGT-1",17.4242405415642
"CGTTGGGGTTCCCGAG-1",18.4018314612062
"CGTTGGGTCATGCTCC-1",21.8615231348376
"CGTTGGGTCCATGAAC-1",0
"CGTTGGGTCTACCAGA-1",0
"CTAACTTAGTCCTCCT-1",0
"CTAACTTCAATAGCAA-1",0
"CTAACTTCAATCGGTT-1",26.6882030247527
"CTAACTTGTGAGGCTA-1",0
"CTAACTTTCGTACGGC-1",25.0922666516353
"CTAACTTTCTGGCGTG-1",0
"CTAAGACAGGGAAACA-1",27.2353237339753
"CTAAGACAGTACATGA-1",0
"CTAAGACAGTTCGCGC-1",26.2205860362623
"CTAAGACCAAGTAATG-1",19.5891007626208
"CTAAGACCAGTAAGAT-1",0
"CTAAGACCATGCAATC-1",28.1739232606762
"CTAAGACGTAAGGATT-1",29.9521262080035
"CTAAGACGTATCAGTC-1",19.2166592784213
"CTAAGACGTCACCTAA-1",21.3745279975206
"CTAAGACTCGTTGCCT-1",0
"CTAAGACTCTTACCGC-1",17.0599688848206
"CTAAGACTCTTGAGGT-1",23.8044794134018
"CTAATGGAGCAATCTC-1",0
"CTAATGGAGCGCTCCA-1",0
"CTAATGGAGCTCCCAG-1",0
"CTAATGGAGCTGAAAT-1",0
"CTAATGGAGTTAGGTA-1",0
"CTAATGGCATGGAATA-1",0
"CTAATGGGTACCGCTG-1",0
"CTAATGGGTCTAGCGC-1",17.5545645004021
"CTAATGGGTGAGGGAG-1",20.6021469393307
"CTAATGGGTTGGTGGA-1",0
"CTAATGGTCATGCTCC-1",18.1419846158512
"CTAATGGTCCACTGGG-1",24.1208259756817
"CTAATGGTCCGTTGCT-1",18.8156636577047
"CTAATGGTCCTAGAAC-1",0
"CTACACCAGTGCGATG-1",0
"CTACACCCACGGACAA-1",17.1122559933671
"CTACACCGTAATAGCA-1",0
"CTACACCGTCTGATTG-1",0
"CTACACCGTTCGTCTC-1",17.1174652738585
"CTACACCTCAGAAATG-1",21.3044363544717
"CTACACCTCGGCTTGG-1",0
"CTACACCTCGGTCCGA-1",0
"CTACACCTCTCGCATC-1",0
"CTACACCTCTCTGCTG-1",0
"CTACATTAGATCACGG-1",25.1541026766229
"CTACATTCACTCGACG-1",22.0658000001127
"CTACATTCATTTCACT-1",0
"CTACATTGTGATGATA-1",0
"CTACATTGTTCGAATC-1",0
"CTACATTTCAACGCTA-1",21.039700853252
"CTACATTTCGCCATAA-1",17.1122559933671
"CTACATTTCTAGCACA-1",19.8830171160346
"CTACCCACACAGAGGT-1",0
"CTACCCACACGACGAA-1",24.0734890065937
"CTACCCACATGGTTGT-1",17.0335115686261
"CTACCCAGTATCTGCA-1",18.7460529432617
"CTACCCAGTATGAATG-1",26.7518188753893
"CTACCCAGTCAGAAGC-1",0
"CTACCCAGTGTGACCC-1",0
"CTACCCAGTTATGTGC-1",16.9882432236192
"CTACCCATCTACGAGT-1",21.3846266875142
"CTACGTCAGGTGCAAC-1",0
"CTACGTCAGTGCGATG-1",0
"CTACGTCAGTTGTCGT-1",0
"CTACGTCCATATACCG-1",0
"CTACGTCGTATATGGA-1",0
"CTACGTCGTGTGGTTT-1",20.6021469393307
"CTACGTCTCAAAGTAG-1",22.1073393238481
"CTACGTCTCACGACTA-1",20.8422758957705
"CTACGTCTCACGGTTA-1",0
"CTACGTCTCCTAGAAC-1",21.9633336895221
"CTAGAGTAGCTGTCTA-1",0
"CTAGAGTAGGATCGCA-1",0
"CTAGAGTAGTCCATAC-1",0
"CTAGAGTCACATTAGC-1",0
"CTAGAGTCAGTATGCT-1",0
"CTAGAGTCATACTCTT-1",0
"CTAGAGTCATGTAAGA-1",17.090497164358
"CTAGAGTGTGACCAAG-1",0
"CTAGAGTTCAACACCA-1",0
"CTAGAGTTCCGTCAAA-1",0
"CTAGAGTTCCTAAGTG-1",18.329356154581
"CTAGAGTTCGCCAGCA-1",27.4792062797672
"CTAGAGTTCGCTTAGA-1",0
"CTAGAGTTCGTGACAT-1",0
"CTAGAGTTCTGATTCT-1",0
"CTAGCCTCACCAGATT-1",25.3408053965053
"CTAGCCTGTATATCCG-1",0
"CTAGCCTGTGATGCCC-1",0
"CTAGCCTTCGGGAGTA-1",0
"CTAGTGAAGCTGGAAC-1",0
"CTAGTGAAGTGTACCT-1",33.9404242144911
"CTAGTGACAAGTCTAC-1",0
"CTAGTGACAGGATCGA-1",0
"CTAGTGAGTTATGCGT-1",18.6047638916631
"CTAGTGATCAGTTGAC-1",21.3825159185657
"CTAGTGATCCAGTAGT-1",0
"CTCACACAGCTAAGAT-1",0
"CTCACACAGCTGCCCA-1",24.1208259756817
"CTCACACAGGATGCGT-1",0
"CTCACACCACGTAAGG-1",20.1577935057998
"CTCACACCACTGTTAG-1",0
"CTCACACCATATACGC-1",0
"CTCACACGTGCTGTAT-1",21.8032085411752
"CTCACACGTTCCATGA-1",0
"CTCACACGTTTGGGCC-1",26.6736529197697
"CTCACACTCACCGGGT-1",17.090497164358
"CTCACACTCATCGGAT-1",0
"CTCACACTCCGCGCAA-1",0
"CTCACACTCTAACCGA-1",19.6458726016789
"CTCAGAAAGAGCTGCA-1",24.5082124325553
"CTCAGAAAGGAGTAGA-1",17.4202843507132
"CTCAGAACAACGCACC-1",0
"CTCAGAACAAGCGATG-1",0
"CTCAGAACAGGGCATA-1",20.8559521552561
"CTCAGAAGTGACGGTA-1",0
"CTCAGAATCTTAACCT-1",0
"CTCATTAAGAACTGTA-1",22.7280395378148
"CTCATTACATGGTCAT-1",20.0490898325192
"CTCATTAGTGTAACGG-1",0
"CTCATTAGTTTACTCT-1",0
"CTCCTAGCAAGTACCT-1",0
"CTCCTAGCAATTCCTT-1",0
"CTCCTAGCACTGTCGG-1",0
"CTCCTAGCAGTCCTTC-1",0
"CTCCTAGCATAACCTG-1",29.6709174843159
"CTCCTAGCATGCGCAC-1",17.8098764654249
"CTCCTAGGTAGAAAGG-1",0
"CTCCTAGGTCCGAGTC-1",22.8340634619255
"CTCCTAGGTCTAGCCG-1",0
"CTCCTAGGTGTTTGTG-1",20.3535420816527
"CTCCTAGGTTCGTGAT-1",0
"CTCCTAGGTTGTTTGG-1",20.9867802541985
"CTCCTAGTCACTTACT-1",29.2632075023525
"CTCCTAGTCTCATTCA-1",18.8637429137233
"CTCGAAAAGCCCAACC-1",18.0118331133215
"CTCGAAAAGCTATGCT-1",0
"CTCGAAAAGGCCCTTG-1",22.5728008219455
"CTCGAAAAGGGCTTCC-1",0
"CTCGAAACAAGCCGTC-1",25.1541026766229
"CTCGAAACACATTAGC-1",0
"CTCGAAACACCGAAAG-1",20.1741460068451
"CTCGAAACACGGCTAC-1",0
"CTCGAAACAGTAAGAT-1",20.5185105007071
"CTCGAGGAGCCATCGC-1",0
"CTCGAGGAGGGCTTCC-1",21.0649612923563
"CTCGAGGCAGATAATG-1",0
"CTCGAGGGTATTCTCT-1",0
"CTCGAGGGTGCCTGGT-1",20.84001408735
"CTCGGAGAGTCCCACG-1",16.9113343538889
"CTCGGAGCACTTCTGC-1",26.6736529197697
"CTCGGAGCAGCTGCAC-1",0
"CTCGGAGCAGGATCGA-1",23.373645578542
"CTCGGAGGTAGCCTAT-1",0
"CTCGGAGGTCATGCCG-1",0
"CTCGGAGTCAAACGGG-1",23.3440696734275
"CTCGGAGTCACATACG-1",0
"CTCGGAGTCAGCTTAG-1",0
"CTCGGGAAGACCTAGG-1",0
"CTCGGGACACAGCCCA-1",16.8353968925337
"CTCGGGACATAAAGGT-1",24.0485353314
"CTCGGGACATCCCACT-1",18.7126881010502
"CTCGGGACATGTCGAT-1",0
"CTCGGGAGTCGCGTGT-1",0
"CTCGGGAGTGACTACT-1",0
"CTCGGGAGTTACGACT-1",0
"CTCGGGATCCGTACAA-1",27.3220336299388
"CTCGGGATCCTTGACC-1",0
"CTCGGGATCTTGTTTG-1",18.7442490691678
"CTCGTACAGCGATAGC-1",0
"CTCGTACCAGCGTAAG-1",22.1073393238481
"CTCGTACCATAGTAAG-1",21.6170835392774
"CTCGTACGTAGAGTGC-1",0
"CTCGTACGTATCACCA-1",20.0716016862335
"CTCGTACGTGCAGTAG-1",0
"CTCGTACTCAAAGTAG-1",24.5082124325553
"CTCGTACTCAATCTCT-1",19.6458726016789
"CTCGTACTCGTTGCCT-1",0
"CTCGTACTCTGGTTCC-1",24.8300541828229
"CTCGTCAAGATGCCTT-1",24.1878223752909
"CTCGTCAAGTGGAGTC-1",0
"CTCGTCAAGTTTGCGT-1",17.392911096009
"CTCGTCACAACGATCT-1",0
"CTCGTCACACATCCGG-1",17.524295743514
"CTCGTCACAGTCGTGC-1",18.583946746712
"CTCGTCAGTCTCATCC-1",19.990910631912
"CTCGTCAGTCTCCATC-1",0
"CTCGTCAGTGAGCGAT-1",0
"CTCGTCAGTTGACGTT-1",18.8674075758218
"CTCGTCAGTTGGGACA-1",0
"CTCGTCATCACTTATC-1",25.3407278428489
"CTCGTCATCGACCAGC-1",0
"CTCGTCATCTGCTGTC-1",0
"CTCTAATCACCAGGTC-1",23.4499788263057
"CTCTAATCACGGTGTC-1",18.9454397126635
"CTCTAATCAGGAATCG-1",0
"CTCTAATGTCCAAGTT-1",18.6571509400701
"CTCTACGAGCTAAACA-1",23.1375973589699
"CTCTACGAGCTAGTGG-1",0
"CTCTACGAGTACGCCC-1",0
"CTCTACGAGTAGGCCA-1",0
"CTCTACGCAATAACGA-1",23.373645578542
"CTCTACGCAGACGCTC-1",18.5469696823872
"CTCTACGCATGACATC-1",20.6899505950985
"CTCTACGTCATGTCTT-1",18.9454397126635
"CTCTACGTCCCTAATT-1",22.9970946533123
"CTCTACGTCGGCATCG-1",0
"CTCTACGTCGGTCTAA-1",21.0263944832502
"CTCTGGTAGCGTTCCG-1",0
"CTCTGGTAGGCATGGT-1",0
"CTCTGGTAGTGCCAGA-1",0
"CTCTGGTCACAAGCCC-1",0
"CTCTGGTCAGCCTTTC-1",0
"CTCTGGTTCATCTGTT-1",26.9290642715929
"CTCTGGTTCTTGTACT-1",0
"CTGAAACAGATCCCGC-1",16.7954415426089
"CTGAAACAGGTGCTAG-1",0
"CTGAAACAGTCCGTAT-1",19.0781943779313
"CTGAAACAGTGTCTCA-1",19.3938704001228
"CTGAAACGTCATCGGC-1",16.5119790622587
"CTGAAACGTTAAAGAC-1",18.96353216136
"CTGAAACTCATACGGT-1",0
"CTGAAGTAGTGCGTGA-1",0
"CTGAAGTCAGCTGTAT-1",0
"CTGAAGTGTTAAAGTG-1",20.1577935057998
"CTGAAGTTCAAGCCTA-1",23.1721657314056
"CTGAAGTTCGGATGTT-1",24.6787600874628
"CTGATAGAGGGAGTAA-1",0
"CTGATAGAGTGCAAGC-1",18.9364467613522
"CTGATAGCAGCCTTTC-1",24.0734890065937
"CTGATAGCATCCCATC-1",18.6939274858299
"CTGATAGCATCTCCCA-1",20.5755014506646
"CTGATAGGTCAAAGCG-1",0
"CTGATAGGTCGCTTTC-1",22.605571920745
"CTGATAGGTTACGACT-1",24.1208259756817
"CTGATAGTCGCGATCG-1",0
"CTGATCCAGGCATTGG-1",0
"CTGATCCAGGTGACCA-1",0
"CTGATCCCACAGAGGT-1",0
"CTGATCCCAGGCTGAA-1",0
"CTGATCCGTGCCTGGT-1",0
"CTGATCCGTTATCCGA-1",29.9521262080035
"CTGATCCGTTGTGGCC-1",23.2893220612434
"CTGCCTAAGGGTCTCC-1",20.2358269255708
"CTGCCTAAGGTGATAT-1",0
"CTGCCTAAGTACGCGA-1",23.7199084925915
"CTGCCTAAGTGCGTGA-1",0
"CTGCCTACATCCCACT-1",28.6376194417849
"CTGCCTATCAATAAGG-1",0
"CTGCGGAAGAAGGACA-1",0
"CTGCGGAAGAGCTGGT-1",0
"CTGCGGAAGATGAGAG-1",0
"CTGCGGACAGGTCGTC-1",0
"CTGCGGACATGTCTCC-1",0
"CTGCGGAGTCACTTCC-1",0
"CTGCGGAGTCGTGGCT-1",0
"CTGCGGAGTTCTGTTT-1",17.8357937722832
"CTGCGGAGTTGGACCC-1",0
"CTGCGGATCGCCTGTT-1",16.8829807439879
"CTGCGGATCTTACCGC-1",17.8107036993931
"CTGCTGTAGGGTGTTG-1",21.4127989039908
"CTGCTGTAGTACCGGA-1",0
"CTGCTGTAGTGGAGAA-1",19.6393883987386
"CTGCTGTCACATCTTT-1",0
"CTGCTGTGTTAAAGAC-1",19.8830171160346
"CTGCTGTTCTCCAACC-1",0
"CTGCTGTTCTTACCGC-1",22.1575141085426
"CTGGTCTAGCGTTGCC-1",0
"CTGGTCTAGGACAGCT-1",0
"CTGGTCTAGGGCTTGA-1",28.6376194417849
"CTGGTCTAGTCGAGTG-1",27.3220336299388
"CTGGTCTCAAAGGAAG-1",0
"CTGGTCTCACCAGTTA-1",16.8633875868909
"CTGGTCTGTACCTACA-1",0
"CTGGTCTGTACGCTGC-1",0
"CTGGTCTGTCCGCTGA-1",0
"CTGGTCTGTCCGTTAA-1",0
"CTGGTCTGTTCATGGT-1",21.3745279975206
"CTGGTCTGTTCGTGAT-1",0
"CTGGTCTTCAACGGGA-1",20.7517651426474
"CTGGTCTTCACTTACT-1",0
"CTGGTCTTCTTACCTA-1",17.8098764654249
"CTGTGCTGTATATCCG-1",20.0490898325192
"CTGTGCTGTCATCCCT-1",0
"CTGTGCTGTCCCTACT-1",23.3458296495514
"CTGTGCTGTCGGCACT-1",24.7009378917884
"CTGTGCTTCCATTCTA-1",0
"CTGTTTAAGAAACCGC-1",0
"CTGTTTAAGATCGATA-1",0
"CTGTTTAAGGAGTTGC-1",27.5153582909853
"CTGTTTAGTCAAAGCG-1",17.8098764654249
"CTGTTTATCAGCCTAA-1",0
"CTGTTTATCATTTGGG-1",17.7474735241028
"CTGTTTATCTCCAGGG-1",0
"CTGTTTATCTCTTGAT-1",0
"CTGTTTATCTTCTGGC-1",0
"CTTAACTAGCCAGTAG-1",17.4202843507132
"CTTAACTAGGCTCTTA-1",24.1208259756817
"CTTAACTAGGTGCACA-1",0
"CTTAACTAGTCTCGGC-1",16.5104236008349
"CTTACCGAGCGCTTAT-1",0
"CTTACCGAGGCTACGA-1",28.1014928902146
"CTTACCGCAGATCTGT-1",26.6882030247527
"CTTACCGCAGTCAGAG-1",28.6376194417849
"CTTACCGGTCCTGCTT-1",0
"CTTACCGGTCGCCATG-1",0
"CTTACCGGTCTACCTC-1",19.7210060164353
"CTTACCGTCGGACAAG-1",18.6789302238729
"CTTAGGAAGCCCAACC-1",0
"CTTAGGACACGACGAA-1",19.497072821003
"CTTAGGAGTTATGTGC-1",0
"CTTAGGATCCCATTTA-1",18.7126881010502
"CTTAGGATCTTTACAC-1",23.5363166447509
"CTTCTCTAGAACTCGG-1",0
"CTTCTCTAGAGTGAGA-1",27.2353237339753
"CTTCTCTAGCAGGCTA-1",0
"CTTCTCTAGTTAACGA-1",0
"CTTCTCTCAAAGGTGC-1",20.8924930436662
"CTTCTCTGTAACGACG-1",0
"CTTCTCTGTGCATCTA-1",17.1122559933671
"CTTCTCTTCGAGCCCA-1",20.1475378908859
"CTTGGCTAGCGATATA-1",17.5133507948719
"CTTGGCTAGTACGTTC-1",0
"CTTGGCTCATTACCTT-1",0
"CTTGGCTGTCTCCATC-1",31.7191402807834
"CTTGGCTTCCCTAATT-1",19.5987014272615
"CTTGGCTTCGCGTAGC-1",18.9622766110925
"CTTGGCTTCTCGTTTA-1",0
"CTTTGCGAGCAAATCA-1",20.9749559941069
"CTTTGCGAGCGTTCCG-1",0
"CTTTGCGAGTATCTCG-1",19.4246088311359
"CTTTGCGCAATTCCTT-1",0
"CTTTGCGCACTTAAGC-1",0
"CTTTGCGCAGACGCAA-1",21.608337872505
"CTTTGCGGTAGAGGAA-1",21.3745279975206
"CTTTGCGTCCAGGGCT-1",0
"GAAACTCAGAGACGAA-1",27.5576703123426
"GAAACTCAGAGGTTAT-1",16.8633875868909
"GAAACTCAGCAGCCTC-1",23.5276255834658
"GAAACTCAGCCCAGCT-1",0
"GAAACTCAGCTAAACA-1",0
"GAAACTCAGTGCTGCC-1",20.0546922382839
"GAAACTCCAAGCCCAC-1",22.1073393238481
"GAAACTCCACATGACT-1",20.6899505950985
"GAAACTCCAGACACTT-1",0
"GAAACTCCATGGATGG-1",18.129997475087
"GAAACTCGTACTCGCG-1",20.6021469393307
"GAAACTCGTAGCGATG-1",23.6336109315607
"GAAACTCGTGTGAAAT-1",20.6006443262314
"GAAACTCGTTTGTGTG-1",0
"GAAATGAAGCCAGTTT-1",16.9113343538889
"GAAATGAAGCTAGTCT-1",0
"GAAATGAAGTACGTAA-1",0
"GAAATGATCATGCTCC-1",0
"GAAATGATCCTCGCAT-1",16.5119790622587
"GAACATCAGATGGCGT-1",16.9848704143231
"GAACATCCAACAACCT-1",21.8898295120587
"GAACATCCACATCTTT-1",0
"GAACATCCACCTATCC-1",20.5185105007071
"GAACATCCACGGACAA-1",18.0821781398465
"GAACATCCATGCTAGT-1",0
"GAACATCGTACGACCC-1",24.8300541828229
"GAACATCGTGGACGAT-1",17.4578860541034
"GAACATCGTTCCCGAG-1",0
"GAACATCTCCAAGTAC-1",23.277437076001
"GAACATCTCGATCCCT-1",16.5705191642786
"GAACATCTCTCCAACC-1",0
"GAACCTAAGAACTGTA-1",0
"GAACCTAAGAGCAATT-1",18.0924944033936
"GAACCTAAGCCAGTAG-1",0
"GAACCTACAAGGACAC-1",0
"GAACCTACAGACACTT-1",24.1208259756817
"GAACCTAGTACCAGTT-1",21.2527775274816
"GAACCTAGTGTCAATC-1",0
"GAACCTATCACGATGT-1",20.9011700360364
"GAACGGAAGACGCAAC-1",18.7320734133194
"GAACGGAAGTAATCCC-1",0
"GAACGGAAGTCAATAG-1",22.0658000001127
"GAACGGAAGTGGACGT-1",23.9632600632198
"GAACGGACACAGCGTC-1",18.1419846158512
"GAACGGACACCTCGTT-1",0
"GAACGGACACTTAACG-1",17.6194433126928
"GAACGGAGTAGCGTAG-1",16.5705191642786
"GAACGGAGTCAGAGGT-1",0
"GAACGGAGTGGCGAAT-1",0
"GAACGGATCACTCCTG-1",24.2320627357368
"GAACGGATCCACGAAT-1",17.1640606202849
"GAACGGATCGTAGGAG-1",20.2222725713262
"GAACGGATCTGTCAAG-1",21.1543736936366
"GAAGCAGAGACTAAGT-1",20.2358269255708
"GAAGCAGAGAGACGAA-1",19.1340084986061
"GAAGCAGAGCCACGCT-1",0
"GAAGCAGAGTTCGCGC-1",0
"GAAGCAGCAATCCGAT-1",0
"GAAGCAGCAGATCTGT-1",0
"GAAGCAGCAGATGAGC-1",0
"GAAGCAGCATGAACCT-1",20.8422758957705
"GAAGCAGCATGGAATA-1",0
"GAAGCAGGTAACGCGA-1",23.3403863818368
"GAAGCAGGTCATACTG-1",0
"GAAGCAGTCCTAGTGA-1",18.6767664086345
"GAAGCAGTCTTATCTG-1",18.644795191015
"GAATAAGCAAGGTGTG-1",0
"GAATAAGCAGACAAGC-1",18.0440942150946
"GAATAAGCATGCAACT-1",18.7460529432617
"GAATAAGGTCCGTTAA-1",16.5119790622586
"GAATAAGGTGAGTGAC-1",0
"GAATAAGGTTCCCTTG-1",0
"GAATAAGTCGTTTAGG-1",26.1624395060065
"GAATGAAAGAGTCTGG-1",0
"GAATGAAAGCTTATCG-1",0
"GAATGAAAGGCATGTG-1",0
"GAATGAACAAACGCGA-1",20.5185105007071
"GAATGAACAGTGAGTG-1",0
"GAATGAACATCATCCC-1",24.2357611032625
"GAATGAAGTCAACATC-1",0
"GAATGAAGTCTCACCT-1",0
"GAATGAAGTGGCAAAC-1",0
"GAATGAAGTTGCGTTA-1",0
"GAATGAATCAGTTAGC-1",21.3325412445788
"GAATGAATCCTGCCAT-1",0
"GACACGCAGACGCACA-1",0
"GACACGCAGAGTAATC-1",27.332737089936
"GACACGCAGCCAACAG-1",30.4289951138804
"GACACGCAGGAGTTTA-1",0
"GACACGCAGGGCATGT-1",17.7369135550193
"GACACGCAGGTGCACA-1",0
"GACACGCAGTCCAGGA-1",0
"GACACGCAGTGGGATC-1",28.6376194417849
"GACACGCAGTGGGTTG-1",21.3325412445788
"GACACGCCAAGCGTAG-1",0
"GACACGCCAAGGACAC-1",0
"GACACGCCAGACGCTC-1",17.8098764654249
"GACACGCCATCCTTGC-1",0
"GACACGCGTTCACGGC-1",20.9749559941069
"GACACGCTCATGTAGC-1",0
"GACAGAGAGTACGATA-1",0
"GACAGAGCAACGATCT-1",0
"GACAGAGCAAGTCTAC-1",28.1739232606762
"GACAGAGCAGCTCCGA-1",0
"GACAGAGCAGCTGGCT-1",0
"GACAGAGTCAAACAAG-1",20.8924930436662
"GACAGAGTCAGAGACG-1",28.1136013725005
"GACAGAGTCCTTCAAT-1",23.1375973589699
"GACAGAGTCCTTGCCA-1",19.2166592784213
"GACAGAGTCTTCATGT-1",18.8854500383935
"GACCAATAGAAGGGTA-1",0
"GACCAATAGCTACCGC-1",26.0645702199327
"GACCAATAGCTACCTA-1",16.737618770324
"GACCAATCAGGTGCCT-1",19.8830171160346
"GACCAATCATGCGCAC-1",0
"GACCAATGTACAGTTC-1",21.8898295120587
"GACCAATGTCGCTTCT-1",28.1136013725005
"GACCAATTCCGATATG-1",0
"GACCAATTCGAATGGG-1",0
"GACCAATTCGTCACGG-1",0
"GACCTGGCATCACAAC-1",24.5082124325553
"GACCTGGCATGTCTCC-1",19.3069618513166
"GACCTGGCATTGGCGC-1",0
"GACCTGGGTAAAGGAG-1",23.5276255834658
"GACCTGGGTCCAGTTA-1",0
"GACCTGGGTGCAGTAG-1",0
"GACCTGGTCATAGCAC-1",19.7210060164353
"GACCTGGTCCTTGCCA-1",0
"GACCTGGTCGCATGAT-1",27.5576703123426
"GACCTGGTCGTCACGG-1",21.8615231348376
"GACGCGTAGTGGTAAT-1",0
"GACGCGTAGTTGTAGA-1",27.1075320871577
"GACGCGTGTAAAGGAG-1",0
"GACGCGTGTGTGAAAT-1",0
"GACGCGTGTTAAGACA-1",0
"GACGCGTTCAAACCGT-1",17.1122559933671
"GACGCGTTCCAAATGC-1",31.1636422309458
"GACGCGTTCCGCGGTA-1",23.3458296495514
"GACGCGTTCCTACAGA-1",16.8829807439879
"GACGCGTTCTCCGGTT-1",0
"GACGGCTAGAAGATTC-1",30.595738585225
"GACGGCTAGAGCTGGT-1",18.9622766110925
"GACGGCTCAAGGTTTC-1",18.8016834309383
"GACGGCTCACCGCTAG-1",20.84001408735
"GACGGCTCATGAACCT-1",20.4855477188125
"GACGGCTCATGCAACT-1",0
"GACGGCTGTGTGTGCC-1",21.6170835392774
"GACGGCTGTTATGTGC-1",0
"GACGGCTGTTTGGCGC-1",24.0644442700087
"GACGGCTTCTATCGCC-1",17.8357937722832
"GACGTGCAGGCAAAGA-1",20.1880030315583
"GACGTGCAGGGTGTGT-1",0
"GACGTGCAGGTGTTAA-1",0
"GACGTGCCAGGTCGTC-1",23.277437076001
"GACGTGCGTAACGTTC-1",23.468095151324
"GACGTGCTCACCTCGT-1",20.9412205568002
"GACGTTAAGCTACCGC-1",0
"GACGTTAAGGCAAAGA-1",0
"GACGTTAAGTCAAGCG-1",0
"GACGTTACAAGCCATT-1",0
"GACGTTACAAGGTTTC-1",25.1541026766229
"GACGTTACAGACACTT-1",0
"GACGTTAGTATCTGCA-1",0
"GACGTTAGTTTGACAC-1",22.0642509537308
"GACGTTAGTTTGACTG-1",0
"GACGTTATCACAGGCC-1",0
"GACGTTATCATTGCGA-1",17.392911096009
"GACGTTATCCCGGATG-1",23.3458296495514
"GACGTTATCCGAAGAG-1",19.6458726016789
"GACGTTATCGCGTTTC-1",20.0716016862335
"GACGTTATCTGTCCGT-1",0
"GACTAACAGACAGAGA-1",0
"GACTAACAGTGGAGAA-1",19.5147165605523
"GACTAACCAAATCCGT-1",0
"GACTAACGTCTAGTCA-1",0
"GACTAACGTGCAACTT-1",21.1543736936366
"GACTAACGTTCAGACT-1",0
"GACTAACTCCTTTCTC-1",16.9113343538889
"GACTAACTCTTGCCGT-1",0
"GACTAACTCTTTACAC-1",0
"GACTACAAGATATGGT-1",0
"GACTACACAAATCCGT-1",22.5781051873675
"GACTACAGTGCTGTAT-1",18.9364467613522
"GACTACATCAGCCTAA-1",27.4922892774197
"GACTACATCAGGTAAA-1",18.8811270013845
"GACTACATCTGCAGTA-1",18.8854500383935
"GACTGCGAGCGTAGTG-1",28.1448735507287
"GACTGCGAGTTGTAGA-1",0
"GACTGCGCACTTAACG-1",19.1369885090877
"GACTGCGCATGTTCCC-1",17.4242405415642
"GACTGCGGTACGCACC-1",22.177482699412
"GACTGCGGTTCTCATT-1",18.8156636577047
"GACTGCGTCAACACAC-1",20.4535699988373
"GACTGCGTCACGACTA-1",0
"GACTGCGTCGCCCTTA-1",18.6713572443675
"GACTGCGTCTCAAACG-1",31.7176383823087
"GAGCAGAGTAGGGTAC-1",19.754229462198
"GAGCAGAGTCAGATAA-1",0
"GAGCAGAGTCATATGC-1",29.2679811657803
"GAGCAGAGTGAGCGAT-1",0
"GAGCAGAGTGTAACGG-1",18.1783007486151
"GAGCAGAGTGTGACCC-1",17.3316366219007
"GAGCAGAGTTCGGGCT-1",24.2834324532139
"GAGCAGAGTTTAAGCC-1",28.1739232606762
"GAGCAGAGTTTGCATG-1",0
"GAGGTGAAGCAACGGT-1",19.1736626986001
"GAGGTGAAGGCTCTTA-1",0
"GAGGTGAAGTGGTAGC-1",0
"GAGGTGAAGTTGTAGA-1",23.3458296495514
"GAGGTGACACTGTCGG-1",21.0715434549299
"GAGGTGACATCCTTGC-1",23.277437076001
"GAGGTGACATGCATGT-1",19.3637476597018
"GAGGTGAGTACCTACA-1",0
"GAGGTGAGTCATTAGC-1",20.1475378908859
"GAGGTGAGTTCCTCCA-1",0
"GAGGTGATCATCGCTC-1",21.1656612355753
"GAGGTGATCTAGAGTC-1",23.788226330221
"GAGGTGATCTCTAGGA-1",0
"GAGGTGATCTGCTGTC-1",19.3399272003674
"GAGGTGATCTGGGCCA-1",0
"GAGTCCGAGGACAGAA-1",19.9635851086311
"GAGTCCGAGGCATGTG-1",0
"GAGTCCGAGGCGTACA-1",0
"GAGTCCGCAAACCCAT-1",0
"GAGTCCGGTCAAGCGA-1",0
"GAGTCCGGTGACCAAG-1",18.4073304029563
"GAGTCCGGTGACTCAT-1",19.6393883987386
"GAGTCCGGTGTGACCC-1",17.5847578247872
"GAGTCCGGTTCGGGCT-1",18.7460529432617
"GAGTCCGGTTTGCATG-1",0
"GAGTCCGTCGGCGCAT-1",16.8178189325138
"GAGTCCGTCTGATTCT-1",18.6789302238729
"GATCAGTAGATGTCGG-1",0
"GATCAGTAGTGGTAGC-1",26.2817450437011
"GATCAGTGTATATGAG-1",0
"GATCAGTGTCTGCGGT-1",16.7969684611741
"GATCAGTGTTATGCGT-1",0
"GATCAGTGTTGTACAC-1",0
"GATCGATAGAATGTTG-1",20.0716016862335
"GATCGATAGAGCTGCA-1",26.6736529197697
"GATCGATAGCATGGCA-1",0
"GATCGATCAAGCGAGT-1",0
"GATCGATCAAGCGTAG-1",0
"GATCGATGTCAACATC-1",0
"GATCGATGTTGCCTCT-1",22.3972641552756
"GATCGATTCCGCATCT-1",0
"GATCGCGAGATAGTCA-1",0
"GATCGCGAGCCTTGAT-1",23.4229291121902
"GATCGCGAGGAGCGTT-1",22.5728008219455
"GATCGCGCAGGTCGTC-1",0
"GATCGCGGTACAGCAG-1",17.4202843507132
"GATCGCGGTGAGTATA-1",0
"GATCGCGGTTGTCGCG-1",28.0441168780825
"GATCGCGTCACTCCTG-1",0
"GATCGTAAGACATAAC-1",0
"GATCGTAAGCTCAACT-1",0
"GATCGTACATAACCTG-1",18.901141190226
"GATCGTAGTGGCTCCA-1",19.9925932193472
"GATCGTATCATATCGG-1",0
"GATCGTATCATGTCCC-1",0
"GATCGTATCTTACCGC-1",0
"GATCTAGAGCGTCTAT-1",17.090497164358
"GATCTAGAGTGGAGAA-1",0
"GATCTAGCAACACCTA-1",0
"GATCTAGCAAGGGTCA-1",0
"GATCTAGGTCTAAAGA-1",0
"GATCTAGGTCTCACCT-1",29.6709174843159
"GATCTAGGTCTCTTTA-1",29.3285705373102
"GATCTAGTCACATAGC-1",22.4100103452827
"GATCTAGTCTAAGCCA-1",0
"GATGAAAAGAGTAATC-1",17.090497164358
"GATGAAAAGCTCCCAG-1",18.4400580571158
"GATGAAACACGGTAGA-1",0
"GATGAAACAGCTGTAT-1",0
"GATGAAAGTGGGTATG-1",0
"GATGAAATCACCCTCA-1",22.1575141085426
"GATGAAATCACTCCTG-1",30.0160572640571
"GATGAAATCAGCAACT-1",0
"GATGAAATCGAGAGCA-1",0
"GATGAGGAGATCCCGC-1",0
"GATGAGGAGTTCGATC-1",27.6448322072107
"GATGAGGCACCAGTTA-1",0
"GATGAGGGTATCACCA-1",0
"GATGAGGGTATTCGTG-1",25.3729760226356
"GATGAGGGTCGCGTGT-1",0
"GATGAGGGTGATGATA-1",0
"GATGAGGTCACAGGCC-1",0
"GATGAGGTCACATAGC-1",26.3314814366452
"GATGAGGTCCCTTGTG-1",0
"GATGAGGTCTGCTGTC-1",0
"GATGCTAAGACTAAGT-1",0
"GATGCTAAGGATGCGT-1",0
"GATGCTAAGGCTCTTA-1",27.6937797116259
"GATGCTAAGGGAACGG-1",20.0797783492027
"GATGCTAAGTATCTCG-1",0
"GATGCTAAGTCTCGGC-1",0
"GATGCTACATGTTGAC-1",20.9412205568002
"GATGCTACATTGCGGC-1",21.3098294897741
"GATGCTAGTCTCCATC-1",0
"GATGCTAGTGGAAAGA-1",0
"GATGCTAGTTAGGGTG-1",0
"GATGCTATCCTGTACC-1",0
"GATGCTATCGGCGCTA-1",0
"GATTCAGAGAAACCTA-1",0
"GATTCAGAGAGTGACC-1",20.6937799729404
"GATTCAGAGATTACCC-1",0
"GATTCAGAGGGTCGAT-1",24.1208259756817
"GATTCAGAGGTCGGAT-1",20.7840935595414
"GATTCAGAGTCAATAG-1",0
"GATTCAGCAAGTTGTC-1",0
"GATTCAGCAATTCCTT-1",0
"GATTCAGCAGGGTACA-1",24.4612144957544
"GATTCAGCATCGACGC-1",20.6667183507985
"GATTCAGCATTATCTC-1",0
"GATTCAGGTAAATACG-1",28.1739232606762
"GATTCAGTCAACTCTT-1",18.5469696823872
"GCAAACTAGATGTTAG-1",0
"GCAAACTAGTCATGCT-1",25.3408053965053
"GCAAACTAGTCTCAAC-1",21.3800627749159
"GCAAACTCACAGGTTT-1",0
"GCAAACTGTCAGATAA-1",16.5705191642786
"GCAAACTGTCTCCATC-1",17.1463133783364
"GCAAACTTCGTGGTCG-1",0
"GCAATCAAGGGATCTG-1",0
"GCAATCAAGTATCTCG-1",21.9753802063475
"GCAATCAAGTGGGTTG-1",18.5469696823872
"GCAATCACAGCTTAAC-1",0
"GCAATCACATGTCGAT-1",20.5471138646654
"GCAATCACATTCCTCG-1",0
"GCAATCAGTAGGAGTC-1",16.5104236008349
"GCAATCAGTATAATGG-1",20.0546922382839
"GCAATCAGTTCTCATT-1",22.910087895041
"GCAATCAGTTCTGGTA-1",18.8558342335884
"GCACATAAGAGCTATA-1",0
"GCACATAAGATGTTAG-1",24.8300541828229
"GCACATAAGCCTTGAT-1",18.458679388325
"GCACATAAGGAGTACC-1",0
"GCACATAAGTGAAGTT-1",21.5403156727523
"GCACATACACCACGTG-1",0
"GCACATACAGCTGTAT-1",21.6243868251954
"GCACATACAGGAACGT-1",0
"GCACATAGTCATCGGC-1",0
"GCACATAGTCCGAATT-1",20.3535420816527
"GCACATAGTCTCTTTA-1",21.6170835392774
"GCACATAGTGCGCTTG-1",22.405788542273
"GCACATATCACCTCGT-1",17.7474735241028
"GCACATATCTGGTTCC-1",0
"GCACTCTCAAGACACG-1",0
"GCACTCTCAATCACAC-1",0
"GCACTCTCATTTCAGG-1",0
"GCACTCTGTAAACCTC-1",16.5705191642786
"GCACTCTGTACCAGTT-1",0
"GCACTCTGTAGAAAGG-1",17.1901847528009
"GCACTCTGTCGAACAG-1",19.5363562096927
"GCACTCTGTCTAGGTT-1",0
"GCACTCTTCAACTCTT-1",22.1575141085426
"GCACTCTTCCCTAATT-1",0
"GCACTCTTCTGCCCTA-1",27.6937797116259
"GCAGCCAAGCTGATAA-1",0
"GCAGCCACATGAGCGA-1",23.3440696734275
"GCAGCCAGTAATCGTC-1",0
"GCAGCCAGTGTCGCTG-1",0
"GCAGCCATCAGTTGAC-1",16.5705191642786
"GCAGCCATCCCAACGG-1",0
"GCAGCCATCCGTACAA-1",0
"GCAGTTAAGTCCATAC-1",0
"GCAGTTAAGTCCGTAT-1",18.7990085749254
"GCAGTTAAGTTAACGA-1",0
"GCAGTTAGTGGACGAT-1",0
"GCAGTTAGTTATTCTC-1",19.6393883987386
"GCAGTTATCGCGATCG-1",19.2701643279314
"GCATACAAGATCTGCT-1",0
"GCATACAAGCAACGGT-1",0
"GCATACACAACGCACC-1",0
"GCATACACAAGGACTG-1",23.2893220612434
"GCATACACAAGTCTGT-1",0
"GCATACACAGTCAGCC-1",0
"GCATACACATCCTAGA-1",0
"GCATACACATCGGAAG-1",17.148766246827
"GCATACAGTCCGAACC-1",23.3577349721391
"GCATACAGTTCTGGTA-1",17.2680344775651
"GCATACATCCACGACG-1",0
"GCATGATAGAATGTTG-1",16.8178189325138
"GCATGATAGAGTAATC-1",18.166273877733
"GCATGATAGCTGATAA-1",19.00051642561
"GCATGATAGGACCACA-1",0
"GCATGATAGGCTAGCA-1",0
"GCATGATAGTCAAGCG-1",0
"GCATGATAGTGGAGAA-1",0
"GCATGATCACACCGAC-1",0
"GCATGATCACATTTCT-1",0
"GCATGATGTCCCTACT-1",0
"GCATGATGTTGCGCAC-1",0
"GCATGATTCGTGGACC-1",16.8990178006415
"GCATGCGAGCATGGCA-1",0
"GCATGCGAGTCCAGGA-1",0
"GCATGCGCACTGCCAG-1",0
"GCATGCGGTAAGGATT-1",0
"GCATGCGGTCCTCTTG-1",18.4018314612062
"GCATGCGGTGTGAAAT-1",22.5728008219455
"GCATGCGTCCGCGGTA-1",0
"GCATGTAAGAACTGTA-1",22.4422087684483
"GCATGTAAGACAGACC-1",22.605571920745
"GCATGTAAGTACTTGC-1",18.7198861260358
"GCATGTAAGTGCAAGC-1",0
"GCATGTACAACACGCC-1",0
"GCATGTATCACGAAGG-1",0
"GCCAAATCAAACTGTC-1",0
"GCCAAATCAAGGGTCA-1",0
"GCCAAATCAAGTTCTG-1",23.1437657251281
"GCCAAATCATAACCTG-1",24.0734890065937
"GCCAAATGTATAAACG-1",21.3098294897741
"GCCAAATGTGTTTGGT-1",0
"GCCAAATGTTTCGCTC-1",0
"GCCAAATTCAGGTAAA-1",0
"GCCAAATTCCGAGCCA-1",0
"GCCAAATTCCGCGGTA-1",0
"GCCAAATTCGGCTACG-1",17.6855115274099
"GCCTCTAAGAGTACCG-1",0
"GCCTCTAAGCCATCGC-1",17.7369135550193
"GCCTCTAAGCCGCCTA-1",18.6976027617751
"GCCTCTAAGCGATAGC-1",0
"GCCTCTAAGCTGCAAG-1",20.1475378908859
"GCCTCTAAGCTTCGCG-1",0
"GCCTCTAAGTCACGCC-1",23.373645578542
"GCCTCTACAAGACGTG-1",0
"GCCTCTACAGCTATTG-1",22.5990456098151
"GCCTCTAGTAAGGATT-1",16.9113343538889
"GCCTCTAGTGATGATA-1",18.901141190226
"GCCTCTAGTTAAGGGC-1",0
"GCCTCTATCAGCGACC-1",19.5363562096927
"GCCTCTATCCGATATG-1",0
"GCCTCTATCGAATCCA-1",18.6047638916631
"GCCTCTATCGAGCCCA-1",0
"GCCTCTATCGCTGATA-1",0
"GCCTCTATCTTTAGGG-1",0
"GCGACCAAGAGGTTAT-1",27.5873402742698
"GCGACCACACTTACGA-1",29.9521262080035
"GCGACCAGTCAGGACA-1",16.8633875868909
"GCGACCAGTCTAGAGG-1",0
"GCGACCATCAACGGGA-1",0
"GCGACCATCCCGGATG-1",17.4242405415642
"GCGACCATCTACTCAT-1",22.9471791887776
"GCGAGAAAGGTTCCTA-1",17.0217840358764
"GCGAGAAAGTACGATA-1",0
"GCGAGAAAGTGTCTCA-1",0
"GCGAGAACAAGCCCAC-1",20.7471634683036
"GCGAGAACACTGAAGG-1",27.3334272152414
"GCGAGAAGTAGCGCTC-1",18.4073304029563
"GCGAGAAGTCCCTACT-1",0
"GCGAGAATCCTTTCGG-1",21.608337872505
"GCGAGAATCGAGAGCA-1",0
"GCGAGAATCGCACTCT-1",0
"GCGCAACAGTCCTCCT-1",17.090497164358
"GCGCAACAGTGTACGG-1",0
"GCGCAACCAAGTCTGT-1",0
"GCGCAACCAGCCACCA-1",19.0781943779313
"GCGCAACGTAGCGCTC-1",25.1541026766229
"GCGCAACGTCCCTTGT-1",0
"GCGCAACGTCCTAGCG-1",20.1475378908859
"GCGCAACGTCGACTAT-1",20.5179796613806
"GCGCAACGTCTAGAGG-1",24.4248386579614
"GCGCAACTCAATACCG-1",18.4536231482422
"GCGCAGTCACATCCAA-1",23.1721657314056
"GCGCAGTCATTACCTT-1",17.70672828878
"GCGCAGTGTTAGGGTG-1",20.7437723768131
"GCGCAGTTCGATCCCT-1",19.1624777737842
"GCGCAGTTCGCGGATC-1",0
"GCGCCAAAGACATAAC-1",17.764273204732
"GCGCCAAAGGACAGCT-1",22.4100103452827
"GCGCCAAAGGCCCTTG-1",0
"GCGCCAAAGGGCTTCC-1",17.090497164358
"GCGCCAAAGGTACTCT-1",25.7832509303679
"GCGCCAACATAACCTG-1",21.065507476438
"GCGCCAACATTGGGCC-1",19.2252202532916
"GCGCCAAGTACTTGAC-1",0
"GCGCCAAGTCGGCACT-1",19.3938704001228
"GCGCCAAGTGAAAGAG-1",18.2431799227452
"GCGCCAAGTTGTACAC-1",0
"GCGCCAATCCGTTGCT-1",0
"GCGCGATAGAAGGTTT-1",19.822495481606
"GCGCGATAGCAGGTCA-1",19.3637476597018
"GCGCGATAGTGAATTG-1",21.3745279975206
"GCGCGATAGTTTGCGT-1",0
"GCGCGATCAGCTCGAC-1",0
"GCGCGATGTAAGTAGT-1",25.3408053965053
"GCGCGATGTCACTTCC-1",19.2252202532916
"GCGCGATGTTACCAGT-1",18.7126881010502
"GCGCGATTCAGTTAGC-1",0
"GCGCGATTCGTTTAGG-1",20.84001408735
"GCGGGTTAGAAACGAG-1",0
"GCGGGTTAGCTATGCT-1",26.7518188753893
"GCGGGTTAGTGTGAAT-1",0
"GCGGGTTCACGCGAAA-1",0
"GCGGGTTCAGGCAGTA-1",22.4100103452827
"GCGGGTTCAGTAACGG-1",0
"GCGGGTTGTGAGTATA-1",0
"GCGGGTTGTGGCGAAT-1",0
"GCGGGTTTCCAAAGTC-1",0
"GCGGGTTTCCTTTCTC-1",0
"GCGGGTTTCTCCAACC-1",25.2352833598216
"GCGGGTTTCTTGAGGT-1",18.0440942150946
"GCGGGTTTCTTGTATC-1",0
"GCTCCTACAAACTGTC-1",0
"GCTCCTACACCAGGTC-1",19.2252202532916
"GCTCCTACACCGATAT-1",0
"GCTCCTACAGGGTACA-1",0
"GCTCCTACATTAGCCA-1",0
"GCTCCTAGTCAGGACA-1",0
"GCTCCTAGTCCGTCAG-1",0
"GCTCCTATCAGCCTAA-1",17.090497164358
"GCTCCTATCCCTAATT-1",20.9749559941069
"GCTCTGTAGAGGTAGA-1",0
"GCTCTGTAGCTGAACG-1",20.1577935057998
"GCTCTGTAGGAGTCTG-1",20.9412205568002
"GCTCTGTAGTGCTGCC-1",21.6061916880021
"GCTCTGTAGTGGACGT-1",23.3577349721391
"GCTCTGTTCACCTCGT-1",17.7978564530917
"GCTGCAGAGCGTGAGT-1",0
"GCTGCAGAGTCAAGCG-1",0
"GCTGCAGAGTCCCACG-1",0
"GCTGCAGCAATTGCTG-1",0
"GCTGCAGCATGCCCGA-1",19.5147165605523
"GCTGCAGCATGCCTAA-1",0
"GCTGCAGGTAAACCTC-1",18.129997475087
"GCTGCAGGTACGAAAT-1",0
"GCTGCAGGTAGCGCAA-1",0
"GCTGCAGGTCACCCAG-1",0
"GCTGCAGGTCATGCCG-1",0
"GCTGCGAAGGAATGGA-1",25.0922666516353
"GCTGCGAGTCTAACGT-1",0
"GCTGCGAGTGTTTGGT-1",18.96353216136
"GCTGCGATCTCCTATA-1",0
"GCTGCGATCTTGTTTG-1",20.8309498014469
"GCTGCTTAGAATTGTG-1",0
"GCTGCTTAGGCAATTA-1",0
"GCTGCTTCATCACGTA-1",22.2648768983635
"GCTGCTTCATCCAACA-1",17.764273204732
"GCTGCTTCATGCCTAA-1",21.039700853252
"GCTGCTTCATGGTCAT-1",0
"GCTGCTTGTAACGACG-1",0
"GCTGCTTGTAATCGTC-1",0
"GCTGCTTGTAGGGACT-1",0
"GCTGCTTGTGAAAGAG-1",24.7113990964325
"GCTGCTTTCCGGGTGT-1",0
"GCTGGGTAGACCCACC-1",0
"GCTGGGTAGCCACGCT-1",18.129997475087
"GCTGGGTAGTCGCCGT-1",0
"GCTGGGTAGTCTCAAC-1",22.2995990092348
"GCTGGGTCACGGCTAC-1",28.1739232606762
"GCTGGGTCAGCCAATT-1",21.1543736936366
"GCTGGGTGTACAGTTC-1",0
"GCTGGGTGTACCGTTA-1",17.4805614217849
"GCTGGGTGTCGAGTTT-1",18.8637429137234
"GCTGGGTGTCTCCACT-1",0
"GCTGGGTGTGCCTGTG-1",23.4885434913874
"GCTGGGTTCAGCTTAG-1",0
"GCTGGGTTCCTTAATC-1",0
"GCTTCCAAGAAACCTA-1",0
"GCTTCCACACCACCAG-1",23.3440696734275
"GCTTCCACAGGTCGTC-1",25.3729760226356
"GCTTCCACAGTGAGTG-1",20.0546922382839
"GCTTCCAGTATAGGTA-1",19.5987014272615
"GCTTCCAGTTCAGCGC-1",16.8912552052105
"GCTTCCATCGTCCAGG-1",0
"GCTTGAAAGATGGCGT-1",26.1624395060065
"GCTTGAAAGCCGTCGT-1",18.8637429137234
"GCTTGAACAAACCTAC-1",0
"GCTTGAACACGGTGTC-1",20.5179796613806
"GCTTGAACATCGGAAG-1",0
"GCTTGAAGTGCGGTAA-1",18.8570345476748
"GCTTGAAGTTCTCATT-1",26.3835840589766
"GCTTGAATCAGGATCT-1",27.5968375640987
"GGAAAGCAGGCAGGTT-1",0
"GGAAAGCCAAACGCGA-1",17.524295743514
"GGAAAGCCAAGTACCT-1",0
"GGAAAGCGTAAGCACG-1",20.1880030315583
"GGAAAGCGTCCTCCAT-1",17.2120633706618
"GGAAAGCGTCGCGTGT-1",19.497072821003
"GGAAAGCGTGCTTCTC-1",0
"GGAAAGCTCCAGAGGA-1",0
"GGAACTTAGAGTAAGG-1",0
"GGAACTTCAATGTAAG-1",17.1463133783364
"GGAACTTCACAGGAGT-1",0
"GGAACTTCACCTCGTT-1",23.5276255834658
"GGAACTTGTCTCTTTA-1",0
"GGAACTTTCATTGCCC-1",18.1532630846584
"GGAACTTTCATTTGGG-1",0
"GGAACTTTCCGTCATC-1",20.6006443262314
"GGAACTTTCCTCAACC-1",20.6021469393307
"GGAACTTTCGGATGTT-1",17.8098764654249
"GGAATAAAGGTACTCT-1",0
"GGAATAAAGTGTCCAT-1",20.252098883611
"GGAATAACAGCGTCCA-1",16.7905734172181
"GGAATAAGTCTGGTCG-1",18.0440942150946
"GGAATAAGTGCAGGTA-1",27.4922892774197
"GGAATAATCAGCACAT-1",0
"GGAATAATCTTTACGT-1",20.4535699988373
"GGACAAGAGGTACTCT-1",0
"GGACAAGCAACGATGG-1",17.957280099489
"GGACAAGCAGTCGTGC-1",17.5888488164512
"GGACAAGCATGGGACA-1",0
"GGACAAGGTATAAACG-1",0
"GGACAAGGTATGAAAC-1",0
"GGACAAGGTCGGCATC-1",0
"GGACAAGGTTATGCGT-1",19.6458726016789
"GGACAAGTCTAACGGT-1",19.5363562096927
"GGACAGAAGCTAGTCT-1",16.8178189325138
"GGACAGAAGTACTTGC-1",18.9856299499714
"GGACAGACAACACGCC-1",0
"GGACAGACACAAGCCC-1",16.5887648080833
"GGACAGAGTAAGTGGC-1",17.4202843507132
"GGACAGAGTCTTTCAT-1",17.8098764654249
"GGACAGAGTGAGGGAG-1",21.0754809081565
"GGACAGAGTTCCACAA-1",21.7540432868882
"GGACAGATCAACGCTA-1",0
"GGACATTAGAGGGCTT-1",21.8898295120587
"GGACATTAGCCACGTC-1",22.0658000001127
"GGACATTCAAACGCGA-1",16.8829807439879
"GGACATTCAATGACCT-1",0
"GGACATTCACCAGCAC-1",20.0797783492027
"GGACATTGTTCTGGTA-1",0
"GGACATTTCCTCTAGC-1",17.5671453424686
"GGACGTCAGTACTTGC-1",19.0528532675619
"GGACGTCAGTGGTAAT-1",17.2120633706618
"GGACGTCCACAGTCGC-1",16.8633875868909
"GGACGTCGTGAGGGAG-1",20.8774467943811
"GGACGTCGTGGCGAAT-1",0
"GGACGTCGTTACGGAG-1",17.734254353082
"GGACGTCGTTTAAGCC-1",22.8314183739879
"GGACGTCTCCACTCCA-1",0
"GGACGTCTCGCAAACT-1",16.6064198231332
"GGACGTCTCTCCAGGG-1",0
"GGACGTCTCTCGAGTA-1",0
"GGACGTCTCTGGTGTA-1",0
"GGACGTCTCTTCGAGA-1",0
"GGAGCAAAGAACTCGG-1",25.0021373322121
"GGAGCAAAGACTGTAA-1",0
"GGAGCAAAGCCGCCTA-1",20.6476501926266
"GGAGCAAAGCTAAACA-1",17.764273204732
"GGAGCAAAGTACGCCC-1",0
"GGAGCAACAAGCTGTT-1",0
"GGAGCAACAATGGACG-1",19.5363562096927
"GGAGCAACAATTCCTT-1",0
"GGAGCAACATGCTGGC-1",21.2527775274816
"GGAGCAAGTGAGTATA-1",0
"GGAGCAAGTTACTGAC-1",0
"GGAGCAATCAAGATCC-1",18.4073304029563
"GGAGCAATCCCATTTA-1",0
"GGATGTTCAAACTGTC-1",17.764273204732
"GGATGTTTCATCACCC-1",22.2480777975149
"GGATGTTTCATGCATG-1",18.129997475087
"GGATGTTTCCTACAGA-1",17.4202843507132
"GGATGTTTCCTCTAGC-1",0
"GGATTACAGATCCCAT-1",18.7320734133194
"GGATTACAGCTTCGCG-1",17.5859733139479
"GGATTACAGGCTAGCA-1",0
"GGATTACAGTATCTCG-1",17.930581182082
"GGATTACCAAGCGTAG-1",0
"GGATTACCACATCCGG-1",0
"GGATTACCAGCGTAAG-1",24.4612144957544
"GGATTACGTAATAGCA-1",23.4885434913874
"GGATTACGTACACCGC-1",0
"GGATTACGTCTCTTTA-1",20.7471634683036
"GGATTACGTTGAGGTG-1",25.7858308542634
"GGATTACTCGCGCCAA-1",22.498891275548
"GGATTACTCGGCGCAT-1",0
"GGATTACTCTGCCCTA-1",20.8422758957705
"GGCAATTCAATCGGTT-1",0
"GGCAATTCACGGCGTT-1",23.6336109315607
"GGCAATTCATCACCCT-1",0
"GGCAATTGTCGATTGT-1",0
"GGCAATTTCACTTACT-1",0
"GGCAATTTCAGCACAT-1",0
"GGCAATTTCTCCGGTT-1",18.9364467613522
"GGCCGATAGTGTCTCA-1",19.3069618513166
"GGCCGATCACGGACAA-1",17.0335115686261
"GGCCGATGTAGGACAC-1",0
"GGCCGATGTCACTGGC-1",16.55819111107
"GGCCGATGTCCCTACT-1",0
"GGCCGATTCACCGTAA-1",0
"GGCCGATTCCGCGCAA-1",0
"GGCGACTAGAGCTGGT-1",0
"GGCGACTAGGACCACA-1",22.5865157771726
"GGCGACTAGGTTACCT-1",0
"GGCGACTCAAAGCGGT-1",18.6188986231767
"GGCGACTCAAGAGTCG-1",20.8559521552561
"GGCGACTCACCAGGTC-1",0
"GGCGACTCATTGTGCA-1",0
"GGCGACTTCAGAAATG-1",27.9905974898317
"GGCGACTTCAGAGACG-1",17.4202843507132
"GGCGACTTCCAGATCA-1",20.4535699988373
"GGCGACTTCTCTAGGA-1",20.1616318290414
"GGCGTGTAGCTAGCCC-1",25.3407278428489
"GGCGTGTAGGGTATCG-1",0
"GGCGTGTCAGGTCCAC-1",21.2656616867028
"GGCGTGTCAGTATAAG-1",0
"GGCGTGTCATCGTCGG-1",0
"GGCGTGTCATGGAATA-1",19.2411721684724
"GGCGTGTGTCTCCCTA-1",0
"GGCGTGTTCTTGAGGT-1",16.8633875868909
"GGCTCGAAGCCGTCGT-1",0
"GGCTCGAAGGTAAACT-1",0
"GGCTCGACAAGAAGAG-1",0
"GGCTCGACAATAGCAA-1",0
"GGCTCGACATGGTCAT-1",20.8422758957705
"GGCTCGAGTATATCCG-1",18.8778696075641
"GGCTCGAGTTACGTCA-1",24.7009378917884
"GGCTCGAGTTAGGGTG-1",0
"GGCTCGATCTGCAAGT-1",19.1018539613934
"GGCTGGTAGAAGAAGC-1",19.497072821003
"GGCTGGTAGACCCACC-1",16.55819111107
"GGCTGGTCAAGGACAC-1",0
"GGCTGGTCACTGCCAG-1",0
"GGCTGGTCATTTCAGG-1",0
"GGCTGGTGTATTCTCT-1",18.329356154581
"GGCTGGTGTCGCATCG-1",0
"GGCTGGTGTCTAGTGT-1",0
"GGCTGGTGTTATGCGT-1",25.4415151622491
"GGGAATGAGCGTTGCC-1",0
"GGGAATGAGTAGGTGC-1",0
"GGGAATGGTAAGGGAA-1",20.439921481513
"GGGAATGTCAACGAAA-1",0
"GGGAATGTCCAGTATG-1",16.9422366481784
"GGGAATGTCCGGGTGT-1",0
"GGGACCTAGATGTAAC-1",0
"GGGACCTAGTCTTGCA-1",18.0924944033936
"GGGACCTCAATCAGAA-1",0
"GGGACCTCACTGAAGG-1",0
"GGGAGATAGTACGACG-1",0
"GGGAGATCAAAGTGCG-1",17.957280099489
"GGGAGATCAAATCCGT-1",20.8422758957705
"GGGAGATCAAGGACTG-1",18.0440942150946
"GGGAGATCACGCGAAA-1",20.7745617139667
"GGGAGATGTAGCGCAA-1",0
"GGGAGATTCAACGGGA-1",22.2770654173244
"GGGAGATTCATCACCC-1",20.6021469393307
"GGGATGAAGTGACATA-1",0
"GGGATGACATCATCCC-1",0
"GGGATGAGTCACCCAG-1",0
"GGGATGAGTGGAAAGA-1",0
"GGGATGAGTTACGACT-1",0
"GGGATGAGTTGGTAAA-1",21.3044363544717
"GGGATGATCAGTTAGC-1",18.8854500383935
"GGGATGATCTATCCTA-1",0
"GGGATGATCTTTAGGG-1",0
"GGGCACTAGTCTCGGC-1",20.6021469393307
"GGGCACTCATCTCCCA-1",0
"GGGCACTTCACCTCGT-1",0
"GGGCACTTCTGAGGGA-1",0
"GGGCATCCAATGTAAG-1",19.2166592784213
"GGGCATCCAGTCTTCC-1",0
"GGGCATCGTGGCGAAT-1",0
"GGGCATCTCACAGTAC-1",0
"GGGCATCTCCCTTGTG-1",0
"GGGCATCTCCGGCACA-1",0
"GGGCATCTCTGTCCGT-1",16.4904525766593
"GGGCATCTCTTATCTG-1",16.9113343538889
"GGGTCTGAGAAGATTC-1",18.9378130298664
"GGGTCTGAGATCCCGC-1",0
"GGGTCTGAGCCAACAG-1",0
"GGGTCTGCACAGGCCT-1",0
"GGGTCTGCACCAGGTC-1",0
"GGGTCTGGTCTGGTCG-1",0
"GGGTCTGGTGATGATA-1",18.5469696823872
"GGGTCTGGTGTGACCC-1",0
"GGGTCTGTCAACTCTT-1",20.6304008496744
"GGGTCTGTCACTCCTG-1",0
"GGGTCTGTCCGTAGTA-1",0
"GGGTTGCAGACAGAGA-1",28.1739232606762
"GGGTTGCAGACCTTTG-1",20.7745617139667
"GGGTTGCAGATCGATA-1",21.8898295120587
"GGGTTGCAGGGTGTTG-1",0
"GGGTTGCAGGTGGGTT-1",20.6899505950985
"GGGTTGCCAATAACGA-1",19.5891007626208
"GGGTTGCCACGCCAGT-1",17.5545645004021
"GGGTTGCCATTAACCG-1",0
"GGGTTGCGTACATCCA-1",24.8300541828229
"GGGTTGCGTAGCGCAA-1",0
"GGGTTGCGTCCTCCAT-1",0
"GGGTTGCGTCGAGTTT-1",0
"GGGTTGCGTGAGTATA-1",20.8422758957705
"GGGTTGCGTGTGACCC-1",0
"GGGTTGCTCGTACCGG-1",0
"GGTATTGAGCACCGTC-1",19.4136193610993
"GGTATTGAGCTATGCT-1",22.5728008219455
"GGTATTGCACATCCAA-1",20.6476501926266
"GGTATTGCAGCTTCGG-1",17.2120633706618
"GGTATTGGTTCCGTCT-1",0
"GGTATTGTCAGAAATG-1",0
"GGTATTGTCCATTCTA-1",17.1174652738585
"GGTATTGTCGCCAGCA-1",17.6079847775684
"GGTGAAGAGACACGAC-1",18.6789302238729
"GGTGAAGAGATCCGAG-1",16.8633875868909
"GGTGAAGCAAGGTGTG-1",0
"GGTGAAGCACTCGACG-1",19.5891007626208
"GGTGAAGCAGTATGCT-1",0
"GGTGAAGGTATGAAAC-1",0
"GGTGAAGGTCAGAATA-1",18.9856299499714
"GGTGAAGGTGGTACAG-1",18.9639950366448
"GGTGAAGGTGTATGGG-1",0
"GGTGAAGGTGTCTGAT-1",20.8422758957705
"GGTGAAGGTGTGGTTT-1",16.606491312264
"GGTGAAGGTGTGTGCC-1",20.871167036379
"GGTGAAGTCACGATGT-1",0
"GGTGAAGTCACTCTTA-1",20.7840935595414
"GGTGAAGTCTGGCGTG-1",0
"GGTGCGTAGGTGATTA-1",17.064283128308
"GGTGCGTAGTACGATA-1",19.3069618513166
"GGTGCGTCACTTAAGC-1",20.0304068442859
"GGTGCGTCAGCTGTAT-1",19.2340882747525
"GGTGCGTGTTCGTTGA-1",0
"GGTGCGTTCCGTACAA-1",0
"GGTGCGTTCTTGACGA-1",22.7280395378148
"GGTGTTAAGGGCTCTC-1",28.5388792022247
"GGTGTTAAGTAGCGGT-1",0
"GGTGTTAAGTGGGATC-1",17.090497164358
"GGTGTTAAGTTATCGC-1",27.9905974898317
"GGTGTTACAAATCCGT-1",0
"GGTGTTACACGGATAG-1",0
"GGTGTTAGTAATCACC-1",26.1624395060065
"GGTGTTAGTAGCAAAT-1",22.2648768983635
"GGTGTTAGTGTATGGG-1",21.5403156727523
"GGTGTTAGTTGAACTC-1",20.6021469393307
"GGTGTTATCGGACAAG-1",0
"GGTGTTATCGGTGTTA-1",0
"GGTGTTATCTACTTAC-1",0
"GTAACGTAGGTGACCA-1",0
"GTAACGTCACAGGCCT-1",19.2701643279314
"GTAACGTGTACCATCA-1",0
"GTAACGTGTGAGTATA-1",0
"GTAACGTGTTACGGAG-1",0
"GTAACGTGTTAGGGTG-1",0
"GTAACGTTCGGTCCGA-1",27.1075320871577
"GTAACGTTCTCATTCA-1",18.9856299499714
"GTAACTGAGTGGGTTG-1",18.9856299499714
"GTAACTGCAATGGAAT-1",0
"GTAACTGCACAGGCCT-1",0
"GTAACTGCAGGATCGA-1",0
"GTAACTGCATCGGGTC-1",27.5576703123426
"GTAACTGGTATTACCG-1",0
"GTAACTGTCACGGTTA-1",19.7699306005763
"GTAACTGTCTACTATC-1",22.2648768983635
"GTACGTAAGGTGCTTT-1",0
"GTACGTACAGGAATGC-1",16.88889024977
"GTACGTACATGGATGG-1",17.764273204732
"GTACGTAGTGAGTGAC-1",0
"GTACGTAGTTGGTAAA-1",20.252098883611
"GTACGTATCACCTCGT-1",23.5612659589907
"GTACGTATCATCGGAT-1",0
"GTACGTATCCACTGGG-1",18.6767664086345
"GTACTCCAGGCAGTCA-1",0
"GTACTCCCAATAGCGG-1",0
"GTACTCCCACAGGTTT-1",0
"GTACTCCTCACCTTAT-1",0
"GTACTCCTCATTGCCC-1",0
"GTACTCCTCCTTCAAT-1",16.8616434926416
"GTACTTTCAGTTAACC-1",0
"GTACTTTCATGTCGAT-1",0
"GTACTTTTCCGAAGAG-1",19.1369885090877
"GTAGGCCAGCAATCTC-1",0
"GTAGGCCCATTCGACA-1",0
"GTAGGCCGTAACGCGA-1",0
"GTAGGCCGTAAGGGCT-1",20.0546922382839
"GTAGGCCGTACGACCC-1",23.1375973589699
"GTAGGCCGTTCAGGCC-1",0
"GTAGGCCGTTGATTGC-1",21.6341841546517
"GTAGGCCTCAGCACAT-1",0
"GTAGTCAAGAATGTGT-1",0
"GTAGTCAAGATGCCTT-1",18.329356154581
"GTAGTCAAGGACGAAA-1",18.7460529432617
"GTAGTCAAGTGAAGAG-1",16.8829807439879
"GTAGTCATCGTCACGG-1",0
"GTAGTCATCTGAAAGA-1",18.6976027617751
"GTATCTTAGAAACCAT-1",0
"GTATCTTAGGCTATCT-1",0
"GTATCTTAGTTGTCGT-1",20.2109299470258
"GTATCTTCACACCGCA-1",26.6736529197697
"GTATCTTCACGAAGCA-1",16.4666822351554
"GTATCTTGTTCGCTAA-1",24.8300541828229
"GTATCTTTCATGCTCC-1",22.2995990092348
"GTATCTTTCATGTAGC-1",0
"GTATTCTAGAAACCAT-1",16.5705191642786
"GTATTCTAGACAAAGG-1",19.3346632756394
"GTATTCTCAAAGTCAA-1",0
"GTATTCTCAACAACCT-1",18.2918643725974
"GTATTCTCAACTTGAC-1",20.252098883611
"GTATTCTCAATAAGCA-1",18.166273877733
"GTATTCTCAGGGTTAG-1",20.9867802541984
"GTATTCTCATACTACG-1",17.0307912454692
"GTATTCTCATGGTAGG-1",0
"GTATTCTGTAGTGAAT-1",20.1542074748644
"GTATTCTGTCTAGAGG-1",22.910087895041
"GTCAAGTCATATGCTG-1",0
"GTCAAGTCATGGTTGT-1",0
"GTCAAGTGTCAGCTAT-1",0
"GTCAAGTGTTCCACTC-1",22.4422087684483
"GTCACAAAGCCGATTT-1",0
"GTCACAAAGTGGAGTC-1",0
"GTCACAACAGGTGGAT-1",0
"GTCACAAGTAAACGCG-1",0
"GTCACAATCAGGATCT-1",0
"GTCACAATCAGTTGAC-1",0
"GTCACAATCATGCATG-1",20.6304008496744
"GTCACGGAGATCACGG-1",0
"GTCACGGCATATACCG-1",17.8357937722832
"GTCACGGGTGAGTGAC-1",0
"GTCACGGGTGTGGCTC-1",24.0734890065937
"GTCACGGTCGAGAGCA-1",22.7280395378148
"GTCACGGTCTACCTGC-1",20.8924930436662
"GTCATTTAGAGACTAT-1",21.0263944832502
"GTCATTTCACGTGAGA-1",0
"GTCATTTGTAGAAGGA-1",18.7990085749254
"GTCATTTGTCAGATAA-1",24.166440034504
"GTCATTTTCCAGAGGA-1",20.6899505950985
"GTCCTCAAGCCCAACC-1",21.1605798911055
"GTCCTCAAGTAGATGT-1",20.6899505950985
"GTCCTCAAGTGGGCTA-1",0
"GTCCTCACAATCACAC-1",19.497072821003
"GTCCTCAGTGGAAAGA-1",0
"GTCCTCATCAAAGACA-1",0
"GTCCTCATCGTCCGTT-1",18.8637429137233
"GTCGGGTCACTGAAGG-1",18.0821781398465
"GTCGGGTCACTTCGAA-1",17.5133507948719
"GTCGGGTCATGAAGTA-1",0
"GTCGGGTGTCTCACCT-1",0
"GTCGGGTGTGTGACGA-1",0
"GTCGGGTGTGTGTGCC-1",27.5968375640987
"GTCGGGTGTTACGTCA-1",17.4641539196043
"GTCGGGTTCTGCTGTC-1",0
"GTCGGGTTCTGTGCAA-1",0
"GTCGTAAAGAGATGAG-1",16.55819111107
"GTCGTAAAGCTGCAAG-1",0
"GTCGTAAAGGCGACAT-1",0
"GTCGTAACATCACGAT-1",0
"GTCGTAAGTATCACCA-1",19.0420087768036
"GTCGTAATCCAAGTAC-1",0
"GTCTCGTAGACCACGA-1",0
"GTCTCGTCAGGAACGT-1",0
"GTCTCGTGTGGTAACG-1",0
"GTCTCGTGTTTGGCGC-1",0
"GTCTCGTTCACCGGGT-1",0
"GTCTCGTTCAGTGCAT-1",0
"GTCTTCGAGACAAGCC-1",16.5705191642786
"GTCTTCGAGGAATGGA-1",0
"GTCTTCGAGTCAAGCG-1",0
"GTCTTCGCACATGGGA-1",19.3069618513166
"GTCTTCGCACCAGGTC-1",20.0490898325192
"GTCTTCGCAGACGCAA-1",0
"GTCTTCGCATAACCTG-1",22.4422087684483
"GTCTTCGCATCGATGT-1",0
"GTCTTCGGTCTAGTGT-1",19.4508258469605
"GTCTTCGTCTCGATGA-1",20.5798139870735
"GTGAAGGAGAGCTGGT-1",0
"GTGAAGGAGATCGGGT-1",0
"GTGAAGGAGCCAGTTT-1",0
"GTGAAGGAGTGTTGAA-1",18.7990085749254
"GTGAAGGCAAAGGCGT-1",20.9749559941069
"GTGAAGGCACTTAAGC-1",0
"GTGAAGGCAGATTGCT-1",0
"GTGAAGGGTATATGGA-1",0
"GTGAAGGGTCTCTCTG-1",0
"GTGAAGGTCTCCTATA-1",0
"GTGCAGCAGACATAAC-1",17.2183100928264
"GTGCAGCAGTGGTCCC-1",27.5576703123426
"GTGCAGCCACATCTTT-1",16.8353968925337
"GTGCAGCGTGAGTATA-1",21.608337872505
"GTGCAGCTCTTAGAGC-1",0
"GTGCATAAGGCATGGT-1",0
"GTGCATAGTTTGTTGG-1",0
"GTGCATATCAGAGCTT-1",29.3285705373102
"GTGCATATCATCATTC-1",0
"GTGCATATCTGCGTAA-1",0
"GTGCGGTAGCAATCTC-1",20.6476501926266
"GTGCGGTAGGACAGAA-1",18.7460529432617
"GTGCGGTCAAAGGTGC-1",0
"GTGCGGTGTTCAGACT-1",19.5168601774169
"GTGCGGTGTTCTGTTT-1",16.9113343538889
"GTGCGGTTCATCTGCC-1",23.2893220612434
"GTGCGGTTCCAGGGCT-1",0
"GTGCGGTTCGGATGGA-1",19.5363562096927
"GTGCGGTTCTCGTTTA-1",20.6476501926266
"GTGCGGTTCTGCTGTC-1",20.1475378908859
"GTGCTTCAGCCAGTTT-1",24.1462823294004
"GTGCTTCAGGATTCGG-1",0
"GTGCTTCAGTACACCT-1",0
"GTGCTTCCACTTAACG-1",0
"GTGCTTCCAGCTATTG-1",29.1815029929965
"GTGCTTCGTAGAGTGC-1",0
"GTGCTTCTCACAATGC-1",0
"GTGCTTCTCACTTCAT-1",0
"GTGGGTCAGACCGGAT-1",21.5237304938444
"GTGGGTCAGACTGTAA-1",21.608337872505
"GTGGGTCAGCCGTCGT-1",26.7518188753893
"GTGGGTCCACCAACCG-1",0
"GTGGGTCCACCACCAG-1",16.8829807439879
"GTGTGCGAGACCGGAT-1",20.6899505950985
"GTGTGCGAGACTTGAA-1",18.6571509400701
"GTGTGCGCAGGTCGTC-1",0
"GTGTGCGGTGAGCGAT-1",17.2120633706618
"GTGTGCGTCAGTCAGT-1",0
"GTGTGCGTCCCTTGTG-1",0
"GTGTGCGTCTAACTTC-1",22.7280395378148
"GTGTTAGAGGACAGAA-1",19.0781943779313
"GTGTTAGAGGCATGGT-1",0
"GTGTTAGAGTGGAGAA-1",23.2893220612434
"GTGTTAGAGTTTGCGT-1",17.957280099489
"GTGTTAGCAATGGAAT-1",17.5847578247872
"GTGTTAGCACCACCAG-1",0
"GTGTTAGGTGCCTGGT-1",21.311660791673
"GTGTTAGGTGGAAAGA-1",27.2792271929132
"GTGTTAGGTTCCATGA-1",0
"GTGTTAGGTTGGGACA-1",28.0441168780825
"GTTAAGCAGAGCTGCA-1",0
"GTTAAGCAGATAGCAT-1",19.2839473673925
"GTTAAGCAGCTAACAA-1",0
"GTTAAGCAGGCTACGA-1",26.6736529197697
"GTTAAGCAGTGTACCT-1",17.0046852765835
"GTTAAGCAGTTTGCGT-1",0
"GTTAAGCCATTCACTT-1",0
"GTTAAGCGTACTCGCG-1",18.129997475087
"GTTAAGCGTCTAGGTT-1",0
"GTTAAGCGTGGCAAAC-1",18.9639950366448
"GTTAAGCGTTGCTCCT-1",17.8107036993931
"GTTAAGCTCCTTTCGG-1",20.6476501926266
"GTTACAGAGAGCTATA-1",16.6204133457729
"GTTACAGAGTACGATA-1",18.4734997708611
"GTTACAGCAGACGCCT-1",18.9856299499714
"GTTACAGCATCGGTTA-1",0
"GTTACAGGTATGGTTC-1",17.524295743514
"GTTACAGGTCGACTGC-1",16.4790837926151
"GTTACAGGTCTAGGTT-1",21.6243868251954
"GTTCATTAGCGATGAC-1",0
"GTTCATTCATATACGC-1",19.5987014272615
"GTTCATTCATTGGCGC-1",0
"GTTCATTGTGCACGAA-1",27.0801018669709
"GTTCATTGTGTTAAGA-1",0
"GTTCATTGTTCAGTAC-1",25.2371771517968
"GTTCGGGAGACGACGT-1",0
"GTTCGGGAGCTAAGAT-1",17.7369135550193
"GTTCGGGAGTGTCTCA-1",29.9521262080035
"GTTCGGGGTAGGGTAC-1",21.3325412445788
"GTTCGGGGTGCAGGTA-1",23.1375973589699
"GTTCGGGTCCACGCAG-1",0
"GTTCGGGTCTACTTAC-1",0
"GTTCTCGAGACCACGA-1",0
"GTTCTCGAGCGATGAC-1",22.5728008219455
"GTTCTCGAGGCCATAG-1",17.1425533655802
"GTTCTCGCATCGGACC-1",17.8957987880117
"GTTCTCGGTAAGGGAA-1",27.3220336299388
"GTTCTCGGTAGCGTAG-1",17.5533166975587
"GTTCTCGGTCCGTGAC-1",18.5469696823872
"GTTCTCGGTGTTAAGA-1",0
"GTTCTCGTCAACGCTA-1",0
"GTTCTCGTCCTGTACC-1",0
"GTTTCTACAAACCTAC-1",0
"GTTTCTACAAGAAAGG-1",0
"GTTTCTAGTGTTGGGA-1",0
"GTTTCTATCCCAACGG-1",0
"GTTTCTATCCGTAGTA-1",0
"GTTTCTATCGGCATCG-1",0
"TAAACCGGTACTTAGC-1",19.7210060164353
"TAAACCGTCACTCTTA-1",0
"TAAACCGTCAGGCGAA-1",0
"TAAACCGTCCGTTGTC-1",20.4535699988373
"TAAACCGTCTTCCTTC-1",16.8829807439879
"TAAGAGACAAGTTGTC-1",16.5119790622587
"TAAGAGAGTATATCCG-1",0
"TAAGAGATCAATCACG-1",17.2120633706618
"TAAGAGATCTAACGGT-1",0
"TAAGAGATCTTTCCTC-1",17.1425533655802
"TAAGCGTAGTGGACGT-1",0
"TAAGCGTAGTGTCTCA-1",17.5133507948719
"TAAGCGTCAGCTTCGG-1",0
"TAAGCGTCAGGTGGAT-1",21.8615231348376
"TAAGCGTGTCCTGCTT-1",17.764273204732
"TAAGCGTGTGCCTGGT-1",22.7280395378148
"TAAGCGTGTTGTTTGG-1",0
"TAAGCGTTCCTCATTA-1",0
"TAAGCGTTCGGCGCAT-1",20.1577935057998
"TAAGCGTTCTCGCATC-1",33.1972994374377
"TAAGTGCAGGCTAGGT-1",0
"TAAGTGCAGTAGCGGT-1",29.9521262080035
"TAAGTGCCAACGCACC-1",23.468095151324
"TAAGTGCCATACAGCT-1",18.7958081873385
"TAAGTGCGTAAACACA-1",0
"TAAGTGCGTCTCACCT-1",20.6899505950985
"TAAGTGCGTTCAGACT-1",21.7632714959883
"TAAGTGCTCACCCTCA-1",0
"TAAGTGCTCACTGGGC-1",0
"TAAGTGCTCTGGCGTG-1",22.4422087684483
"TACACGACACCCATTC-1",0
"TACACGAGTGATAAAC-1",0
"TACACGATCTGTCTCG-1",0
"TACAGTGAGATGCGAC-1",0
"TACAGTGAGCGTTGCC-1",17.764273204732
"TACAGTGAGTGTACGG-1",27.9308031653696
"TACAGTGCAGGAATCG-1",25.4217496250375
"TACAGTGCAGGTGCCT-1",0
"TACAGTGGTACTCAAC-1",22.2648768983635
"TACAGTGGTTGGACCC-1",0
"TACCTATAGAGCTGGT-1",0
"TACCTATAGAGTTGGC-1",17.1463133783364
"TACCTATAGGCTCATT-1",0
"TACCTATAGTTAGCGG-1",0
"TACCTATCAAGCTGGA-1",0
"TACCTATGTAAATGAC-1",0
"TACCTATGTAGAGTGC-1",0
"TACCTATGTCACCTAA-1",0
"TACCTATGTGTTGAGG-1",19.6791620771265
"TACCTATGTTAAAGAC-1",20.5471138646654
"TACCTATTCTATGTGG-1",23.3458296495514
"TACCTATTCTTCCTTC-1",0
"TACCTTAAGAGGTTGC-1",20.8774467943811
"TACCTTAAGTCAAGCG-1",0
"TACCTTAAGTGGTCCC-1",17.5448974189345
"TACCTTACAACTGGCC-1",19.0201683678598
"TACCTTACAAGGGTCA-1",18.166273877733
"TACCTTACACTCAGGC-1",19.5891007626208
"TACCTTACATCTACGA-1",22.745224823453
"TACCTTAGTAGCGTCC-1",0
"TACCTTAGTCTCCACT-1",0
"TACGGATAGATGGCGT-1",0
"TACGGATAGGTACTCT-1",23.3074928095683
"TACGGATCAGGGATTG-1",0
"TACGGATCATCACCCT-1",23.4496644502512
"TACGGATGTCTAGCCG-1",0
"TACGGATTCGGTGTCG-1",0
"TACGGATTCTACTATC-1",23.468095151324
"TACGGGCAGGATGCGT-1",0
"TACGGGCAGGGAACGG-1",0
"TACGGGCAGTATTGGA-1",29.9521262080035
"TACGGGCAGTCAAGCG-1",0
"TACGGGCCAAGAAGAG-1",28.1739232606762
"TACGGGCCACCAGATT-1",0
"TACGGGCCATCAGTAC-1",16.7204496054928
"TACGGGCGTAAGGGCT-1",0
"TACGGGCGTCTGATTG-1",18.644795191015
"TACGGGCGTGATGTGG-1",19.5363562096927
"TACGGGCTCACCTTAT-1",19.9635851086311
"TACGGGCTCAGCTCTC-1",0
"TACGGGCTCCACGAAT-1",0
"TACGGGCTCCTATTCA-1",20.5755014506646
"TACGGGCTCGGTGTTA-1",0
"TACGGTAAGATATGGT-1",28.6376194417849
"TACGGTAAGCCGATTT-1",0
"TACGGTAAGTCATGCT-1",18.0821781398465
"TACGGTAAGTGCCATT-1",0
"TACGGTACACAGGCCT-1",20.7903007472611
"TACGGTACATTTCAGG-1",0
"TACGGTAGTATATCCG-1",0
"TACGGTAGTCACTTCC-1",19.0138355829465
"TACGGTAGTGCAGGTA-1",17.455584086276
"TACGGTAGTGGGTATG-1",0
"TACGGTATCGCAGGCT-1",22.0188139534842
"TACGGTATCGGACAAG-1",0
"TACGGTATCGTTTATC-1",17.1901847528009
"TACTCATAGTCACGCC-1",0
"TACTCATCAATCTACG-1",0
"TACTCATCACGGTAGA-1",0
"TACTCATCACTTCTGC-1",0
"TACTCATCATCCGTGG-1",16.5973172024635
"TACTCATCATGTCGAT-1",0
"TACTCATGTACAGCAG-1",23.6981155488623
"TACTCATGTCTTCAAG-1",22.5728008219455
"TACTCATTCCTTTCTC-1",0
"TACTCGCAGGCGACAT-1",0
"TACTCGCGTCAGAAGC-1",0
"TACTCGCGTCTGATTG-1",0
"TACTCGCGTGTAACGG-1",0
"TACTCGCGTTGAGTTC-1",0
"TACTCGCTCAACGGGA-1",0
"TACTCGCTCCGAATGT-1",22.1575141085426
"TACTTACAGACTAGGC-1",17.4242405415642
"TACTTACAGCTGAACG-1",17.0307912454692
"TACTTACAGTACACCT-1",0
"TACTTACAGTACGCCC-1",20.1475378908859
"TACTTACAGTGATCGG-1",0
"TACTTACCAAGCCGTC-1",30.1588418047896
"TACTTACCACAGGTTT-1",17.73574707998
"TACTTACTCGCGTTTC-1",0
"TACTTGTAGCGATATA-1",0
"TACTTGTAGTAATCCC-1",23.3101358096789
"TACTTGTCAAACAACA-1",23.9713988305518
"TACTTGTCATGCAACT-1",26.6736529197697
"TACTTGTGTAGCACGA-1",0
"TACTTGTGTATAAACG-1",0
"TACTTGTGTTCCACAA-1",0
"TACTTGTTCTGCAGTA-1",20.1092395251306
"TAGACCAAGAGACGAA-1",16.8829807439879
"TAGACCAAGCCTCGTG-1",0
"TAGACCAAGTCGATAA-1",0
"TAGACCACAACACCCG-1",0
"TAGACCAGTAGATTAG-1",23.6336109315607
"TAGACCAGTTCATGGT-1",0
"TAGACCATCACTTCAT-1",0
"TAGACCATCGTCACGG-1",18.9364467613522
"TAGACCATCTCCAGGG-1",16.7954415426089
"TAGAGCTAGAATTCCC-1",0
"TAGAGCTAGTATTGGA-1",0
"TAGAGCTCACTGAAGG-1",16.7678396372335
"TAGAGCTGTACTTGAC-1",0
"TAGAGCTGTCTAAAGA-1",0
"TAGCCGGAGACTGGGT-1",0
"TAGCCGGAGTCCCACG-1",0
"TAGCCGGAGTGACATA-1",0
"TAGCCGGCAGCAGTTT-1",0
"TAGCCGGGTACAGTGG-1",16.8353968925337
"TAGCCGGGTACCATCA-1",0
"TAGCCGGGTCGCGAAA-1",0
"TAGCCGGTCACGACTA-1",28.0441168780825
"TAGGCATAGAACTGTA-1",24.166440034504
"TAGGCATAGCTAGGCA-1",19.5363562096927
"TAGGCATAGTCGTACT-1",0
"TAGGCATAGTTTAGGA-1",25.3407278428489
"TAGGCATCAAGCCTAT-1",0
"TAGGCATCAGACGCAA-1",0
"TAGGCATGTACGAAAT-1",23.6275352545834
"TAGGCATGTCCAGTTA-1",25.4415151622491
"TAGGCATGTTCCACTC-1",0
"TAGGCATTCCCTAACC-1",20.6899505950985
"TAGGCATTCGCTAGCG-1",0
"TAGGCATTCGTAGATC-1",18.9856299499714
"TAGGCATTCTTCATGT-1",0
"TAGTGGTAGATCACGG-1",0
"TAGTGGTAGCTGTTCA-1",23.3074928095683
"TAGTGGTCAGTATAAG-1",19.5363562096927
"TAGTGGTGTAGCGTAG-1",23.3440696734275
"TAGTGGTTCAGCATGT-1",20.9412205568002
"TAGTGGTTCGGCGCAT-1",19.6791620771265
"TAGTGGTTCTCAAGTG-1",0
"TAGTGGTTCTGGGCCA-1",0
"TAGTGGTTCTTTAGTC-1",0
"TAGTTGGAGATAGGAG-1",0
"TAGTTGGCAGACGCAA-1",0
"TAGTTGGCATGCGCAC-1",0
"TAGTTGGGTATGGTTC-1",0
"TAGTTGGTCCGAATGT-1",17.5533166975587
"TAGTTGGTCTACTCAT-1",0
"TAGTTGGTCTCTAAGG-1",18.8854500383935
"TAGTTGGTCTGATACG-1",24.4612144957544
"TATCAGGAGAGTAAGG-1",0
"TATCAGGAGATCCGAG-1",0
"TATCAGGAGCAGATCG-1",19.952566912989
"TATCAGGAGGTGCTTT-1",26.6736529197697
"TATCAGGCAACTTGAC-1",0
"TATCAGGCACGTTGGC-1",0
"TATCAGGGTCCGTTAA-1",18.5469696823872
"TATCAGGGTCTGCAAT-1",17.7872714663039
"TATCAGGGTTAAAGAC-1",0
"TATCAGGTCAAGATCC-1",20.9867802541985
"TATCAGGTCCACTCCA-1",0
"TATCAGGTCGTAGGTT-1",23.3458296495514
"TATCTCAAGAGTTGGC-1",20.467881086609
"TATCTCAAGCCACCTG-1",0
"TATCTCAAGCGTAATA-1",29.9521262080035
"TATCTCAAGGCTAGCA-1",0
"TATCTCAAGTGGGCTA-1",23.1375973589699
"TATCTCACATGTCCTC-1",0
"TATCTCAGTAACGACG-1",0
"TATCTCAGTACCTACA-1",20.8559521552561
"TATCTCAGTACGACCC-1",0
"TATCTCAGTCAATGTC-1",21.8615231348376
"TATCTCATCAAGCCTA-1",0
"TATGCCCAGAAACCGC-1",30.1588418047896
"TATGCCCAGGTAGCTG-1",0
"TATGCCCCAATGGAAT-1",18.7990085749253
"TATGCCCCACTTAACG-1",0
"TATGCCCCATGTTCCC-1",17.4202843507132
"TATGCCCGTAGCCTCG-1",16.8912552052105
"TATGCCCGTATAGGGC-1",19.3792149403915
"TATGCCCGTATGAAAC-1",0
"TATGCCCGTCGCCATG-1",18.583946746712
"TATGCCCGTGCCTTGG-1",21.9632875579905
"TATGCCCGTTAAGATG-1",20.0490898325192
"TATGCCCGTTGGTGGA-1",23.7043007893054
"TATGCCCGTTTAGGAA-1",0
"TATTACCAGAGAGCTC-1",0
"TATTACCAGCAAATCA-1",0
"TATTACCAGCCCGAAA-1",16.8633875868909
"TATTACCAGTATCTCG-1",0
"TATTACCCAAAGTGCG-1",23.468095151324
"TATTACCCAGACAAGC-1",0
"TATTACCCAGTCAGCC-1",0
"TATTACCCATAAAGGT-1",17.764273204732
"TATTACCCATCTACGA-1",0
"TATTACCGTCCAGTAT-1",0
"TCAACGAAGCCGATTT-1",0
"TCAACGAAGCGATGAC-1",0
"TCAACGAAGGCATGTG-1",22.7280395378148
"TCAACGAAGTAGTGCG-1",0
"TCAACGACACCAGGCT-1",0
"TCAACGACATGCCTTC-1",0
"TCAACGAGTTACCAGT-1",20.5380209039272
"TCAACGAGTTCCATGA-1",16.8633875868909
"TCAACGAGTTCTGGTA-1",16.8633875868909
"TCAACGATCAGTCCCT-1",0
"TCAACGATCTGTGCAA-1",16.5705191642786
"TCAATCTAGATCCCGC-1",0
"TCAATCTCACAAGCCC-1",26.6736529197697
"TCAATCTCACAGCCCA-1",16.5887648080833
"TCAATCTCATGACGGA-1",23.3101358096789
"TCAATCTCATTTGCTT-1",22.7624448571082
"TCAATCTGTAGTGAAT-1",17.287704084621
"TCAATCTGTTAGATGA-1",16.5382632384377
"TCAATCTTCAGATAAG-1",0
"TCAATCTTCATGTCCC-1",0
"TCACAAGAGACTGGGT-1",0
"TCACAAGAGAGAGCTC-1",0
"TCACAAGAGGCCCTCA-1",18.4734997708611
"TCACAAGAGGTGGGTT-1",0
"TCACAAGAGTAGATGT-1",18.9093232694615
"TCACAAGCAGTATGCT-1",0
"TCACAAGCATAACCTG-1",0
"TCACAAGCATGACATC-1",28.6376194417849
"TCACAAGGTCAGATAA-1",17.4202843507132
"TCACAAGGTGTGGTTT-1",0
"TCACAAGTCATCATTC-1",0
"TCACAAGTCATGCATG-1",23.4496644502512
"TCACGAAAGCTCCTTC-1",20.5179796613806
"TCACGAAAGGTGCTTT-1",0
"TCACGAAAGTCTCGGC-1",0
"TCACGAACACAAGACG-1",19.8830171160346
"TCACGAACACTGTCGG-1",19.1736626986001
"TCACGAAGTGGTCCGT-1",0
"TCACGAAGTTGGTGGA-1",0
"TCACGAATCATGCAAC-1",17.7369135550193
"TCACGAATCCCGACTT-1",0
"TCACGAATCCTCGCAT-1",0
"TCACGAATCGTCACGG-1",0
"TCAGATGAGGTGCACA-1",0
"TCAGATGGTCTTGTCC-1",21.3745279975206
"TCAGATGGTGCCTGCA-1",18.0821781398465
"TCAGATGGTGCTGTAT-1",0
"TCAGATGTCAGTTTGG-1",23.6336109315607
"TCAGATGTCGCATGAT-1",29.3285705373102
"TCAGATGTCTCCTATA-1",0
"TCAGCAAAGGAGTCTG-1",0
"TCAGCAAAGGCTCATT-1",0
"TCAGCAAAGTACGACG-1",26.6736529197697
"TCAGCAAAGTGGCACA-1",0
"TCAGCAACACGCATCG-1",21.8898295120587
"TCAGCAAGTACCGGCT-1",0
"TCAGCAATCAGCGATT-1",24.8530430074737
"TCAGCAATCGGAAACG-1",0
"TCAGCAATCTTCAACT-1",18.1783007486151
"TCAGCTCAGGTGTTAA-1",22.4422087684483
"TCAGCTCAGTATGACA-1",0
"TCAGCTCCAATCTGCA-1",0
"TCAGCTCCACGGTTTA-1",20.1577935057998
"TCAGCTCGTAATAGCA-1",0
"TCAGCTCGTCCGTCAG-1",17.0307912454692
"TCAGCTCGTTCACGGC-1",0
"TCAGCTCTCACGATGT-1",0
"TCAGCTCTCATGCATG-1",0
"TCAGCTCTCCTAAGTG-1",27.3027276802704
"TCAGCTCTCTCGTATT-1",0
"TCAGGATAGACAGAGA-1",22.4422087684483
"TCAGGATAGATATGGT-1",0
"TCAGGATCAAACGTGG-1",18.5469696823872
"TCAGGATCAAGTTCTG-1",22.5728008219455
"TCAGGATCACGGTGTC-1",0
"TCAGGATCACTGTGTA-1",0
"TCAGGATCAGCATACT-1",23.1721657314056
"TCAGGATCATCTGGTA-1",20.7108555644101
"TCAGGATGTAAGCACG-1",18.7320734133194
"TCAGGATGTGGCCCTA-1",20.84001408735
"TCAGGATTCCGATATG-1",19.9925932193472
"TCAGGATTCTCGATGA-1",0
"TCAGGTAAGATGGCGT-1",27.4792062797672
"TCAGGTAAGTGTTTGC-1",0
"TCAGGTACACAAGTAA-1",0
"TCAGGTACACAGAGGT-1",0
"TCAGGTACAGCTGCTG-1",0
"TCAGGTAGTAAACGCG-1",23.6336109315607
"TCATTACAGAAACCAT-1",0
"TCATTACAGGAGTTGC-1",27.5576703123426
"TCATTACAGTTGCAGG-1",16.4904525766593
"TCATTACCACATCCAA-1",0
"TCATTACCAGTCAGCC-1",18.5523274226961
"TCATTACGTACGCACC-1",22.0257478490404
"TCATTACGTCTAGAGG-1",21.8898295120587
"TCATTACGTGAAGGCT-1",18.6571509400701
"TCATTACGTTCTGTTT-1",0
"TCATTACTCATCGATG-1",22.0658000001127
"TCATTTGAGCCAGTTT-1",20.84001408735
"TCATTTGCACGTCTCT-1",17.6811037020426
"TCATTTGCAGTTAACC-1",20.0490898325192
"TCATTTGTCCAGAGGA-1",17.0599688848206
"TCATTTGTCCCTTGCA-1",18.9856299499714
"TCATTTGTCCGTCAAA-1",19.952566912989
"TCATTTGTCGCTAGCG-1",0
"TCATTTGTCGTACGGC-1",0
"TCATTTGTCTCTGCTG-1",20.0490898325192
"TCCACACCAAAGAATC-1",33.4404398504068
"TCCACACCACGCCAGT-1",20.8422758957705
"TCCACACGTACAGCAG-1",16.7484639299419
"TCCACACGTAGCCTAT-1",0
"TCCACACGTCATCGGC-1",21.0649612923563
"TCCACACGTGACCAAG-1",20.84001408735
"TCCACACGTGCGAAAC-1",16.5104236008349
"TCCACACTCAACACCA-1",22.8299041057746
"TCCACACTCCAGTATG-1",17.2689364749871
"TCCACACTCCCATTTA-1",20.0797783492027
"TCCACACTCGAACTGT-1",20.6006443262314
"TCCCGATAGAAGAAGC-1",0
"TCCCGATAGCACAGGT-1",20.6899505950985
"TCCCGATAGCCGGTAA-1",0
"TCCCGATCAAGGTTCT-1",19.7210060164353
"TCCCGATCAGCCAATT-1",20.9749559941069
"TCCCGATCATCCAACA-1",0
"TCCCGATGTAAGGATT-1",23.373645578542
"TCCCGATGTCAATACC-1",22.0658000001127
"TCCCGATTCAGAAATG-1",17.764273204732
"TCCCGATTCAGTCCCT-1",27.4792062797672
"TCCCGATTCATCTGTT-1",0
"TCCCGATTCCCTAATT-1",19.5633246363566
"TCCCGATTCTGGAGCC-1",0
"TCGAGGCAGCGATGAC-1",19.952566912989
"TCGAGGCAGTGTTTGC-1",18.329356154581
"TCGAGGCCAAAGAATC-1",0
"TCGAGGCCAAGTTCTG-1",33.4404398504068
"TCGAGGCCAGTAACGG-1",20.0681630142913
"TCGAGGCGTATATCCG-1",0
"TCGAGGCTCGCAAGCC-1",0
"TCGAGGCTCTTGAGAC-1",0
"TCGAGGCTCTTTCCTC-1",0
"TCGCGAGAGACAAAGG-1",24.8300541828229
"TCGCGAGAGTGAATTG-1",29.9521262080035
"TCGCGAGCAAGCGTAG-1",19.6107887649139
"TCGCGAGCACCGAATT-1",0
"TCGCGAGCAGTAAGAT-1",18.2024424538928
"TCGCGAGTCCACGAAT-1",19.5633246363566
"TCGCGAGTCTAGCACA-1",0
"TCGCGAGTCTCTAGGA-1",16.9113343538889
"TCGCGAGTCTTCATGT-1",0
"TCGCGTTAGTGGGCTA-1",0
"TCGCGTTCACAGGCCT-1",19.5891007626208
"TCGCGTTCATCACAAC-1",0
"TCGCGTTCATCTCGCT-1",0
"TCGCGTTGTTCACCTC-1",18.329356154581
"TCGCGTTTCAAGATCC-1",0
"TCGCGTTTCAGGTAAA-1",23.3101358096789
"TCGCGTTTCATTCACT-1",0
"TCGCGTTTCCTGTACC-1",0
"TCGCGTTTCGCCCTTA-1",19.6185665098423
"TCGGGACCACACATGT-1",18.6939274858299
"TCGGGACTCCTTGCCA-1",20.6006443262314
"TCGGGACTCTGCGGCA-1",0
"TCGGGACTCTTGTCAT-1",17.7229759760721
"TCGGTAAAGACAGGCT-1",25.2371771517968
"TCGGTAAAGCTCAACT-1",0
"TCGGTAACAAGCTGAG-1",0
"TCGGTAACAGGAATGC-1",21.5562463241036
"TCGGTAAGTATATGGA-1",0
"TCGGTAAGTCTAGTCA-1",20.2177065292912
"TCGGTAATCCCGGATG-1",0
"TCGTACCAGCAGGCTA-1",20.3998518351246
"TCGTACCAGTTTCCTT-1",0
"TCGTACCGTTTGCATG-1",0
"TCGTACCTCGGGAGTA-1",0
"TCGTAGAAGCTAACTC-1",0
"TCGTAGAAGGCGACAT-1",28.6376194417849
"TCGTAGAAGGGAACGG-1",0
"TCGTAGAAGTCCATAC-1",22.2240484337583
"TCGTAGACAATCCAAC-1",28.1739232606762
"TCGTAGACACTCAGGC-1",16.8178189325138
"TCGTAGAGTATGAATG-1",0
"TCGTAGAGTGAGCGAT-1",0
"TCGTAGAGTGTGTGCC-1",0
"TCGTAGAGTTCAACCA-1",0
"TCGTAGAGTTCCATGA-1",0
"TCGTAGATCCAAGCCG-1",0
"TCGTAGATCTTAGCCC-1",0
"TCTATTGAGCGATTCT-1",20.6006443262314
"TCTATTGAGTGCCATT-1",0
"TCTATTGCACATCTTT-1",0
"TCTATTGGTAAGTGTA-1",0
"TCTATTGGTCCAACTA-1",0
"TCTATTGGTCTGCCAG-1",25.3408053965053
"TCTATTGGTTGCTCCT-1",27.4792062797672
"TCTATTGTCGGCGCTA-1",0
"TCTCATAAGCTAAACA-1",17.812526830234
"TCTCATAAGCTAGTCT-1",24.2320627357368
"TCTCATAAGTGCCATT-1",33.9404242144911
"TCTCATAGTACCGGCT-1",16.8633875868909
"TCTCATAGTGTAAGTA-1",0
"TCTCATATCAAGCCTA-1",23.277437076001
"TCTCATATCACCTTAT-1",0
"TCTCATATCCTGTACC-1",0
"TCTCTAAAGACCGGAT-1",0
"TCTCTAAAGGGTGTTG-1",0
"TCTCTAACAGCCTATA-1",22.2240484337583
"TCTCTAAGTCCAGTAT-1",20.0546922382839
"TCTCTAAGTCCATGAT-1",0
"TCTCTAAGTCTCATCC-1",0
"TCTCTAAGTGGAAAGA-1",0
"TCTCTAATCAAACCAC-1",19.754229462198
"TCTCTAATCACAGGCC-1",18.129997475087
"TCTCTAATCACATACG-1",17.0599688848206
"TCTCTAATCCGTAGGC-1",0
"TCTCTAATCGTATCAG-1",0
"TCTGAGACAAACCTAC-1",0
"TCTGAGACAGAGTGTG-1",18.458679388325
"TCTGAGAGTAAGGGAA-1",23.9713988305518
"TCTGAGATCCTTGACC-1",16.9113343538889
"TCTGAGATCTATCCTA-1",18.8637429137233
"TCTGGAAAGCGATGAC-1",0
"TCTGGAAAGCTCTCGG-1",19.1322869876226
"TCTGGAAAGGAGCGAG-1",24.166440034504
"TCTGGAACACAAGACG-1",23.1375973589699
"TCTGGAACACACTGCG-1",24.8300541828229
"TCTGGAACACTTCTGC-1",0
"TCTGGAAGTGAGTATA-1",24.0734890065937
"TCTTCGGAGGTTCCTA-1",23.6336109315607
"TCTTCGGAGTTCGATC-1",30.4708749227881
"TCTTCGGCAAAGCAAT-1",0
"TCTTCGGCAAAGGTGC-1",21.3745279975206
"TCTTCGGCAATAGCAA-1",0
"TCTTCGGCAATGTAAG-1",25.6721593595495
"TCTTCGGCACACCGAC-1",25.8107230610615
"TCTTCGGCAGCCAATT-1",16.55819111107
"TCTTCGGGTCATTAGC-1",0
"TCTTCGGTCGTAGGTT-1",33.9404242144911
"TCTTCGGTCTCTAAGG-1",0
"TCTTTCCAGAGAGCTC-1",0
"TCTTTCCAGTCATCCA-1",20.0490898325192
"TCTTTCCCATCTCCCA-1",18.96353216136
"TCTTTCCGTAATCACC-1",0
"TCTTTCCGTAGTACCT-1",0
"TCTTTCCTCACAACGT-1",0
"TCTTTCCTCAGCTGGC-1",16.560949390095
"TCTTTCCTCCAAGTAC-1",21.608337872505
"TCTTTCCTCCTCGCAT-1",0
"TGAAAGAAGCTAAGAT-1",0
"TGAAAGACAAGCCGTC-1",0
"TGAAAGACACATTCGA-1",0
"TGAAAGACATGAGCGA-1",0
"TGAAAGAGTCTAGCGC-1",0
"TGAAAGAGTCTCATCC-1",0
"TGAAAGATCCCGACTT-1",20.0797783492027
"TGAAAGATCTATGTGG-1",25.3464292381444
"TGACAACCAAGCGAGT-1",19.5891007626208
"TGACAACGTAGGGACT-1",17.3405887793952
"TGACAACGTGCGCTTG-1",0
"TGACAACGTGGTTTCA-1",0
"TGACAACTCACAAACC-1",0
"TGACAACTCCACGTGG-1",0
"TGACAACTCGAATGCT-1",0
"TGACGGCAGCGCCTCA-1",18.329356154581
"TGACGGCAGGCTCAGA-1",19.3938704001228
"TGACGGCAGTCAAGCG-1",21.6170835392774
"TGACGGCCACAGACTT-1",24.8300541828229
"TGACGGCGTCATCCCT-1",0
"TGACGGCTCAGGCGAA-1",0
"TGACGGCTCCACTGGG-1",0
"TGACTAGAGACCCACC-1",17.1373183333166
"TGACTAGAGGGCATGT-1",0
"TGACTAGAGTCTCAAC-1",0
"TGACTAGAGTTGAGAT-1",26.2817450437011
"TGACTAGCAGCATACT-1",0
"TGACTAGCAGTCAGAG-1",17.2120633706618
"TGACTAGCATTTCACT-1",22.405925567302
"TGACTAGGTAAATACG-1",18.8570345476748
"TGACTAGGTGAAAGAG-1",20.84001408735
"TGACTAGGTGCAGTAG-1",18.644795191015
"TGACTAGTCATGCATG-1",0
"TGACTAGTCCATGCTC-1",24.0644442700087
"TGACTAGTCTGTTGAG-1",0
"TGACTTTAGAACAATC-1",0
"TGACTTTAGTCTCGGC-1",22.1073393238481
"TGACTTTAGTTAGGTA-1",26.407926159528
"TGACTTTCAGTCCTTC-1",24.8300541828229
"TGACTTTCATTATCTC-1",20.1953004319073
"TGACTTTGTCACACGC-1",0
"TGACTTTTCCTCAATT-1",0
"TGACTTTTCTGCCCTA-1",0
"TGAGAGGAGGCTCATT-1",24.4261414406146
"TGAGAGGCAAAGTCAA-1",22.4422087684483
"TGAGAGGCAAGCCATT-1",18.0020704509973
"TGAGAGGCACCATGTA-1",0
"TGAGAGGGTCACTGGC-1",20.2078274501107
"TGAGAGGGTCTAAACC-1",22.0658000001127
"TGAGAGGTCGAACTGT-1",16.9512880741167
"TGAGAGGTCGCGTTTC-1",0
"TGAGAGGTCTGACCTC-1",0
"TGAGCATAGAAACGAG-1",22.405788542273
"TGAGCATAGAAGCCCA-1",0
"TGAGCATAGATGTCGG-1",0
"TGAGCATAGGAATGGA-1",17.0323659271124
"TGAGCATCACCAGGCT-1",0
"TGAGCATCAGATGAGC-1",20.5458610887514
"TGAGCATCAGCGTAAG-1",0
"TGAGCATCAGCTGTAT-1",0
"TGAGCATGTGGCCCTA-1",19.5987014272615
"TGAGCATTCCACGTTC-1",0
"TGAGCATTCCGATATG-1",0
"TGAGCATTCGGCCGAT-1",26.7129201605982
"TGAGCCGCATCGGGTC-1",0
"TGAGCCGGTCGAACAG-1",0
"TGAGCCGGTGTAATGA-1",18.7460529432617
"TGAGCCGGTTGATTCG-1",0
"TGAGCCGTCATCTGCC-1",17.6187287640811
"TGAGCCGTCGTCACGG-1",33.1972994374377
"TGAGCCGTCTTGAGGT-1",22.5575139552852
"TGAGGGAAGAGACTAT-1",21.8898295120587
"TGAGGGAAGGAGTACC-1",24.1878223752909
"TGAGGGAAGTCATCCA-1",18.129997475087
"TGAGGGAAGTCATGCT-1",0
"TGAGGGACACCAGTTA-1",24.1462823294004
"TGAGGGACATAAGACA-1",17.5411727084009
"TGAGGGAGTAAACGCG-1",0
"TGAGGGAGTTAGGGTG-1",17.1901847528009
"TGAGGGATCAACGGGA-1",0
"TGAGGGATCTAGCACA-1",26.2817450437011
"TGAGGGATCTCTTATG-1",0
"TGATTTCCATCCGGGT-1",21.3825159185657
"TGATTTCGTAGGCATG-1",0
"TGATTTCGTTAAGACA-1",19.0201683678598
"TGATTTCTCTGATTCT-1",0
"TGCACCTAGACCTTTG-1",19.1340084986061
"TGCACCTAGGACGAAA-1",0
"TGCACCTCAAGTTGTC-1",0
"TGCACCTCAATAGAGT-1",0
"TGCACCTCATCCGGGT-1",0
"TGCACCTGTAATCACC-1",25.3407278428489
"TGCACCTGTCACACGC-1",0
"TGCACCTTCACGGTTA-1",0
"TGCACCTTCATCGGAT-1",17.1373183333166
"TGCACCTTCCGCGGTA-1",16.4904525766593
"TGCACCTTCGAACTGT-1",0
"TGCACCTTCTCTTGAT-1",0
"TGCCAAACAATGTAAG-1",0
"TGCCAAACAATTCCTT-1",28.6376194417849
"TGCCAAAGTTCGCGAC-1",0
"TGCCAAATCCAAACTG-1",0
"TGCCAAATCCCTGACT-1",29.3285705373102
"TGCCAAATCGGCGGTT-1",21.2527775274816
"TGCCCATAGACTAGGC-1",20.0716016862335
"TGCCCATAGCGTCAAG-1",0
"TGCCCATAGCGTGAAC-1",0
"TGCCCATAGCTGTTCA-1",18.6571509400701
"TGCCCATAGGATGGAA-1",20.6006443262314
"TGCCCATAGTACGCCC-1",0
"TGCCCATAGTTGAGTA-1",30.0160572640571
"TGCCCATCACCAGGTC-1",27.9905974898317
"TGCCCATCACGAAATA-1",0
"TGCCCATCAGGACGTA-1",0
"TGCCCATCATGGAATA-1",0
"TGCCCATCATGGATGG-1",0
"TGCCCATGTAGCCTCG-1",23.2893220612434
"TGCCCATTCAAACCGT-1",19.2252202532916
"TGCCCATTCAGGCCCA-1",0
"TGCCCATTCCTTCAAT-1",16.5562094918748
"TGCCCATTCGGAAATA-1",24.1208259756817
"TGCCCTAAGGTCGGAT-1",0
"TGCCCTAAGGTTCCTA-1",0
"TGCCCTACACCACCAG-1",0
"TGCCCTACAGCCACCA-1",0
"TGCCCTACAGTGAGTG-1",18.6789302238729
"TGCCCTAGTCCGAGTC-1",0
"TGCCCTAGTGGTTTCA-1",0
"TGCCCTAGTTTCGCTC-1",16.8633875868909
"TGCCCTATCGACGGAA-1",17.8357937722832
"TGCCCTATCTTCGGTC-1",0
"TGCGCAGAGACTAGGC-1",18.644795191015
"TGCGCAGAGCACACAG-1",18.3809203130253
"TGCGCAGAGCGTCTAT-1",26.9413831085701
"TGCGCAGAGGAGCGAG-1",0
"TGCGCAGCAAACGTGG-1",0
"TGCGCAGCAGCTCGCA-1",21.8898295120587
"TGCGCAGCAGTAGAGC-1",22.0658000001127
"TGCGCAGTCCTACAGA-1",22.7280395378148
"TGCGGGTAGAGACTTA-1",0
"TGCGGGTAGATCGATA-1",23.6336109315607
"TGCGGGTAGCTCTCGG-1",20.6006443262314
"TGCGGGTAGGTGTGGT-1",16.5705191642786
"TGCGGGTAGTACTTGC-1",17.5216882690186
"TGCGGGTCAATGGAAT-1",0
"TGCGGGTCACACGCTG-1",0
"TGCGGGTCATTGGGCC-1",0
"TGCGGGTGTAGAAAGG-1",0
"TGCGGGTGTCACCTAA-1",19.5363562096927
"TGCGGGTGTCAGATAA-1",17.5847578247872
"TGCGGGTGTTAGAACA-1",23.3101358096789
"TGCGGGTTCAGTTCGA-1",29.9521262080035
"TGCGGGTTCGTAGATC-1",22.5958632122399
"TGCGGGTTCTCTTGAT-1",23.2893220612434
"TGCGTGGAGACGCAAC-1",0
"TGCGTGGAGACTGGGT-1",21.608337872505
"TGCGTGGCAATTCCTT-1",0
"TGCGTGGGTGCACCAC-1",18.0020704509973
"TGCGTGGTCCGCGCAA-1",0
"TGCGTGGTCGCCCTTA-1",20.252098883611
"TGCGTGGTCTGGCGAC-1",18.8156636577047
"TGCTACCAGAAAGTGG-1",21.8615231348376
"TGCTACCAGATGGCGT-1",19.5987014272615
"TGCTACCAGCAAATCA-1",0
"TGCTACCAGTCCGTAT-1",0
"TGCTACCCAAGAGGCT-1",19.5891007626208
"TGCTACCCACTTAACG-1",0
"TGCTACCCATCGTCGG-1",18.7126881010502
"TGCTACCCATGGTTGT-1",26.7374005129392
"TGCTACCGTGTGACGA-1",0
"TGCTACCTCCTCGCAT-1",0
"TGCTACCTCTTCTGGC-1",0
"TGCTGCTAGACTAAGT-1",17.4242405415642
"TGCTGCTAGGTGATAT-1",0
"TGCTGCTCAATAGAGT-1",19.4136193610993
"TGCTGCTCACAGACAG-1",18.5469696823872
"TGCTGCTCATCCCATC-1",18.129997475087
"TGCTGCTCATGGTTGT-1",0
"TGCTGCTGTCATACTG-1",0
"TGCTGCTGTGAAGGCT-1",0
"TGCTGCTTCATTGCGA-1",0
"TGGACGCAGAGGTACC-1",27.9905974898317
"TGGACGCAGTCAAGGC-1",0
"TGGACGCCACAGAGGT-1",16.970695950625
"TGGACGCCATGGTAGG-1",16.8633875868909
"TGGACGCGTCCGAACC-1",20.1475378908859
"TGGACGCGTCTCCCTA-1",22.1073393238481
"TGGCCAGAGAAGGTGA-1",0
"TGGCCAGAGAGTACAT-1",28.1448735507287
"TGGCCAGAGGCGATAC-1",0
"TGGCCAGAGGCGTACA-1",16.7905734172181
"TGGCCAGCAACTGCGC-1",0
"TGGCCAGCACGACTCG-1",19.0693271242636
"TGGCCAGGTCAATACC-1",0
"TGGCCAGTCGTAGATC-1",18.8570345476748
"TGGCCAGTCTATCCCG-1",16.4790837926151
"TGGCGCAAGCTACCTA-1",23.3458296495514
"TGGCGCAAGCTATGCT-1",0
"TGGCGCAAGTGTGGCA-1",0
"TGGCGCAAGTTACCCA-1",0
"TGGCGCACACAGGCCT-1",23.1721657314056
"TGGCGCACACGGATAG-1",22.7624448571082
"TGGCGCACAGCGATCC-1",16.8531784908616
"TGGCGCACATAGGATA-1",0
"TGGCGCAGTACTCTCC-1",28.6376194417849
"TGGCGCAGTGGACGAT-1",0
"TGGCGCAGTTATGTGC-1",18.96353216136
"TGGCGCATCAAGAAGT-1",0
"TGGCGCATCATGCTCC-1",0
"TGGCGCATCATGTGGT-1",0
"TGGCGCATCATTATCC-1",0
"TGGCGCATCGTGGTCG-1",20.6006443262314
"TGGCTGGAGCGGATCA-1",21.5562463241036
"TGGCTGGAGTGCAAGC-1",17.7556514318192
"TGGCTGGCAAGTTAAG-1",18.4400580571158
"TGGCTGGCACGGATAG-1",20.0797783492027
"TGGCTGGCAGGAACGT-1",21.3325412445788
"TGGCTGGGTCGAGTTT-1",20.1577935057998
"TGGCTGGGTCGGCATC-1",20.6476501926266
"TGGCTGGGTCTAGCCG-1",22.7280395378148
"TGGCTGGGTTACGCGC-1",0
"TGGCTGGGTTGGACCC-1",17.2120633706618
"TGGCTGGTCTCGTTTA-1",0
"TGGGAAGAGATATACG-1",25.8609407967918
"TGGGAAGAGCCCAATT-1",0
"TGGGAAGAGCGCTCCA-1",21.4240475432703
"TGGGAAGAGGGCTTCC-1",0
"TGGGAAGAGTAAGTAC-1",0
"TGGGAAGAGTTAACGA-1",17.1463133783364
"TGGGAAGCAAGGTGTG-1",0
"TGGGAAGCAGATCCAT-1",20.0716016862335
"TGGGAAGCAGCGAACA-1",20.6899505950985
"TGGGAAGGTAAGTTCC-1",21.608337872505
"TGGGAAGGTTAGATGA-1",22.1073393238481
"TGGGAAGGTTATTCTC-1",28.6376194417849
"TGGGAAGTCCCAAGAT-1",16.9422366481784
"TGGGAAGTCCTTCAAT-1",0
"TGGGAAGTCGTGGACC-1",22.2890910571852
"TGGGAAGTCTCCTATA-1",0
"TGGGCGTAGTCTCCTC-1",0
"TGGGCGTCAGACGTAG-1",19.4136193610993
"TGGGCGTCAGGGATTG-1",0
"TGGGCGTGTCCAAGTT-1",0
"TGGGCGTGTCTAGAGG-1",0
"TGGGCGTGTGGCTCCA-1",20.1741460068451
"TGGGCGTGTTTCGCTC-1",0
"TGGGCGTTCAGCTTAG-1",0
"TGGTTAGAGCTACCTA-1",20.1953004319073
"TGGTTAGAGTTAGGTA-1",29.9521262080035
"TGGTTAGGTGATGATA-1",0
"TGGTTAGGTTCACGGC-1",0
"TGGTTAGTCCCGACTT-1",20.1577935057998
"TGGTTAGTCTTGTATC-1",0
"TGGTTCCAGCCGTCGT-1",19.2166592784213
"TGGTTCCAGTAATCCC-1",22.6109989445064
"TGGTTCCCAAGTTGTC-1",21.1476922926756
"TGGTTCCCAGACAAAT-1",0
"TGGTTCCCAGACAGGT-1",0
"TGGTTCCCAGCTCGAC-1",17.957280099489
"TGGTTCCCATGTCCTC-1",17.2330254507364
"TGGTTCCCATTTCACT-1",16.7954415426089
"TGGTTCCGTCCAAGTT-1",18.9856299499714
"TGGTTCCTCACATACG-1",21.608337872505
"TGGTTCCTCAGCTTAG-1",21.6243868251954
"TGGTTCCTCTAACTTC-1",0
"TGGTTCCTCTAGAGTC-1",20.2585596405429
"TGGTTCCTCTGGGCCA-1",0
"TGTATTCAGCCCGAAA-1",0
"TGTATTCAGCGATCCC-1",20.8559521552561
"TGTATTCCAGGGCATA-1",18.0020704509973
"TGTATTCGTAAGAGAG-1",20.5179796613806
"TGTATTCGTTTGTTTC-1",20.0549061132665
"TGTATTCTCAGCATGT-1",0
"TGTATTCTCATCTGTT-1",0
"TGTCCCAAGCAGATCG-1",0
"TGTCCCAAGCTAGTTC-1",17.2120633706618
"TGTCCCAAGCTGAACG-1",24.6374253382601
"TGTCCCAAGTTGTCGT-1",21.8615231348376
"TGTCCCACAGTAAGCG-1",0
"TGTCCCACATCACGTA-1",0
"TGTCCCAGTAAGAGGA-1",0
"TGTCCCAGTAAGTGGC-1",19.5363562096927
"TGTCCCAGTCGGATCC-1",18.6267584073302
"TGTCCCATCATTTGGG-1",20.8774467943811
"TGTCCCATCTGCAAGT-1",16.4666822351554
"TGTCCCATCTGCGTAA-1",0
"TGTGGTAGTCCCGACA-1",0
"TGTGGTAGTGTGAAAT-1",19.6458726016789
"TGTGGTAGTGTGACGA-1",18.7460529432617
"TGTGGTATCCAGGGCT-1",21.1543736936366
"TGTGGTATCTTGCATT-1",0
"TGTGTTTAGAGGTTAT-1",0
"TGTGTTTAGCGTGAGT-1",16.8633875868909
"TGTGTTTAGTGCGTGA-1",21.3745279975206
"TGTGTTTCATGCGCAC-1",20.6021469393307
"TGTGTTTTCTCATTCA-1",17.4011908646287
"TGTGTTTTCTTTCCTC-1",0
"TGTTCCGAGAGCAATT-1",23.2802181362529
"TGTTCCGAGCAACGGT-1",24.6787600874628
"TGTTCCGAGGAATTAC-1",20.8924930436662
"TGTTCCGAGGACTGGT-1",18.0020704509973
"TGTTCCGCAGTGAGTG-1",16.8633875868909
"TGTTCCGGTGAGTATA-1",22.7624448571082
"TGTTCCGTCAAGCCTA-1",0
"TGTTCCGTCAGTTCGA-1",16.8353968925337
"TGTTCCGTCGGCGGTT-1",17.7474735241028
"TGTTCCGTCTGAAAGA-1",0
"TGTTCCGTCTGGTATG-1",0
"TTAACTCAGTGTACGG-1",0
"TTAACTCCAAGCGCTC-1",0
"TTAACTCCAGGCAGTA-1",0
"TTAACTCGTTCCACAA-1",23.5612659589907
"TTAACTCTCATAAAGG-1",17.7229759760721
"TTAACTCTCCCTCAGT-1",0
"TTAGGACAGCAGGCTA-1",0
"TTAGGACAGCTCTCGG-1",18.0924944033936
"TTAGGACCAAGCCATT-1",0
"TTAGGACCAGTCAGAG-1",0
"TTAGGACGTTTGTTTC-1",20.252098883611
"TTAGGCAAGAAGATTC-1",0
"TTAGGCAAGAGCCCAA-1",20.2149129466222
"TTAGGCAAGAGTGACC-1",0
"TTAGGCAAGGTTCCTA-1",0
"TTAGGCAAGTCGTTTG-1",0
"TTAGGCAAGTGTACCT-1",0
"TTAGGCACAGACGCTC-1",26.2817450437011
"TTAGGCACATGTTCCC-1",27.9905974898317
"TTAGGCAGTAAGGATT-1",18.6047638916631
"TTAGGCAGTAAGTAGT-1",0
"TTAGGCAGTCTTGATG-1",17.5133507948719
"TTAGGCATCACGCATA-1",0
"TTAGGCATCAGTCAGT-1",0
"TTAGGCATCCAGTATG-1",28.1739232606762
"TTAGGCATCGTTACGA-1",19.6791620771265
"TTAGTTCAGGTGCAAC-1",18.8016834309383
"TTAGTTCCAATGTAAG-1",0
"TTAGTTCCATCCTTGC-1",0
"TTAGTTCGTAGCCTAT-1",24.0446393320981
"TTAGTTCGTGCAGACA-1",22.0658000001127
"TTAGTTCGTGTCAATC-1",20.8422758957705
"TTAGTTCGTTGCCTCT-1",0
"TTAGTTCTCAGGCCCA-1",20.84001408735
"TTAGTTCTCGCAGGCT-1",0
"TTAGTTCTCTACTATC-1",0
"TTATGCTAGAATGTGT-1",0
"TTATGCTAGCACACAG-1",0
"TTATGCTAGCAGCCTC-1",0
"TTATGCTAGTCCCACG-1",18.329356154581
"TTATGCTCAGCCAGAA-1",0
"TTATGCTCATACCATG-1",16.5705191642786
"TTATGCTCATGTAGTC-1",0
"TTATGCTGTCCGAGTC-1",24.1208259756817
"TTATGCTTCGATAGAA-1",17.1824932644437
"TTCCCAGAGAATTCCC-1",0
"TTCCCAGAGACTAGAT-1",0
"TTCCCAGAGTATCGAA-1",0
"TTCCCAGCAGATGGGT-1",0
"TTCCCAGCATCAGTAC-1",20.1775956776296
"TTCCCAGCATCTCCCA-1",0
"TTCCCAGCATTACCTT-1",18.1497223164467
"TTCCCAGTCAACACTG-1",17.148766246827
"TTCCCAGTCGAGAGCA-1",0
"TTCGAAGAGTCTCAAC-1",0
"TTCGAAGCAAGCGCTC-1",20.5185105007071
"TTCGAAGCACATTAGC-1",22.4422087684483
"TTCGAAGCACGGTGTC-1",17.5216882690186
"TTCGGTCAGAGGACGG-1",0
"TTCGGTCAGCACACAG-1",0
"TTCGGTCAGGCCCTCA-1",17.7872714663039
"TTCGGTCAGTGAATTG-1",22.4422087684483
"TTCGGTCAGTTGAGAT-1",0
"TTCGGTCCAAGGGTCA-1",0
"TTCGGTCCACGTCAGC-1",22.7910359479003
"TTCGGTCGTAACGTTC-1",0
"TTCGGTCGTAGAGTGC-1",0
"TTCGGTCGTTCATGGT-1",21.1543736936366
"TTCGGTCGTTCTGTTT-1",0
"TTCGGTCTCAAAGACA-1",0
"TTCGGTCTCCAGTATG-1",0
"TTCGGTCTCGCGTTTC-1",0
"TTCGGTCTCGTCTGAA-1",0
"TTCTACAAGACTAAGT-1",0
"TTCTACAAGCAGCCTC-1",19.5363562096927
"TTCTACAAGCCTTGAT-1",22.7280395378148
"TTCTACAAGGCAGGTT-1",0
"TTCTACAAGGTAAACT-1",20.5642712568682
"TTCTACAAGTTAGGTA-1",0
"TTCTACACACGTGAGA-1",16.5119790622587
"TTCTACACAGCTGTTA-1",0
"TTCTACACATCGATTG-1",0
"TTCTACACATTACGAC-1",0
"TTCTACAGTACCGTTA-1",18.2521849427156
"TTCTACAGTATATGAG-1",0
"TTCTACAGTGGCTCCA-1",0
"TTCTACATCAACGGGA-1",0
"TTCTACATCCGCGTTT-1",0
"TTCTCAAAGAAAGTGG-1",0
"TTCTCAAAGAATCTCC-1",0
"TTCTCAAAGAGGTTAT-1",0
"TTCTCAAAGCAGCCTC-1",18.8156636577047
"TTCTCAAAGCCGCCTA-1",0
"TTCTCAAAGTCAATAG-1",20.1741460068451
"TTCTCAAAGTTGAGAT-1",0
"TTCTCAACACCCAGTG-1",20.6899505950985
"TTCTCAACATTGTGCA-1",0
"TTCTCAAGTATAAACG-1",16.8912552052105
"TTCTCAAGTCCCTTGT-1",19.00051642561
"TTCTCAAGTCGAGATG-1",22.5043779294857
"TTCTCAATCATCGCTC-1",17.4202843507132
"TTCTCAATCCCTAACC-1",0
"TTCTCAATCGTAGGAG-1",20.6021469393307
"TTCTCCTAGAGTAAGG-1",19.0781943779313
"TTCTCCTAGCGACGTA-1",0
"TTCTCCTAGCGTGAGT-1",0
"TTCTCCTAGTCTCGGC-1",20.9412205568002
"TTCTCCTCAACACGCC-1",18.0020704509973
"TTCTCCTCAATAACGA-1",0
"TTCTCCTGTTAAGAAC-1",0
"TTCTCCTTCAGTTCGA-1",0
"TTCTCCTTCCGTAGGC-1",0
"TTCTCCTTCCTTTCTC-1",0
"TTCTCCTTCTGCAAGT-1",0
"TTCTCCTTCTTCAACT-1",0
"TTCTCCTTCTTGTACT-1",21.8898295120587
"TTCTTAGAGGACTGGT-1",24.0485353314
"TTCTTAGCAAGGTGTG-1",19.2340882747525
"TTCTTAGCATCGGAAG-1",18.127315016295
"TTCTTAGGTAGAAGGA-1",21.6243868251954
"TTCTTAGGTCATATGC-1",20.1577935057998
"TTCTTAGTCAGTTCGA-1",0
"TTGAACGGTCACTTCC-1",0
"TTGAACGTCATGTCCC-1",0
"TTGACTTAGCCACGTC-1",0
"TTGACTTAGCGACGTA-1",0
"TTGACTTAGTTAACGA-1",0
"TTGACTTCACTTACGA-1",0
"TTGACTTGTCTCTCTG-1",22.1073393238481
"TTGACTTGTGCGATAG-1",0
"TTGACTTTCCAGAGGA-1",18.5469696823872
"TTGACTTTCTGTCCGT-1",0
"TTGCCGTAGGAGCGTT-1",19.9087144645219
"TTGCCGTAGGTGGGTT-1",0
"TTGCCGTCATGGTCAT-1",0
"TTGCGTCAGACAGAGA-1",20.5380209039272
"TTGCGTCAGCTCCTTC-1",22.0774158133061
"TTGCGTCAGTCCATAC-1",0
"TTGCGTCAGTGAATTG-1",0
"TTGCGTCCAAATTGCC-1",17.0335115686261
"TTGCGTCCACTGTGTA-1",19.2119248662093
"TTGCGTCCAGTCACTA-1",0
"TTGCGTCGTCTGATTG-1",20.84001408735
"TTGGAACAGCCCAATT-1",0
"TTGGAACAGCGTCTAT-1",0
"TTGGAACAGGCGTACA-1",0
"TTGGAACGTATTACCG-1",0
"TTGGAACTCCCATTAT-1",24.7621024512978
"TTGGAACTCCGTAGTA-1",0
"TTGGAACTCGTCCAGG-1",24.0485353314
"TTGGCAAAGTTAGGTA-1",0
"TTGGCAAGTATAGGTA-1",0
"TTGGCAATCACATGCA-1",22.7910359479003
"TTGGCAATCAGAGCTT-1",21.8898295120587
"TTGGCAATCGCATGAT-1",17.812526830234
"TTGGCAATCTAGAGTC-1",0
"TTGTAGGAGGTGCTAG-1",0
"TTGTAGGCACACGCTG-1",0
"TTGTAGGGTCTCCCTA-1",0
"TTGTAGGGTGGTAACG-1",0
"TTGTAGGTCGGCGCTA-1",0
"TTGTAGGTCTGCCAGG-1",33.9404242144911
"TTTACTGAGATCACGG-1",19.1736626986001
"TTTACTGCAAAGCAAT-1",20.1577935057998
"TTTACTGCACATGGGA-1",0
"TTTACTGCACCACGTG-1",27.9905974898317
"TTTACTGCATGGGACA-1",16.7905734172181
"TTTACTGCATGTCCTC-1",20.1577935057998
"TTTACTGGTAACGTTC-1",17.734254353082
"TTTACTGGTGGTGTAG-1",26.3437925525697
"TTTACTGGTTCGCTAA-1",19.7210060164353
"TTTACTGTCTGGAGCC-1",0
"TTTATGCAGACTGTAA-1",0
"TTTATGCAGATGCGAC-1",25.4415151622491
"TTTATGCAGGCAAAGA-1",0
"TTTATGCAGGCCCGTT-1",0
"TTTATGCAGTTCCACA-1",16.8633875868909
"TTTATGCCAAACGCGA-1",0
"TTTATGCCAATCTGCA-1",0
"TTTATGCCACAGGTTT-1",0
"TTTATGCCAGCCAATT-1",28.8863160555563
"TTTATGCCAGGTCGTC-1",0
"TTTATGCCATGGTCAT-1",0
"TTTATGCTCACATAGC-1",0
"TTTATGCTCACCTTAT-1",0
"TTTATGCTCGGCGGTT-1",0
"TTTATGCTCTCGCTTG-1",18.5469696823872
"TTTCCTCAGCGTGAAC-1",0
"TTTCCTCAGGACTGGT-1",0
"TTTCCTCCAAAGTGCG-1",20.6021469393307
"TTTCCTCCAGGAATGC-1",0
"TTTCCTCCATTAGCCA-1",0
"TTTCCTCGTCCGAAGA-1",0
"TTTCCTCGTCGCTTTC-1",0
"TTTCCTCTCGGCCGAT-1",20.3535420816527
"TTTCCTCTCGTGTAGT-1",0
"TTTGCGCAGCTAAACA-1",0
"TTTGCGCAGCTAGTCT-1",23.9632600632198
"TTTGCGCAGGCCGAAT-1",23.224099070807
"TTTGCGCAGTCAAGGC-1",0
"TTTGCGCCAAGTAGTA-1",22.0658000001127
"TTTGCGCCAGGTGCCT-1",16.8353968925337
"TTTGCGCGTCTAAACC-1",22.0658000001127
"TTTGCGCTCAAAGTAG-1",16.6064198231332
"TTTGCGCTCATGTAGC-1",0
"TTTGGTTAGAATGTGT-1",20.1542074748644
"TTTGGTTAGACAATAC-1",0
"TTTGGTTAGCGATTCT-1",18.96353216136
"TTTGGTTAGGCTCAGA-1",16.7419862146517
"TTTGGTTAGTTACCCA-1",16.4904525766593
"TTTGGTTCAAACTGCT-1",0
"TTTGGTTCAAGCTGTT-1",0
"TTTGGTTCAGATCGGA-1",18.129997475087
"TTTGGTTCATCACAAC-1",0
"TTTGGTTGTACTTCTT-1",0
"TTTGGTTGTATGCTTG-1",22.873299443958
"TTTGGTTGTGCTTCTC-1",17.5888488164512
"TTTGGTTTCATGCTCC-1",0
"TTTGGTTTCCCTGACT-1",19.5987014272615
"TTTGTCAAGAGTCGGT-1",22.8320593252766
"TTTGTCACAAGTTCTG-1",18.4073304029563
"TTTGTCACAAGTTGTC-1",0
"TTTGTCATCACCTTAT-1",26.5986533364458
"TTTGTCATCCATTCTA-1",0
"TTTGTCATCCTTAATC-1",0
"TTTGTCATCTTATCTG-1",0
