"cell_barcode","expression"
"AAACCTGAGACAGAGA-1",0
"AAACCTGAGACTTTCG-1",0
"AAACCTGAGAGTAAGG-1",0
"AAACCTGAGAGTCGGT-1",4.59512792576462
"AAACCTGAGGATGGAA-1",0
"AAACCTGAGTAGATGT-1",0
"AAACCTGCAATCAGAA-1",0
"AAACCTGCACCGATAT-1",3.0256016371365
"AAACCTGCAGACGTAG-1",2.91223403843447
"AAACCTGCAGTATCTG-1",11.7175934050393
"AAACCTGCATAGTAAG-1",0
"AAACCTGCATGAACCT-1",0
"AAACCTGGTAAGAGGA-1",3.15468428196714
"AAACCTGGTCCAACTA-1",3.24355968711976
"AAACCTGTCCGTAGTA-1",0
"AAACCTGTCGAGAGCA-1",0
"AAACGGGAGTACGACG-1",0
"AAACGGGCAAGGTTTC-1",5.01626033901312
"AAACGGGCACGTCAGC-1",0
"AAACGGGCAGCGTTCG-1",0
"AAACGGGGTAGCCTCG-1",0
"AAACGGGGTCTACCTC-1",4.31606457834966
"AAACGGGGTGCGGTAA-1",0
"AAACGGGGTTGTCGCG-1",2.91223403843447
"AAACGGGTCCATGAGT-1",0
"AAACGGGTCCCAACGG-1",7.35131998943318
"AAACGGGTCCCATTAT-1",3.05602789521809
"AAAGATGCAGTCAGCC-1",5.27770612452623
"AAAGATGCATCTACGA-1",0
"AAAGCAAAGCGTCTAT-1",0
"AAAGCAACATGTCGAT-1",4.12509302083025
"AAAGCAAGTAGCTGCC-1",0
"AAAGCAAGTAGGCATG-1",0
"AAAGCAAGTGCGCTTG-1",3.73076145129584
"AAAGCAAGTTATTCTC-1",0
"AAAGCAATCCGTAGTA-1",2.76923140590347
"AAAGTAGAGATGTGTA-1",9.42397060681346
"AAAGTAGAGTGGGCTA-1",0
"AAAGTAGGTATATGGA-1",2.83871864824185
"AAAGTAGGTGAGCGAT-1",6.79972526437236
"AAAGTAGGTTGAGGTG-1",0
"AAATGCCAGCCCTAAT-1",3.18008890190809
"AAATGCCAGCGTGTCC-1",0
"AAATGCCCAACACCTA-1",5.23275052409459
"AAATGCCGTAGGAGTC-1",0
"AAATGCCGTCTTTCAT-1",5.12370585630135
"AAATGCCGTGGTCCGT-1",0
"AAATGCCGTTCCCGAG-1",4.44447061177424
"AAATGCCTCATAGCAC-1",2.59572304544143
"AAATGCCTCGCTTAGA-1",3.0256016371365
"AACACGTAGAATTCCC-1",4.84030710155419
"AACACGTAGCCCTAAT-1",0
"AACACGTAGGGTGTGT-1",0
"AACACGTCACTGTCGG-1",0
"AACACGTCATCCCATC-1",0
"AACACGTGTGCAACGA-1",0
"AACACGTGTGTCGCTG-1",5.23779709594506
"AACCATGAGCGCTTAT-1",0
"AACCATGGTCCGTTAA-1",0
"AACCATGTCAGTTCGA-1",4.09511326997634
"AACCATGTCATCGATG-1",0
"AACCATGTCCCAAGTA-1",5.48259333492198
"AACCGCGAGAAGCCCA-1",0
"AACCGCGAGACTGGGT-1",0
"AACCGCGAGAGGTACC-1",3.9124244717232
"AACCGCGAGTTAGGTA-1",2.78359486937716
"AACCGCGAGTTGCAGG-1",0
"AACCGCGCACGGTAGA-1",0
"AACCGCGCAGCATGAG-1",3.95049927180759
"AACCGCGCAGCCTGTG-1",0
"AACCGCGCAGCTGTGC-1",0
"AACCGCGCAGTATGCT-1",2.83871864824185
"AACCGCGGTACTTGAC-1",0
"AACCGCGGTCTGCAAT-1",4.30419229224743
"AACCGCGTCACATGCA-1",3.48833907651739
"AACCGCGTCACCGTAA-1",0
"AACCGCGTCCAGAGGA-1",3.63622414840658
"AACCGCGTCCGAAGAG-1",0
"AACGTTGAGCGATAGC-1",4.34323597977393
"AACGTTGAGCGATCCC-1",0
"AACGTTGAGCTTATCG-1",0
"AACGTTGCAAGTTGTC-1",3.16738910247741
"AACGTTGCAATAGAGT-1",3.24355968711976
"AACGTTGCAATGGATA-1",8.02988778842039
"AACGTTGCATGGATGG-1",0
"AACGTTGCATTCTCAT-1",0
"AACGTTGTCAACACGT-1",4.53313044696715
"AACGTTGTCGAGGTAG-1",2.67403644864988
"AACGTTGTCGGTCCGA-1",0
"AACTCAGAGAGCTATA-1",0
"AACTCAGAGAGTCGGT-1",5.01626033901312
"AACTCAGAGCCACCTG-1",3.23248392861446
"AACTCAGAGCCCAATT-1",0
"AACTCAGCAAACAACA-1",7.12280794392042
"AACTCAGCACAAGCCC-1",0
"AACTCAGCACGGTTTA-1",5.32910245548558
"AACTCAGCAGGATCGA-1",0
"AACTCAGCATAAAGGT-1",3.27112454009154
"AACTCAGGTTCCACAA-1",3.74116849010407
"AACTCAGTCGTACCGG-1",4.34323597977393
"AACTCCCAGCCCAGCT-1",3.12990592084463
"AACTCCCAGCTAAGAT-1",3.74116849010407
"AACTCCCCATGGTCTA-1",4.30419229224743
"AACTCCCGTTGCGCAC-1",6.79972526437236
"AACTCCCTCAAGAAGT-1",4.1171893143171
"AACTCCCTCAAGCCTA-1",0
"AACTCCCTCATCGCTC-1",0
"AACTCCCTCTGCAGTA-1",5.69581250331418
"AACTCCCTCTGGCGTG-1",0
"AACTCTTAGCAGACTG-1",3.24032336290975
"AACTCTTAGTCCGGTC-1",8.4807874222032
"AACTCTTCATGCTAGT-1",0
"AACTCTTGTCGAATCT-1",0
"AACTCTTGTCGGGTCT-1",0
"AACTCTTTCTCAAACG-1",0
"AACTCTTTCTCCAGGG-1",7.45233889033061
"AACTCTTTCTCTGCTG-1",0
"AACTGGTAGAAGATTC-1",3.91938537264163
"AACTGGTAGAGACTAT-1",0
"AACTGGTAGCCAACAG-1",4.59512792576462
"AACTGGTAGTGTACTC-1",0
"AACTGGTCACTGAAGG-1",0
"AACTGGTGTCCGAACC-1",5.95044642560985
"AACTGGTTCGGAGCAA-1",0
"AACTGGTTCGTGGGAA-1",0
"AACTGGTTCTGCTTGC-1",0
"AACTTTCAGCGTGAAC-1",0
"AACTTTCAGTATCTCG-1",3.86524436955263
"AACTTTCAGTTTCCTT-1",3.8022283839774
"AACTTTCCATCCTTGC-1",0
"AACTTTCGTCTAGAGG-1",0
"AACTTTCGTCTCTTTA-1",5.67459997129161
"AACTTTCGTTTGTTTC-1",0
"AAGACCTAGGGCTTCC-1",0
"AAGACCTAGTACACCT-1",0
"AAGACCTGTATATGAG-1",0
"AAGACCTGTATCAGTC-1",0
"AAGACCTGTCCGTGAC-1",3.05602789521809
"AAGACCTGTCGAAAGC-1",0
"AAGACCTTCGCCATAA-1",0
"AAGCCGCAGATCTGAA-1",0
"AAGCCGCAGGGTGTTG-1",0
"AAGCCGCAGTGGACGT-1",0
"AAGCCGCAGTGTACTC-1",0
"AAGCCGCCACGCTTTC-1",0
"AAGCCGCCAGGACGTA-1",0
"AAGCCGCGTACAGTTC-1",3.16738910247741
"AAGCCGCGTCATTAGC-1",5.23275052409459
"AAGCCGCTCACGAAGG-1",2.91171529010442
"AAGCCGCTCAGTTAGC-1",3.29733224844314
"AAGCCGCTCGCAAACT-1",0
"AAGCCGCTCGTCGTTC-1",4.50559917816657
"AAGCCGCTCTTACCGC-1",3.24032336290975
"AAGGAGCAGAAACCGC-1",5.55302491575152
"AAGGAGCAGGCATGTG-1",2.86494899391626
"AAGGAGCAGGCGCTCT-1",0
"AAGGAGCAGTTGAGTA-1",2.67403644864988
"AAGGAGCCACGGCGTT-1",0
"AAGGAGCGTCTGCAAT-1",0
"AAGGAGCTCGTCTGCT-1",0
"AAGGCAGAGAACTGTA-1",7.45233889033061
"AAGGCAGAGAGATGAG-1",0
"AAGGCAGAGGTGATAT-1",0
"AAGGCAGCATAGTAAG-1",0
"AAGGCAGGTACTTCTT-1",0
"AAGGCAGGTGTGCCTG-1",2.99379584673205
"AAGGCAGTCAGATAAG-1",0
"AAGGCAGTCGGAATCT-1",7.35131998943318
"AAGGTTCAGTATCTCG-1",0
"AAGGTTCCATCACGTA-1",0
"AAGGTTCGTATATGGA-1",3.24032336290975
"AAGGTTCGTCCGAATT-1",2.55908231308359
"AAGGTTCGTCGACTAT-1",0
"AAGGTTCGTGTGACCC-1",0
"AAGGTTCTCCGTCATC-1",3.48833907651739
"AAGGTTCTCCTCGCAT-1",4.30419229224743
"AAGGTTCTCTGCGGCA-1",0
"AAGTCTGAGCCATCGC-1",0
"AAGTCTGAGTCAAGCG-1",0
"AAGTCTGCAAAGGAAG-1",4.31606457834966
"AAGTCTGGTCAGCTAT-1",0
"AAGTCTGTCAAACAAG-1",5.55302491575152
"AAGTCTGTCACTGGGC-1",3.05602789521809
"AAGTCTGTCAGCAACT-1",0
"AATCCAGCAAAGTGCG-1",0
"AATCCAGCAGCATACT-1",5.50220992165327
"AATCCAGGTAGGCATG-1",3.23248392861446
"AATCCAGGTCTCCCTA-1",0
"AATCCAGTCCGAATGT-1",0
"AATCGGTAGGCATGGT-1",2.73028501276063
"AATCGGTTCCTGTACC-1",8.01465373179287
"AATCGGTTCGCCGTGA-1",0
"ACACCAAAGATGAGAG-1",3.0985411626489
"ACACCAAAGCCCTAAT-1",4.08561243759368
"ACACCAAAGGATGGTC-1",5.63398996367675
"ACACCAAAGTGTCCAT-1",3.27725172804353
"ACACCAACACTTCGAA-1",0
"ACACCAACAGACGCTC-1",4.73125315335407
"ACACCAACAGCCTATA-1",0
"ACACCAAGTCGCGTGT-1",8.01465373179287
"ACACCAAGTCTAAACC-1",7.12280794392042
"ACACCAAGTTATGTGC-1",0
"ACACCAATCGCGTTTC-1",3.23248392861446
"ACACCCTAGCCAGGAT-1",0
"ACACCCTAGTACTTGC-1",0
"ACACCCTCAAGCGCTC-1",0
"ACACCCTCATCACAAC-1",0
"ACACCCTCATGCCCGA-1",0
"ACACCCTGTCTGGTCG-1",0
"ACACCCTTCCGCAAGC-1",0
"ACACCCTTCCTTGCCA-1",5.23275052409459
"ACACCCTTCTATCCTA-1",0
"ACACCCTTCTGGCGTG-1",4.44447061177424
"ACACCGGAGGCTCAGA-1",0
"ACACCGGAGTGACATA-1",0
"ACACCGGAGTTACCCA-1",0
"ACACCGGCACCAGATT-1",7.45233889033061
"ACACCGGCACCGAAAG-1",5.912052363228
"ACACCGGCATCACAAC-1",0
"ACACCGGTCCGCATAA-1",5.61431103314956
"ACACCGGTCTCGGACG-1",5.63398996367675
"ACACCGGTCTCTGTCG-1",0
"ACACTGAAGCACGCCT-1",5.55302491575152
"ACACTGAAGGTGATTA-1",5.38308255557359
"ACACTGACAATAGAGT-1",0
"ACACTGACAGACTCGC-1",0
"ACACTGACATCCAACA-1",0
"ACACTGAGTCCGAAGA-1",6.48907597688413
"ACACTGAGTGTTTGTG-1",5.23275052409459
"ACACTGAGTTTGACTG-1",3.27725172804353
"ACAGCCGAGGAATGGA-1",0
"ACAGCCGAGGCCCGTT-1",3.6907623389367
"ACAGCCGAGGTGCTTT-1",4.8108969460025
"ACAGCCGAGTGGTAGC-1",3.73076145129584
"ACAGCCGCATATACGC-1",0
"ACAGCCGCATGCAACT-1",0
"ACAGCCGGTAGGGTAC-1",0
"ACAGCCGGTCGAATCT-1",0
"ACAGCCGGTTCACCTC-1",5.29160369951041
"ACAGCCGGTTCCACTC-1",0
"ACAGCCGTCCAGAAGG-1",11.7175934050393
"ACAGCCGTCTTTACAC-1",0
"ACAGCTAAGCACCGCT-1",0
"ACAGCTAAGTATCTCG-1",2.5855012251463
"ACAGCTAAGTGTTGAA-1",0
"ACAGCTACATCGTCGG-1",3.3634585170536
"ACAGCTAGTCGACTAT-1",0
"ACAGCTAGTGGTACAG-1",7.12280794392042
"ACAGCTATCACCACCT-1",5.26472327132648
"ACAGCTATCTGCTTGC-1",0
"ACATACGAGAGCTTCT-1",0
"ACATACGAGCGTAGTG-1",0
"ACATACGAGCTTCGCG-1",4.34323597977393
"ACATACGAGCTTTGGT-1",0
"ACATACGCAAACGTGG-1",4.84030710155419
"ACATACGCAAGCCTAT-1",0
"ACATACGCATCTCCCA-1",3.42530955528084
"ACATACGCATTCTCAT-1",0
"ACATACGGTAGGAGTC-1",0
"ACATACGGTGCACCAC-1",0
"ACATACGGTGGTTTCA-1",5.49647140322556
"ACATACGTCGTATCAG-1",2.67725509165873
"ACATCAGAGCCACTAT-1",3.36323805686612
"ACATCAGAGCCTTGAT-1",0
"ACATCAGCAACACCCG-1",0
"ACATCAGCAACGATGG-1",3.27725172804353
"ACATCAGCAATTGCTG-1",0
"ACATCAGCACCGGAAA-1",0
"ACATCAGCATAAAGGT-1",0
"ACATCAGCATCCCACT-1",0
"ACATCAGCATTTGCCC-1",5.2334074200738
"ACATCAGGTAAGGATT-1",3.24032336290975
"ACATCAGGTCCGTGAC-1",2.84268801377197
"ACATCAGGTTAAGTAG-1",0
"ACATCAGTCAAACCGT-1",3.05602789521809
"ACATGGTAGCATGGCA-1",0
"ACATGGTAGCTGTTCA-1",9.42397060681346
"ACATGGTCACTTGGAT-1",0
"ACATGGTGTCAGATAA-1",0
"ACATGGTGTCTGCGGT-1",0
"ACATGGTGTGCAACTT-1",0
"ACATGGTTCCGCAAGC-1",3.45241482899096
"ACATGGTTCCTCCTAG-1",2.81224474026215
"ACATGGTTCTGGAGCC-1",0
"ACATGGTTCTTCTGGC-1",6.38446101521483
"ACCAGTAAGATCACGG-1",0
"ACCAGTAAGCTTCGCG-1",0
"ACCAGTACACAGATTC-1",0
"ACCAGTACACAGGCCT-1",0
"ACCAGTACAGTATGCT-1",0
"ACCAGTACAGTCAGAG-1",4.50559917816656
"ACCAGTACAGTTTACG-1",4.30419229224743
"ACCAGTAGTCACCCAG-1",0
"ACCAGTAGTCCATCCT-1",0
"ACCAGTAGTCTTCAAG-1",0
"ACCAGTAGTGGACGAT-1",0
"ACCAGTATCTGCGACG-1",0
"ACCAGTATCTGCTTGC-1",0
"ACCAGTATCTGTTTGT-1",0
"ACCCACTAGAGGTTAT-1",3.18008890190809
"ACCCACTAGATCCCGC-1",0
"ACCCACTAGATGTGTA-1",2.75220617087461
"ACCCACTAGCCCAATT-1",2.70058036499577
"ACCCACTCAAGGGTCA-1",5.98451958094851
"ACCCACTCAAGGTTCT-1",0
"ACCCACTGTAAATGAC-1",0
"ACCCACTGTAGCCTCG-1",8.4807874222032
"ACCCACTGTCAAAGAT-1",3.87658160647658
"ACCCACTGTCAATACC-1",2.5855012251463
"ACCCACTGTGTGGTTT-1",0
"ACCCACTTCGCAAACT-1",0
"ACCCACTTCTGCCAGG-1",0
"ACCGTAACAATCGGTT-1",0
"ACCGTAACAATCTACG-1",5.01626033901312
"ACCGTAACAGGTCCAC-1",0
"ACCGTAAGTACAGCAG-1",0
"ACCGTAAGTCATGCAT-1",0
"ACCGTAAGTGAGTGAC-1",0
"ACCGTAAGTTAAGAAC-1",5.01626033901312
"ACCGTAAGTTCCGTCT-1",5.08761667758329
"ACCGTAATCACATAGC-1",3.91938537264163
"ACCGTAATCATGTGGT-1",0
"ACCGTAATCTGAAAGA-1",2.39155582030483
"ACCTTTACAATCGGTT-1",0
"ACCTTTACACGGACAA-1",0
"ACCTTTACAGCAGTTT-1",0
"ACCTTTACATGCAACT-1",2.39336217346739
"ACCTTTACATTTCAGG-1",2.81224474026215
"ACCTTTAGTGAACCTT-1",0
"ACCTTTAGTTCCACTC-1",0
"ACCTTTATCTCTAGGA-1",0
"ACGAGCCAGGCAGGTT-1",0
"ACGAGCCCACAGGCCT-1",2.67725509165873
"ACGAGCCCATGGAATA-1",5.55302491575152
"ACGAGCCGTGCACGAA-1",0
"ACGAGCCGTGTGACCC-1",0
"ACGAGCCGTTGGTTTG-1",3.23248392861446
"ACGAGCCTCAGTCCCT-1",0
"ACGAGCCTCGCAAACT-1",0
"ACGAGGACACTACAGT-1",11.7175934050393
"ACGAGGACATGTAGTC-1",0
"ACGAGGAGTACACCGC-1",0
"ACGAGGAGTGCCTGCA-1",0
"ACGAGGAGTTCTGAAC-1",5.50220992165327
"ACGAGGATCTGCGGCA-1",0
"ACGATACAGAGTGACC-1",0
"ACGATACAGCGCCTTG-1",0
"ACGATACCACGTTGGC-1",0
"ACGATACCATTGGGCC-1",2.65253965859836
"ACGATACGTCGAATCT-1",0
"ACGATACTCTGACCTC-1",0
"ACGATGTAGTGCGATG-1",0
"ACGATGTAGTTGAGAT-1",3.55476738498637
"ACGATGTCAACGCACC-1",0
"ACGATGTCACACGCTG-1",4.34323597977393
"ACGATGTGTATTCTCT-1",2.84268801377197
"ACGATGTGTCAGTGGA-1",5.55302491575152
"ACGATGTGTGACTACT-1",0
"ACGATGTGTGTCGCTG-1",0
"ACGATGTTCGCGTAGC-1",2.34293638851761
"ACGATGTTCTCTTATG-1",0
"ACGCAGCAGCGGCTTC-1",0
"ACGCAGCAGCTGCGAA-1",2.91171529010442
"ACGCAGCAGTGTACGG-1",0
"ACGCAGCCACCTCGTT-1",0
"ACGCAGCCATCGACGC-1",3.27725172804353
"ACGCAGCCATTACCTT-1",0
"ACGCAGCGTCCATGAT-1",8.09082961972751
"ACGCAGCGTCTACCTC-1",4.44447061177424
"ACGCAGCGTCTGGTCG-1",4.44024940435814
"ACGCAGCGTGCGATAG-1",0
"ACGCCAGCAAAGCAAT-1",3.66584180318512
"ACGCCAGCAACGCACC-1",0
"ACGCCAGCACGAGAGT-1",3.63622414840658
"ACGCCAGCAGTGAGTG-1",6.6933144556611
"ACGCCAGGTGCACTTA-1",0
"ACGCCAGGTGTGCGTC-1",3.67385180719951
"ACGCCAGTCACAGGCC-1",0
"ACGCCAGTCAGTGTTG-1",4.31606457834966
"ACGCCGAAGAAACGCC-1",0
"ACGCCGAAGATCTGCT-1",2.67725509165873
"ACGCCGACAGCCTGTG-1",0
"ACGCCGAGTTCCAACA-1",3.24032336290975
"ACGCCGATCCTATGTT-1",0
"ACGCCGATCGCAGGCT-1",4.50559917816657
"ACGCCGATCTTGTATC-1",0
"ACGGAGAAGCCAGTTT-1",0
"ACGGAGACACACATGT-1",5.49647140322556
"ACGGAGACAGCCTGTG-1",0
"ACGGAGACAGCGTAAG-1",0
"ACGGAGACAGTAAGCG-1",0
"ACGGAGAGTGTGACGA-1",0
"ACGGAGATCCACGAAT-1",0
"ACGGCCACACATCCAA-1",4.1081826381642
"ACGGCCACACATTCGA-1",0
"ACGGCCAGTACCGTAT-1",4.34323597977393
"ACGGCCAGTGTATGGG-1",0
"ACGGCCATCACGGTTA-1",0
"ACGGCCATCAGTGTTG-1",0
"ACGGCCATCTACTATC-1",0
"ACGGGCTAGGATCGCA-1",0
"ACGGGCTAGGTTCCTA-1",3.27725172804353
"ACGGGCTAGTGGCACA-1",0
"ACGGGCTCATCTGGTA-1",0
"ACGGGCTGTGAGGCTA-1",0
"ACGGGCTTCCGAACGC-1",4.59512792576462
"ACGGGTCAGATGCCAG-1",0
"ACGGGTCCATGATCCA-1",4.43290988686188
"ACGGGTCCATTAGGCT-1",0
"ACGGGTCCATTTCACT-1",0
"ACGGGTCGTTAGGGTG-1",4.23919906494726
"ACGGGTCTCAACACCA-1",8.02988778842039
"ACGGGTCTCCACGCAG-1",0
"ACGTCAAAGGGCTTCC-1",0
"ACGTCAAAGTGGTAAT-1",0
"ACGTCAACAACTGCGC-1",0
"ACGTCAACACAAGACG-1",0
"ACGTCAAGTAGCTCCG-1",3.18008890190809
"ACGTCAAGTGTCGCTG-1",5.2334074200738
"ACGTCAAGTTATGCGT-1",3.98315099751605
"ACGTCAATCAACCAAC-1",11.7175934050393
"ACGTCAATCATAACCG-1",3.94011948498366
"ACGTCAATCCAGAAGG-1",2.55908231308359
"ACGTCAATCTAACTCT-1",0
"ACTATCTAGAGGTTAT-1",0
"ACTATCTAGATACACA-1",5.55302491575152
"ACTATCTAGGAGTAGA-1",0
"ACTATCTAGGCATGTG-1",3.70436092167429
"ACTATCTCAAATACAG-1",2.49259563078473
"ACTATCTCAAATTGCC-1",0
"ACTATCTGTAGGGACT-1",0
"ACTATCTGTCGCGTGT-1",5.08196170116882
"ACTATCTGTGCACGAA-1",0
"ACTATCTGTGGTTTCA-1",0
"ACTATCTTCGCCGTGA-1",0
"ACTGAACAGAGTGAGA-1",0
"ACTGAACAGATCCCGC-1",0
"ACTGAACAGGTGATAT-1",5.26472327132648
"ACTGAACCAAAGCGGT-1",0
"ACTGAACCAAGCGAGT-1",0
"ACTGAACCAATTCCTT-1",8.09082961972751
"ACTGAACCAGCTGGCT-1",3.75639221031303
"ACTGAACCAGTCTTCC-1",0
"ACTGAACCATTACCTT-1",0
"ACTGAACGTAAGCACG-1",2.91171529010442
"ACTGAACGTAATCGTC-1",0
"ACTGAACGTCCAGTAT-1",0
"ACTGAACGTCTGATCA-1",0
"ACTGAACTCCCACTTG-1",3.57598083086021
"ACTGAGTAGCCGGTAA-1",0
"ACTGAGTCAGTGGGAT-1",0
"ACTGAGTCATTTGCCC-1",3.24355968711976
"ACTGAGTGTAGAGCTG-1",5.25470393986021
"ACTGAGTGTTGTGGCC-1",5.26472327132648
"ACTGAGTTCAGGTTCA-1",0
"ACTGATGAGACAGACC-1",0
"ACTGATGAGCGGATCA-1",4.1081826381642
"ACTGATGAGGTGCTTT-1",2.72037256000448
"ACTGATGCAGCAGTTT-1",0
"ACTGATGCATCACAAC-1",0
"ACTGATGGTCATGCAT-1",4.31606457834966
"ACTGATGTCACAATGC-1",4.64042860923031
"ACTGATGTCACTCCTG-1",0
"ACTGATGTCCCTGACT-1",3.66584180318512
"ACTGATGTCCGCTGTT-1",0
"ACTGATGTCCGGCACA-1",0
"ACTGATGTCCTATTCA-1",0
"ACTGCTCAGAGCTTCT-1",0
"ACTGCTCAGATGCCTT-1",0
"ACTGCTCCACACCGCA-1",3.0985411626489
"ACTGCTCCAGATGGGT-1",0
"ACTGCTCCATGCCTAA-1",2.67725509165873
"ACTGCTCGTAGGCATG-1",7.12280794392042
"ACTGCTCGTATCACCA-1",0
"ACTGCTCGTCCGAAGA-1",0
"ACTGCTCTCCGAGCCA-1",2.76923140590347
"ACTGTCCAGAGGGCTT-1",3.63622414840658
"ACTGTCCAGCAGCGTA-1",0
"ACTGTCCAGGCATGGT-1",0
"ACTGTCCCAAGGTTTC-1",4.84030710155419
"ACTGTCCCAAGTACCT-1",8.09082961972751
"ACTGTCCCAGTATCTG-1",0
"ACTGTCCCATAGAAAC-1",0
"ACTGTCCGTTGAGGTG-1",5.01982784419327
"ACTGTCCTCCACGTGG-1",5.55302491575152
"ACTGTCCTCCTTGGTC-1",0
"ACTGTCCTCTCTGTCG-1",7.00738730693745
"ACTTACTAGCGATAGC-1",0
"ACTTACTAGGGATGGG-1",0
"ACTTACTCACAGACAG-1",5.45269245974319
"ACTTACTCACATTTCT-1",0
"ACTTACTGTACTCAAC-1",0
"ACTTACTGTTCCACAA-1",0
"ACTTACTTCATCGGAT-1",0
"ACTTGTTAGACAAGCC-1",2.39155582030483
"ACTTGTTAGCTAGCCC-1",0
"ACTTGTTAGTTACCCA-1",0
"ACTTGTTCACGACGAA-1",0
"ACTTGTTCACGGCTAC-1",0
"ACTTGTTGTATCGCAT-1",0
"ACTTGTTGTGGTAACG-1",2.81224474026215
"ACTTGTTGTTGTGGAG-1",0
"ACTTGTTTCATCACCC-1",3.12990592084463
"ACTTTCACATGGTCAT-1",3.11358922033894
"ACTTTCAGTGACTACT-1",0
"ACTTTCATCGCCAGCA-1",0
"AGAATAGAGCTGAACG-1",4.23919906494726
"AGAATAGAGCTGTCTA-1",0
"AGAATAGAGGTAGCTG-1",0
"AGAATAGCATGGTCTA-1",2.83871864824185
"AGAATAGGTATTCTCT-1",3.05602789521809
"AGAATAGGTGCGGTAA-1",0
"AGAATAGGTTAAGAAC-1",0
"AGAATAGTCAGGCCCA-1",0
"AGACGTTAGAATGTGT-1",0
"AGACGTTAGCTCCTCT-1",2.99384638279349
"AGACGTTAGTGCCAGA-1",0
"AGACGTTCAGGATCGA-1",0
"AGACGTTGTAGCTGCC-1",3.45403997799484
"AGACGTTGTCTGCAAT-1",0
"AGACGTTGTTCTGTTT-1",2.67403644864988
"AGACGTTTCGCATGGC-1",5.50220992165327
"AGACGTTTCGCTTAGA-1",3.45241482899096
"AGAGCGACAACTTGAC-1",0
"AGAGCGACAAGTACCT-1",5.42237901649246
"AGAGCGACACAACGTT-1",0
"AGAGCGACATGAGCGA-1",0
"AGAGCGAGTCAGTGGA-1",3.29733224844314
"AGAGCGAGTCGACTGC-1",3.10071667981134
"AGAGCGAGTTGAGTTC-1",3.73095805470885
"AGAGCGATCGCGTAGC-1",8.4807874222032
"AGAGCGATCTATCCTA-1",0
"AGAGCGATCTCGCTTG-1",6.6933144556611
"AGAGCTTAGCCGTCGT-1",2.39155582030483
"AGAGCTTAGTACACCT-1",0
"AGAGCTTAGTCATGCT-1",3.63622414840658
"AGAGCTTGTAGAGCTG-1",0
"AGAGCTTGTATCACCA-1",3.47262846974629
"AGAGCTTTCACTATTC-1",0
"AGAGCTTTCCTGCAGG-1",0
"AGAGCTTTCGCAAACT-1",0
"AGAGCTTTCGCTTAGA-1",0
"AGAGTGGAGAGCCTAG-1",0
"AGAGTGGAGGCCCTTG-1",0
"AGAGTGGAGGTACTCT-1",0
"AGAGTGGCACAAGACG-1",0
"AGAGTGGCACCTCGTT-1",0
"AGAGTGGCATCCGGGT-1",3.95049927180759
"AGAGTGGCATCTGGTA-1",0
"AGAGTGGGTCAGCTAT-1",0
"AGAGTGGGTCCTCCAT-1",2.67403644864988
"AGAGTGGGTCTAGTCA-1",0
"AGAGTGGGTTACCGAT-1",0
"AGATCTGAGGTGGGTT-1",0
"AGATCTGAGTCAAGGC-1",3.36323805686612
"AGATCTGCAATGTTGC-1",0
"AGATCTGTCGAATCCA-1",3.26408422982051
"AGATCTGTCTGCAGTA-1",0
"AGATTGCAGGCTACGA-1",0
"AGATTGCCACGACGAA-1",0
"AGATTGCCAGATGGGT-1",0
"AGATTGCGTAGAGCTG-1",0
"AGATTGCGTGATGTCT-1",0
"AGATTGCGTGTTCGAT-1",0
"AGATTGCGTTCACGGC-1",0
"AGATTGCTCACTGGGC-1",6.79972526437236
"AGATTGCTCATCTGTT-1",0
"AGCAGCCAGCTGATAA-1",0
"AGCAGCCCACCGAAAG-1",0
"AGCAGCCGTCGACTGC-1",0
"AGCAGCCGTCGCTTTC-1",0
"AGCAGCCGTCTAACGT-1",6.38446101521483
"AGCAGCCGTGTGAAAT-1",3.50236812737226
"AGCAGCCGTTTGTTGG-1",0
"AGCAGCCTCCAAACAC-1",0
"AGCATACAGTGGTAGC-1",5.49647140322556
"AGCATACAGTTGTCGT-1",5.26472327132648
"AGCATACGTCTTCTCG-1",6.94128111788602
"AGCATACGTTAAGTAG-1",0
"AGCATACTCCGTTGCT-1",0
"AGCCTAAAGATATGGT-1",0
"AGCCTAACAAAGCGGT-1",0
"AGCCTAACAGATAATG-1",0
"AGCCTAAGTACGAAAT-1",0
"AGCCTAAGTCACCTAA-1",5.95044642560985
"AGCCTAAGTGTGCCTG-1",0
"AGCCTAATCACCCGAG-1",3.45241482899096
"AGCCTAATCCAATGGT-1",0
"AGCCTAATCCTTGGTC-1",2.38169038092219
"AGCCTAATCTGTGCAA-1",0
"AGCCTAATCTGTTTGT-1",0
"AGCGGTCAGCGAAGGG-1",0
"AGCGGTCAGGTACTCT-1",0
"AGCGGTCAGTGACTCT-1",0
"AGCGGTCCAGCCTTGG-1",0
"AGCGGTCGTCCTAGCG-1",0
"AGCGGTCGTGGTGTAG-1",0
"AGCGGTCGTTAAGGGC-1",3.47262846974629
"AGCGGTCGTTTGCATG-1",0
"AGCGGTCTCCGAAGAG-1",0
"AGCGGTCTCCTCAATT-1",5.50220992165327
"AGCGGTCTCTGGGCCA-1",0
"AGCGTATAGAACTGTA-1",3.86524436955263
"AGCGTATAGCGATGAC-1",0
"AGCGTATAGGTACTCT-1",0
"AGCGTATGTTGAGGTG-1",0
"AGCGTATTCCAGAGGA-1",3.63622414840658
"AGCGTCGAGTTGAGTA-1",0
"AGCGTCGCAGGGATTG-1",0
"AGCGTCGTCTGAAAGA-1",0
"AGCTCCTAGACCTAGG-1",0
"AGCTCCTAGCGTTTAC-1",0
"AGCTCCTGTGTTTGTG-1",0
"AGCTCCTGTTGTCTTT-1",0
"AGCTCCTTCCGAATGT-1",11.7175934050393
"AGCTCCTTCTTGACGA-1",0
"AGCTCTCAGCGGATCA-1",11.7175934050393
"AGCTCTCAGCTGTTCA-1",0
"AGCTCTCAGGTGCTAG-1",3.16738910247741
"AGCTCTCCATACAGCT-1",3.63622414840658
"AGCTCTCGTCAGAGGT-1",3.15584165871744
"AGCTCTCGTGGGTCAA-1",6.38446101521483
"AGCTCTCTCACAACGT-1",0
"AGCTCTCTCTTGACGA-1",0
"AGCTTGAAGCATCATC-1",0
"AGCTTGAAGTAGCGGT-1",5.69581250331418
"AGCTTGAAGTTGTCGT-1",0
"AGCTTGACAATCCAAC-1",0
"AGCTTGACACCGATAT-1",0
"AGCTTGAGTCTACCTC-1",0
"AGCTTGAGTGCGCTTG-1",0
"AGCTTGAGTTACGCGC-1",0
"AGCTTGATCCTGCCAT-1",0
"AGCTTGATCTGCAAGT-1",0
"AGGCCACAGAGTAAGG-1",3.24032336290975
"AGGCCACAGGGTCTCC-1",2.99384638279349
"AGGCCACAGTACTTGC-1",0
"AGGCCACCAGGACCCT-1",4.44447061177424
"AGGCCACCATCAGTCA-1",0
"AGGCCACTCATGCTCC-1",0
"AGGCCACTCATTGCGA-1",0
"AGGCCGTAGGATCGCA-1",0
"AGGCCGTCACGTAAGG-1",3.94354075117757
"AGGCCGTCAGCTCGAC-1",0
"AGGCCGTCATCGTCGG-1",0
"AGGCCGTTCACGGTTA-1",0
"AGGCCGTTCGAACTGT-1",0
"AGGCCGTTCTCAAGTG-1",0
"AGGCCGTTCTGCTTGC-1",0
"AGGGAGTAGCCCAACC-1",0
"AGGGAGTAGGAGTACC-1",2.99379584673205
"AGGGAGTAGGCAGGTT-1",5.82320824969561
"AGGGAGTCACGAGAGT-1",3.36323805686612
"AGGGAGTCAGAAGCAC-1",4.12509302083025
"AGGGAGTCAGATCCAT-1",3.3634585170536
"AGGGAGTCATCGACGC-1",0
"AGGGAGTCATGCTAGT-1",0
"AGGGAGTGTCCATGAT-1",7.12280794392042
"AGGGAGTTCATAACCG-1",0
"AGGGATGAGCTCTCGG-1",0
"AGGGATGAGGAGTAGA-1",3.63622414840658
"AGGGATGAGTAGCGGT-1",3.33929674783761
"AGGGATGCAATGAATG-1",2.84268801377197
"AGGGATGCAATGGAGC-1",0
"AGGGATGCACAAGACG-1",0
"AGGGATGCACATTTCT-1",4.84737107774817
"AGGGATGCATGGTCTA-1",0
"AGGGATGGTTAAAGTG-1",0
"AGGGATGGTTATGCGT-1",0
"AGGGATGTCGTGACAT-1",0
"AGGGTGAAGATGGCGT-1",2.83871864824185
"AGGGTGAAGATGGGTC-1",3.54805066395281
"AGGGTGAAGGCTCAGA-1",2.99384638279349
"AGGGTGACACGAGAGT-1",0
"AGGGTGACAGATGGCA-1",0
"AGGGTGACAGATTGCT-1",0
"AGGGTGAGTACTCTCC-1",0
"AGGGTGAGTTATCGGT-1",0
"AGGGTGAGTTCTGAAC-1",3.24355968711976
"AGGGTGATCTCGCTTG-1",5.01626033901312
"AGGTCATAGAGCCCAA-1",0
"AGGTCATAGCCAGAAC-1",3.74116849010407
"AGGTCATAGGCATGGT-1",0
"AGGTCATAGGGAGTAA-1",0
"AGGTCATCACTCAGGC-1",0
"AGGTCATCACTCTGTC-1",0
"AGGTCATGTTCCACTC-1",5.49647140322556
"AGGTCATTCTCGTTTA-1",0
"AGGTCCGAGGATGCGT-1",3.27725172804353
"AGGTCCGGTGATGCCC-1",0
"AGGTCCGTCCATGAAC-1",0
"AGGTCCGTCGCCCTTA-1",3.42530955528084
"AGGTCCGTCTGCGTAA-1",0
"AGTAGTCAGACTGTAA-1",4.69509498755224
"AGTAGTCAGTACGACG-1",0
"AGTAGTCAGTTTAGGA-1",5.55302491575152
"AGTAGTCCAACTGGCC-1",0
"AGTAGTCGTGCAGACA-1",0
"AGTAGTCTCACCCGAG-1",0
"AGTCTTTAGGCAGTCA-1",0
"AGTCTTTCAAATCCGT-1",3.94354075117757
"AGTCTTTCATATACCG-1",5.08129295262982
"AGTCTTTGTGCTTCTC-1",5.25470393986021
"AGTCTTTGTGTCCTCT-1",0
"AGTCTTTTCGCAGGCT-1",0
"AGTCTTTTCGCGTAGC-1",0
"AGTCTTTTCGCTAGCG-1",3.27725172804353
"AGTCTTTTCGCTTGTC-1",3.05602789521809
"AGTCTTTTCTGACCTC-1",0
"AGTGAGGAGATAGCAT-1",0
"AGTGAGGCAGGTGCCT-1",0
"AGTGAGGGTATGAAAC-1",0
"AGTGAGGGTCACTTCC-1",2.61375573973199
"AGTGAGGGTCGCGAAA-1",5.06485116601669
"AGTGAGGGTTATGTGC-1",0
"AGTGAGGTCTACTATC-1",2.67725509165873
"AGTGGGAAGCAGACTG-1",3.91938537264163
"AGTGGGACAAACGCGA-1",8.01465373179287
"AGTGGGACAAGCCGTC-1",0
"AGTGGGACACAGGAGT-1",0
"AGTGGGACACGAGAGT-1",5.08129295262982
"AGTGGGATCATCGATG-1",3.18008890190809
"AGTGGGATCCACGAAT-1",4.67702350984399
"AGTGGGATCCTGCAGG-1",0
"AGTGTCAAGAAGCCCA-1",4.69669383877154
"AGTGTCAAGCTAGTCT-1",0
"AGTGTCAAGTACGACG-1",0
"AGTGTCAAGTGAACAT-1",0
"AGTGTCACACCATCCT-1",0
"AGTGTCACAGTAAGCG-1",0
"AGTGTCACAGTGGAGT-1",5.08761667758329
"AGTGTCAGTAAACCTC-1",0
"AGTGTCAGTACAGCAG-1",0
"AGTGTCAGTCTCCACT-1",0
"AGTGTCAGTTTGACTG-1",3.27725172804353
"AGTGTCATCAAAGTAG-1",0
"AGTGTCATCCGTCAAA-1",5.01626033901312
"AGTGTCATCGTTACAG-1",5.912052363228
"AGTGTCATCTGTCAAG-1",0
"AGTTGGTAGACTGTAA-1",0
"AGTTGGTAGTACGCGA-1",0
"AGTTGGTCAAATTGCC-1",0
"AGTTGGTCAGGAATGC-1",5.67459997129161
"AGTTGGTCATGCGCAC-1",0
"AGTTGGTGTACCGTAT-1",3.24355968711976
"AGTTGGTGTATGCTTG-1",0
"AGTTGGTGTCAGGACA-1",4.31606457834966
"AGTTGGTGTTCAGACT-1",0
"AGTTGGTTCAGTACGT-1",0
"AGTTGGTTCCTCAACC-1",0
"AGTTGGTTCGTACCGG-1",0
"AGTTGGTTCTGTCCGT-1",8.09082961972751
"ATAACGCAGTTGAGTA-1",2.83871864824185
"ATAACGCCACGTGAGA-1",0
"ATAACGCGTGAACCTT-1",2.55908231308359
"ATAACGCGTGTCCTCT-1",0
"ATAACGCGTGTGAAAT-1",5.55302491575152
"ATAACGCTCTCCGGTT-1",2.55908231308359
"ATAAGAGAGTCCGGTC-1",0
"ATAAGAGCAACTGCGC-1",0
"ATAAGAGCAGTATCTG-1",0
"ATAAGAGGTGACGCCT-1",0
"ATAAGAGGTTAAAGTG-1",4.22576941380297
"ATAAGAGTCAGCACAT-1",2.99379584673205
"ATAAGAGTCAGTGCAT-1",0
"ATAGACCAGAGAGCTC-1",0
"ATAGACCAGCCCAATT-1",0
"ATAGACCCAAGCCATT-1",5.50220992165327
"ATAGACCCATCTGGTA-1",0
"ATAGACCGTATATGGA-1",0
"ATAGACCGTGGACGAT-1",0
"ATAGACCGTGGCGAAT-1",3.25213397797977
"ATAGACCGTTTCGCTC-1",0
"ATCACGAAGAACTCGG-1",2.39336217346739
"ATCACGAAGACACGAC-1",3.16738910247741
"ATCACGAAGTTACCCA-1",0
"ATCACGACAAGACACG-1",6.38446101521483
"ATCACGACAAGCGTAG-1",5.27770612452623
"ATCACGACACACATGT-1",5.95044642560985
"ATCACGACACCACCAG-1",0
"ATCACGACACGGTAAG-1",0
"ATCACGACAGCGAACA-1",0
"ATCACGATCCCGACTT-1",5.8821950352104
"ATCACGATCGGTGTCG-1",0
"ATCATCTAGCCTATGT-1",3.70436092167429
"ATCATCTAGGCCATAG-1",3.24355968711976
"ATCATCTAGTACTTGC-1",0
"ATCATCTCAGACGCCT-1",0
"ATCATCTCATCCGTGG-1",0
"ATCATCTGTATTACCG-1",3.85292614704328
"ATCATCTGTCACTTCC-1",3.9012691940535
"ATCATCTTCAGCGACC-1",0
"ATCATCTTCCTCAACC-1",0
"ATCATGGCAAGCGTAG-1",0
"ATCATGGCAAGGTTCT-1",3.47262846974629
"ATCATGGCACTACAGT-1",0
"ATCATGGGTAAGGGAA-1",0
"ATCATGGGTTGTGGCC-1",0
"ATCATGGTCAATAAGG-1",0
"ATCATGGTCCAATGGT-1",0
"ATCATGGTCGCCATAA-1",2.81224474026215
"ATCATGGTCGGTTAAC-1",5.23779709594506
"ATCCACCAGCTAGTCT-1",2.81224474026215
"ATCCACCAGGCTCTTA-1",0
"ATCCACCCAAACGTGG-1",0
"ATCCACCCAGTTAACC-1",0
"ATCCACCGTCCGAAGA-1",0
"ATCCACCGTTTGTTTC-1",0
"ATCCACCTCCTGCTTG-1",0
"ATCCACCTCCTTAATC-1",4.30419229224743
"ATCCACCTCTGGTATG-1",0
"ATCCGAAAGCGATGAC-1",0
"ATCCGAAAGCTAGGCA-1",4.30419229224743
"ATCCGAACAAACGTGG-1",0
"ATCCGAACAACAACCT-1",8.09082961972751
"ATCCGAACAAGGACTG-1",0
"ATCCGAACACCCATTC-1",0
"ATCCGAACACGGTAGA-1",8.24319479035824
"ATCCGAAGTAGCGCTC-1",0
"ATCCGAAGTCATTAGC-1",0
"ATCCGAAGTCTCTTAT-1",0
"ATCCGAATCCAACCAA-1",0
"ATCCGAATCCTTGACC-1",0
"ATCCGAATCTTGTCAT-1",0
"ATCGAGTAGACTTTCG-1",0
"ATCGAGTCATCCGGGT-1",0
"ATCGAGTGTCCCTTGT-1",0
"ATCGAGTGTCTCCCTA-1",5.55302491575152
"ATCGAGTTCATGCATG-1",0
"ATCGAGTTCCTGCCAT-1",0
"ATCTACTAGGTGTGGT-1",7.17192049192809
"ATCTACTCAGCTGTAT-1",2.73572202328162
"ATCTACTCAGTACACT-1",0
"ATCTACTCATGACATC-1",3.47262846974629
"ATCTACTGTAAGTAGT-1",0
"ATCTACTGTGTCGCTG-1",0
"ATCTACTTCCGCGTTT-1",0
"ATCTACTTCGCAAGCC-1",0
"ATCTACTTCTATCGCC-1",2.67725509165873
"ATCTACTTCTCTAAGG-1",0
"ATCTGCCAGGCTCAGA-1",2.49259563078473
"ATCTGCCGTACAGTTC-1",0
"ATCTGCCGTTGTGGAG-1",11.7175934050393
"ATCTGCCTCAGAGACG-1",7.12280794392042
"ATCTGCCTCAGCTGGC-1",0
"ATCTGCCTCGTACGGC-1",0
"ATCTGCCTCTCGAGTA-1",3.23056400890336
"ATCTGCCTCTGAGTGT-1",2.49259563078473
"ATCTGCCTCTTGTATC-1",0
"ATGAGGGAGGTCGGAT-1",0
"ATGAGGGCATGACGGA-1",5.63398996367675
"ATGAGGGCATTAGGCT-1",0
"ATGAGGGTCACATGCA-1",8.4807874222032
"ATGAGGGTCAGTCCCT-1",0
"ATGCGATAGTCAATAG-1",0
"ATGCGATCATGTTGAC-1",0
"ATGCGATGTGCAGTAG-1",4.09511326997634
"ATGCGATGTGCATCTA-1",3.95049927180759
"ATGCGATTCCCAAGAT-1",11.7175934050393
"ATGCGATTCGCCATAA-1",3.25213397797977
"ATGGGAGAGCAATATG-1",3.63622414840658
"ATGGGAGAGCCACGCT-1",3.1255462014326
"ATGGGAGAGGTGATAT-1",8.01465373179287
"ATGGGAGCACCAGGTC-1",5.06485116601669
"ATGGGAGCACTATCTT-1",5.01626033901312
"ATGGGAGCAGCATACT-1",0
"ATGGGAGCATAGAAAC-1",3.48833907651739
"ATGGGAGCATTACCTT-1",0
"ATGTGTGAGCGAAGGG-1",0
"ATGTGTGAGGGTTTCT-1",0
"ATGTGTGAGTTGAGTA-1",0
"ATGTGTGCACGGCGTT-1",0
"ATGTGTGCACGGTTTA-1",0
"ATGTGTGCAGTATAAG-1",0
"ATGTGTGTCACGCGGT-1",0
"ATTACTCAGATGTGTA-1",2.70058036499577
"ATTACTCAGCGTAATA-1",3.94011948498366
"ATTACTCAGGTGCACA-1",0
"ATTACTCAGTGAAGTT-1",3.85292614704328
"ATTACTCCAAACTGTC-1",0
"ATTACTCCACCATCCT-1",0
"ATTACTCCAGACTCGC-1",3.23056400890336
"ATTACTCCATATGCTG-1",4.43290988686188
"ATTACTCCATCGGTTA-1",0
"ATTACTCCATTGCGGC-1",2.61375573973199
"ATTACTCGTTAAAGAC-1",0
"ATTACTCTCCGAACGC-1",2.81224474026215
"ATTATCCAGAGTACCG-1",0
"ATTATCCAGCTTATCG-1",3.55476738498637
"ATTATCCCACAAGCCC-1",0
"ATTATCCCATATGAGA-1",0
"ATTATCCCATCTGGTA-1",4.50559917816656
"ATTATCCGTCGTTGTA-1",0
"ATTATCCGTCTCTCTG-1",6.38446101521483
"ATTATCCTCAACGGGA-1",0
"ATTATCCTCCGCGCAA-1",0
"ATTATCCTCTCCGGTT-1",5.69581250331418
"ATTCTACGTCACTTCC-1",0
"ATTCTACGTCTAGTCA-1",0
"ATTCTACGTTGTCGCG-1",0
"ATTGGACAGCAGATCG-1",2.73028501276063
"ATTGGACAGGGCATGT-1",3.94011948498366
"ATTGGACAGTGGACGT-1",0
"ATTGGACCAAGACACG-1",0
"ATTGGACGTAATAGCA-1",4.1171893143171
"ATTGGACTCCTGCTTG-1",0
"ATTGGACTCGGCGCAT-1",0
"ATTGGACTCGTTTGCC-1",0
"ATTGGTGAGAATGTTG-1",0
"ATTGGTGCAAGCTGAG-1",0
"ATTGGTGCAGCAGTTT-1",0
"ATTGGTGGTTGAGTTC-1",0
"ATTGGTGTCAAAGTAG-1",0
"ATTGGTGTCGGAAACG-1",8.09082961972751
"ATTTCTGAGGGATACC-1",3.85292614704328
"ATTTCTGAGGGATCTG-1",0
"ATTTCTGAGGTGTTAA-1",0
"ATTTCTGAGTCGAGTG-1",0
"ATTTCTGAGTTCGCAT-1",0
"ATTTCTGCAAGGTGTG-1",0
"ATTTCTGGTAGCTCCG-1",2.83871864824185
"ATTTCTGGTGCACGAA-1",2.75108279652461
"ATTTCTGGTTGCCTCT-1",0
"ATTTCTGTCAAAGTAG-1",7.45233889033061
"ATTTCTGTCAGCTCGG-1",6.6933144556611
"ATTTCTGTCTTGGGTA-1",0
"CAACCAAAGAAACGCC-1",0
"CAACCAAAGAGGGCTT-1",4.30419229224743
"CAACCAAAGCTGAAAT-1",2.81224474026215
"CAACCAAAGGACAGCT-1",0
"CAACCAAAGGGAGTAA-1",0
"CAACCAACATACGCTA-1",5.69581250331418
"CAACCTCAGTAATCCC-1",3.24032336290975
"CAACCTCCAGACGCAA-1",0
"CAACCTCGTGAGTGAC-1",0
"CAACCTCGTTCCACGG-1",4.31606457834966
"CAACCTCTCATACGGT-1",0
"CAACCTCTCCGATATG-1",0
"CAACCTCTCCTTTACA-1",0
"CAACCTCTCTCTAGGA-1",0
"CAACTAGAGAATAGGG-1",5.82320824969561
"CAACTAGAGGATGCGT-1",0
"CAACTAGCACCATCCT-1",3.66584180318512
"CAACTAGCAGACTCGC-1",0
"CAACTAGCAGTTCATG-1",3.73076145129584
"CAACTAGGTACGCACC-1",0
"CAACTAGTCAGGCCCA-1",0
"CAAGAAAAGAAGGACA-1",0
"CAAGAAAAGACGCACA-1",0
"CAAGAAAAGGCCCTTG-1",3.73076145129584
"CAAGAAAAGGTGATAT-1",4.09511326997634
"CAAGAAAAGTCGATAA-1",0
"CAAGAAAAGTGGAGTC-1",5.06485116601669
"CAAGAAAAGTGTACCT-1",0
"CAAGAAACACGGTGTC-1",5.55302491575152
"CAAGAAATCTGCTTGC-1",2.55908231308359
"CAAGATCAGCTGAAAT-1",0
"CAAGATCGTAAGAGGA-1",6.38446101521483
"CAAGATCGTGCCTTGG-1",0
"CAAGATCTCAACACCA-1",0
"CAAGATCTCTCGATGA-1",0
"CAAGGCCAGGAGTCTG-1",0
"CAAGGCCAGGCTATCT-1",5.06485116601669
"CAAGGCCCACGGTAAG-1",5.50220992165327
"CAAGGCCCATGTTCCC-1",0
"CAAGGCCGTCCGTCAG-1",4.34323597977393
"CAAGGCCTCAACGGGA-1",0
"CAAGGCCTCCTTGACC-1",2.39155582030483
"CAAGGCCTCGTGACAT-1",0
"CAAGTTGAGACAGGCT-1",6.82135403061636
"CAAGTTGAGATGTCGG-1",0
"CAAGTTGAGCGTCAAG-1",0
"CAAGTTGAGCGTTTAC-1",0
"CAAGTTGCACATTAGC-1",0
"CAAGTTGCACGCTTTC-1",0
"CAAGTTGCACGGTGTC-1",4.08561243759368
"CAAGTTGCATTCTTAC-1",5.49647140322556
"CAAGTTGGTACTCAAC-1",0
"CAAGTTGGTCAGGACA-1",0
"CAAGTTGGTCGGCACT-1",2.5855012251463
"CAAGTTGTCAACGAAA-1",2.70058036499577
"CAAGTTGTCACCACCT-1",3.66584180318512
"CAAGTTGTCATTGCCC-1",0
"CAAGTTGTCGAATCCA-1",0
"CAAGTTGTCTACTTAC-1",0
"CACAAACAGGGCTCTC-1",0
"CACAAACAGGGCTTGA-1",3.57085279263339
"CACAAACAGTGACATA-1",0
"CACAAACCAACTGCGC-1",0
"CACAAACCAATAAGCA-1",3.57598083086021
"CACAAACCAATCAGAA-1",0
"CACAAACCACTTAACG-1",3.46908284924617
"CACAAACCATGAACCT-1",3.73095805470885
"CACAAACCATGGTCAT-1",0
"CACAAACGTCAACTGT-1",0
"CACAAACGTCAGAATA-1",0
"CACAAACTCTTCGGTC-1",0
"CACAAACTCTTGGGTA-1",2.55908231308359
"CACACAAAGCGACGTA-1",0
"CACACAAAGGGAGTAA-1",2.49259563078473
"CACACAACAAACGTGG-1",0
"CACACAACACATGACT-1",0
"CACACAACATCGATTG-1",0
"CACACAACATTGGGCC-1",0
"CACACAAGTACGACCC-1",0
"CACACAAGTCAGTGGA-1",0
"CACACAAGTCATCGGC-1",0
"CACACAAGTTTACTCT-1",3.55476738498637
"CACACAATCCACGTGG-1",0
"CACACAATCCACGTTC-1",3.94011948498366
"CACACAATCGGCGCAT-1",0
"CACACCTAGAGACTAT-1",3.47510673188752
"CACACCTAGGACATTA-1",3.8022283839774
"CACACCTAGTGTGAAT-1",5.47094951833405
"CACACCTCACTGAAGG-1",2.81224474026215
"CACACCTCATAGGATA-1",3.36323805686612
"CACACCTCATAGTAAG-1",2.39336217346739
"CACACCTCATTGGGCC-1",2.73028501276063
"CACACCTGTACAGCAG-1",0
"CACACCTGTACCGCTG-1",0
"CACACCTGTCCAAGTT-1",0
"CACACCTGTGGACGAT-1",0
"CACACCTGTGGTCTCG-1",3.27112454009154
"CACACCTTCATGTCTT-1",6.79972526437236
"CACACCTTCTGGCGAC-1",5.06485116601669
"CACACTCAGGGAAACA-1",2.39336217346739
"CACACTCCAACACCTA-1",3.49949138711476
"CACACTCCAAGGGTCA-1",3.9012691940535
"CACACTCGTGACGCCT-1",0
"CACACTCGTTTGTGTG-1",0
"CACAGGCAGCCATCGC-1",0
"CACAGGCAGGGATGGG-1",4.1081826381642
"CACAGGCCAAGAGTCG-1",0
"CACAGGCCAATGGAGC-1",0
"CACAGGCGTCTAGGTT-1",0
"CACAGGCGTTACGCGC-1",2.99379584673205
"CACAGGCTCGGGAGTA-1",0
"CACAGGCTCTATGTGG-1",0
"CACAGTAAGACGCAAC-1",0
"CACAGTAAGACGCACA-1",0
"CACAGTAAGTGGGCTA-1",0
"CACAGTACAACTGGCC-1",0
"CACAGTACATCGGACC-1",0
"CACAGTAGTTCCATGA-1",3.24355968711976
"CACATAGAGCCCAATT-1",0
"CACATAGAGTGTACTC-1",0
"CACATAGCACTTCTGC-1",6.79972526437236
"CACATAGCAGGGTATG-1",3.15468428196714
"CACATAGTCCTTGCCA-1",0
"CACATAGTCGGCGCAT-1",3.27725172804353
"CACATTTAGCAGATCG-1",0
"CACATTTAGGGCACTA-1",3.94011948498366
"CACATTTCACGGCGTT-1",3.45241482899096
"CACATTTCATTACCTT-1",0
"CACATTTGTCGAACAG-1",0
"CACATTTGTGTTGAGG-1",4.22576941380297
"CACATTTTCCAGAGGA-1",0
"CACATTTTCCGCATCT-1",0
"CACATTTTCTACTATC-1",0
"CACATTTTCTGTGCAA-1",0
"CACCACTAGCCACGTC-1",0
"CACCACTAGTGGTAAT-1",0
"CACCACTAGTTACCCA-1",0
"CACCACTCAAGCCCAC-1",0
"CACCACTCAGTTCATG-1",0
"CACCACTGTTATTCTC-1",0
"CACCACTTCACCGGGT-1",0
"CACCACTTCGAATCCA-1",0
"CACCACTTCGACCAGC-1",3.27725172804353
"CACCACTTCTAACCGA-1",4.31606457834966
"CACCACTTCTTTAGTC-1",0
"CACCAGGCACATTAGC-1",3.24355968711976
"CACCAGGCACTGCCAG-1",0
"CACCAGGCATAAAGGT-1",0
"CACCAGGCATGAACCT-1",4.12509302083025
"CACCAGGGTGAAATCA-1",5.48259333492198
"CACCAGGGTGTTTGGT-1",0
"CACCAGGGTTATCACG-1",0
"CACCAGGTCATGTAGC-1",2.66970453262421
"CACCAGGTCTGCTTGC-1",0
"CACCTTGAGACTTGAA-1",2.99384638279349
"CACCTTGAGTCAATAG-1",3.95049927180759
"CACCTTGCAGGCGATA-1",0
"CACCTTGCATTCCTGC-1",0
"CACCTTGGTCATTAGC-1",0
"CACCTTGGTGATGTCT-1",3.1255462014326
"CACCTTGGTTATGTGC-1",3.27725172804353
"CACCTTGTCAACCATG-1",0
"CACCTTGTCATTATCC-1",0
"CACCTTGTCCAAAGTC-1",5.63398996367675
"CACCTTGTCTCACATT-1",0
"CACTCCAAGACAAGCC-1",0
"CACTCCAAGGTACTCT-1",0
"CACTCCACAATGGACG-1",0
"CACTCCAGTACATGTC-1",3.95666264401844
"CACTCCAGTTGTCGCG-1",5.25470393986021
"CACTCCATCAACACAC-1",3.48833907651739
"CACTCCATCCCAGGTG-1",0
"CAGAATCAGAAACCTA-1",0
"CAGAATCAGCCAACAG-1",2.67403644864988
"CAGAATCAGCTGGAAC-1",0
"CAGAATCAGGACTGGT-1",0
"CAGAATCAGTATCGAA-1",3.24355968711976
"CAGAATCCACAGAGGT-1",3.74116849010407
"CAGAATCCAGGGTACA-1",0
"CAGAATCGTAAGTGTA-1",9.42397060681346
"CAGAATCGTAATCACC-1",5.38308255557359
"CAGAATCTCAGTTTGG-1",0
"CAGAATCTCGCAAGCC-1",0
"CAGAATCTCGGTCCGA-1",4.31606457834966
"CAGAATCTCTTGCAAG-1",0
"CAGAATCTCTTGTACT-1",3.78359616110731
"CAGAGAGAGAATTGTG-1",5.01626033901312
"CAGAGAGAGCAATATG-1",0
"CAGAGAGCAAGAAGAG-1",0
"CAGAGAGCACCAGATT-1",0
"CAGAGAGGTAATCACC-1",2.49259563078473
"CAGAGAGGTAGCTGCC-1",0
"CAGAGAGGTAGGACAC-1",3.63622414840658
"CAGAGAGGTATAGGGC-1",4.44447061177424
"CAGAGAGGTCCGAATT-1",0
"CAGAGAGGTTGAGGTG-1",0
"CAGAGAGTCACCCGAG-1",0
"CAGAGAGTCATAACCG-1",0
"CAGAGAGTCCGAACGC-1",5.25470393986021
"CAGAGAGTCTGGTATG-1",5.38308255557359
"CAGATCAAGAGACGAA-1",2.65253965859836
"CAGATCAAGCACCGTC-1",0
"CAGATCAAGCTTCGCG-1",0
"CAGATCAAGGATTCGG-1",0
"CAGATCAAGTGTACCT-1",0
"CAGATCAAGTTTAGGA-1",0
"CAGATCACAATAACGA-1",0
"CAGATCACACACCGAC-1",0
"CAGATCACACGGTAAG-1",0
"CAGATCACACTCTGTC-1",0
"CAGATCACAGCATACT-1",3.12990592084463
"CAGATCACAGTGGGAT-1",2.67725509165873
"CAGATCAGTACCAGTT-1",2.61375573973199
"CAGATCAGTGCGGTAA-1",0
"CAGATCATCTGATTCT-1",5.50220992165327
"CAGCAGCAGATGCCAG-1",0
"CAGCAGCAGGGAACGG-1",2.39155582030483
"CAGCAGCCACCTATCC-1",0
"CAGCAGCCATCACAAC-1",0
"CAGCAGCTCAACACTG-1",2.55908231308359
"CAGCAGCTCGAACTGT-1",0
"CAGCAGCTCGCCGTGA-1",5.29160369951041
"CAGCATAAGAGACGAA-1",3.3634585170536
"CAGCATAGTCTAGGTT-1",0
"CAGCATAGTTTACTCT-1",5.26472327132648
"CAGCATATCACGAAGG-1",0
"CAGCATATCAGGCAAG-1",0
"CAGCATATCCTTAATC-1",2.99379584673205
"CAGCCGAAGCATCATC-1",7.45233889033061
"CAGCCGAAGTTTCCTT-1",0
"CAGCCGACACGTGAGA-1",0
"CAGCCGACATCAGTCA-1",3.48833907651739
"CAGCCGAGTGATGTCT-1",0
"CAGCCGATCACCAGGC-1",0
"CAGCCGATCCTCAATT-1",0
"CAGCGACAGAAACGCC-1",6.38446101521483
"CAGCGACAGCGTCAAG-1",8.09082961972751
"CAGCGACCAAACGTGG-1",0
"CAGCGACCAAAGCGGT-1",3.47262846974629
"CAGCGACCACGTCAGC-1",0
"CAGCGACCATGGGACA-1",0
"CAGCGACGTCTGATTG-1",0
"CAGCGACGTGGACGAT-1",2.55908231308359
"CAGCGACGTGGTTTCA-1",0
"CAGCGACGTTCGGCAC-1",0
"CAGCGACTCCGCAAGC-1",0
"CAGCGACTCTGGGCCA-1",0
"CAGCTAAAGATGTGTA-1",0
"CAGCTAAAGCAGACTG-1",0
"CAGCTAAAGCTGTTCA-1",2.69991722900055
"CAGCTAAAGGAGCGTT-1",0
"CAGCTAACACAGATTC-1",0
"CAGCTAACATCAGTAC-1",0
"CAGCTAAGTAATCGTC-1",0
"CAGCTAAGTCTCACCT-1",9.42397060681346
"CAGCTAAGTTCGTCTC-1",2.70058036499577
"CAGCTAATCCACGCAG-1",0
"CAGCTAATCCCTAACC-1",0
"CAGCTAATCTGGTTCC-1",3.23248392861446
"CAGCTAATCTTAGCCC-1",3.11358922033894
"CAGCTAATCTTCGGTC-1",2.84268801377197
"CAGCTGGAGACACTAA-1",5.49647140322556
"CAGCTGGAGATCCTGT-1",0
"CAGCTGGCACCAACCG-1",0
"CAGCTGGCAGTGGAGT-1",0
"CAGCTGGCATGCATGT-1",2.70058036499577
"CAGCTGGTCTACCTGC-1",0
"CAGGTGCAGAGACGAA-1",3.05602789521809
"CAGGTGCAGATCCTGT-1",7.45233889033061
"CAGGTGCAGGCATGTG-1",0
"CAGGTGCCAGGAACGT-1",3.94011948498366
"CAGGTGCCATAGTAAG-1",3.57085279263339
"CAGGTGCCATCGGAAG-1",0
"CAGGTGCTCAGTTGAC-1",0
"CAGGTGCTCCAAGTAC-1",3.23248392861446
"CAGGTGCTCTTGTATC-1",0
"CAGTAACAGATATGGT-1",0
"CAGTAACAGATGGCGT-1",2.99379584673205
"CAGTAACCAATCACAC-1",3.36323805686612
"CAGTAACCACTCGACG-1",0
"CAGTAACGTGATAAGT-1",6.44759306732375
"CAGTAACGTGCACCAC-1",0
"CAGTAACTCAGAGGTG-1",5.06485116601669
"CAGTAACTCGTACGGC-1",0
"CAGTAACTCGTGACAT-1",5.18938661924325
"CAGTAACTCTGCCAGG-1",0
"CAGTCCTAGAATCTCC-1",0
"CAGTCCTAGATCTGCT-1",0
"CAGTCCTCAGTATAAG-1",4.59512792576462
"CAGTCCTTCAACACGT-1",0
"CAGTCCTTCCATGAGT-1",0
"CAGTCCTTCCCGACTT-1",3.48833907651739
"CAGTCCTTCCCTTGTG-1",0
"CAGTCCTTCGAACGGA-1",0
"CAGTCCTTCGGTTCGG-1",4.34323597977393
"CAGTCCTTCTACTTAC-1",0
"CATATGGAGAGATGAG-1",0
"CATATGGAGGCATGGT-1",0
"CATATGGAGTATTGGA-1",3.25213397797977
"CATATGGCAAGCGTAG-1",0
"CATATGGGTCGCATAT-1",0
"CATATGGTCATTATCC-1",0
"CATATGGTCATTGCGA-1",2.39336217346739
"CATATTCCACCACCAG-1",8.4807874222032
"CATATTCGTGACTACT-1",4.30419229224743
"CATATTCGTGGTACAG-1",0
"CATATTCGTGTGACGA-1",0
"CATATTCTCACAGGCC-1",0
"CATATTCTCGCAAACT-1",5.12370585630135
"CATCAAGAGAACTCGG-1",0
"CATCAAGAGATGGCGT-1",0
"CATCAAGAGCCGCCTA-1",0
"CATCAAGCACGAAACG-1",4.1171893143171
"CATCAAGCAGCCTTTC-1",0
"CATCAAGCATGGAATA-1",4.85453282548698
"CATCAAGGTTACTGAC-1",0
"CATCAAGGTTCCATGA-1",3.63622414840658
"CATCAAGTCTAAGCCA-1",0
"CATCAAGTCTGACCTC-1",4.34323597977393
"CATCAGAAGCTAGTCT-1",6.36933392666167
"CATCAGACAAGCCATT-1",0
"CATCAGACAATGACCT-1",5.69581250331418
"CATCAGACACGGCCAT-1",0
"CATCAGACAGACAGGT-1",3.0985411626489
"CATCAGACATAACCTG-1",0
"CATCAGAGTAATTGGA-1",0
"CATCAGAGTACATGTC-1",3.66584180318512
"CATCAGAGTGTTAAGA-1",4.60179217096341
"CATCAGAGTTCAACCA-1",4.31606457834966
"CATCAGATCGTTGACA-1",0
"CATCCACGTAAAGTCA-1",2.81224474026215
"CATCCACGTACCGTAT-1",2.99379584673205
"CATCCACGTGCCTGTG-1",0
"CATCCACGTTTAAGCC-1",0
"CATCGAAAGAGTACAT-1",0
"CATCGAAAGCTGTCTA-1",4.31606457834966
"CATCGAACAAGAGGCT-1",0
"CATCGAACAAGCTGAG-1",0
"CATCGAACACATTTCT-1",0
"CATCGAACATAAAGGT-1",3.1255462014326
"CATCGAAGTAGTACCT-1",8.01465373179287
"CATCGAAGTCCGACGT-1",0
"CATCGAAGTGCACTTA-1",3.57598083086021
"CATCGAATCAAACCAC-1",3.9124244717232
"CATCGAATCCGCGGTA-1",3.94354075117757
"CATCGAATCCGTAGTA-1",0
"CATCGGGAGAAGCCCA-1",0
"CATCGGGAGCGAGAAA-1",0
"CATCGGGAGGGTGTGT-1",8.01465373179287
"CATCGGGAGGTGTTAA-1",5.48259333492198
"CATCGGGAGTGACTCT-1",3.9012691940535
"CATCGGGCACTCAGGC-1",7.45233889033061
"CATCGGGCAGACGCTC-1",0
"CATCGGGCATCACAAC-1",0
"CATCGGGGTCCTCTTG-1",7.35131998943318
"CATCGGGGTGAGGGAG-1",3.20963258199694
"CATCGGGGTTCGAATC-1",4.60179217096341
"CATCGGGTCAGGATCT-1",3.66584180318512
"CATCGGGTCCACGAAT-1",0
"CATCGGGTCGATGAGG-1",7.45233889033061
"CATGACAAGACCACGA-1",0
"CATGACAAGCTCCTCT-1",0
"CATGACAAGTAACCCT-1",0
"CATGACAAGTATCTCG-1",0
"CATGACAGTCGTCTTC-1",5.69581250331418
"CATGACAGTGAACCTT-1",2.68042063714134
"CATGACATCAATAAGG-1",0
"CATGACATCTAACTGG-1",2.83871864824185
"CATGCCTAGACCTAGG-1",0
"CATGCCTAGAGTCTGG-1",0
"CATGCCTCACCACCAG-1",0
"CATGCCTGTCAAAGCG-1",0
"CATGCCTGTCGATTGT-1",0
"CATGCCTTCCACGACG-1",0
"CATGCCTTCCTCATTA-1",0
"CATGCCTTCGCATGAT-1",0
"CATGGCGAGAGCTGGT-1",0
"CATGGCGAGTACGACG-1",0
"CATGGCGTCCAAAGTC-1",0
"CATGGCGTCCCTTGTG-1",0
"CATGGCGTCGGCCGAT-1",4.29561905228481
"CATGGCGTCTCAAACG-1",3.48833907651739
"CATGGCGTCTGCCCTA-1",0
"CATTATCAGACCCACC-1",0
"CATTATCAGTCCCACG-1",0
"CATTATCCAAGTCTGT-1",7.35131998943318
"CATTATCCAGGGCATA-1",0
"CATTATCGTCAATGTC-1",0
"CATTATCTCACAAACC-1",3.9124244717232
"CATTATCTCAGATAAG-1",0
"CATTATCTCGCGTTTC-1",0
"CATTATCTCGTTGCCT-1",0
"CATTATCTCTATCCCG-1",2.49259563078473
"CATTATCTCTTAACCT-1",3.48833907651739
"CATTCGCAGGTGCTAG-1",3.23248392861446
"CATTCGCCAAGGGTCA-1",5.08196170116882
"CATTCGCCAGCCTATA-1",0
"CATTCGCCATACAGCT-1",0
"CATTCGCCATGGATGG-1",9.42397060681346
"CATTCGCCATGTCTCC-1",3.12990592084463
"CATTCGCCATTCACTT-1",4.31606457834966
"CATTCGCGTAGCACGA-1",0
"CATTCGCTCATCACCC-1",3.64189710747773
"CCAATCCAGACCACGA-1",0
"CCAATCCAGATATGGT-1",0
"CCAATCCAGTCGAGTG-1",0
"CCAATCCAGTCGTTTG-1",0
"CCAATCCAGTTTAGGA-1",0
"CCAATCCCAAGCGAGT-1",2.76923140590347
"CCAATCCTCGGACAAG-1",3.55476738498637
"CCACCTAAGGATGGTC-1",0
"CCACCTAAGTCGAGTG-1",0
"CCACCTAAGTGGGATC-1",0
"CCACCTAAGTGTGGCA-1",0
"CCACCTACAACAACCT-1",3.68383820997636
"CCACCTACAAGCCGCT-1",0
"CCACCTACAATCTACG-1",0
"CCACCTAGTAGTACCT-1",3.48833907651739
"CCACCTAGTCGCGTGT-1",5.18938661924325
"CCACCTAGTGGGTCAA-1",0
"CCACCTATCAGTTGAC-1",0
"CCACCTATCTGATACG-1",0
"CCACGGAAGGGAACGG-1",3.16738910247741
"CCACGGACATGTCGAT-1",3.92894766364843
"CCACGGAGTAAGGGCT-1",0
"CCACGGAGTCAGATAA-1",0
"CCACGGAGTCCGTGAC-1",0
"CCACGGAGTGTAATGA-1",0
"CCACGGAGTTCTGAAC-1",3.0985411626489
"CCACGGATCACATAGC-1",3.95666264401844
"CCACGGATCCACGTGG-1",0
"CCACGGATCTACTATC-1",0
"CCACGGATCTAGAGTC-1",9.42397060681346
"CCACTACAGAGTACCG-1",0
"CCACTACAGCTTTGGT-1",2.49259563078473
"CCACTACCAGCAGTTT-1",5.29160369951041
"CCACTACCAGTAGAGC-1",0
"CCACTACGTCCGAATT-1",0
"CCACTACGTCTCAACA-1",0
"CCACTACGTGACAAAT-1",5.49647140322556
"CCACTACGTGACCAAG-1",0
"CCACTACGTGCACGAA-1",0
"CCACTACTCACTCTTA-1",0
"CCACTACTCCGCATCT-1",0
"CCACTACTCGGAAATA-1",5.23779709594506
"CCACTACTCTCGTATT-1",0
"CCACTACTCTCGTTTA-1",0
"CCAGCGAAGCCCAACC-1",0
"CCAGCGACATCGGGTC-1",0
"CCAGCGACATGTCCTC-1",0
"CCAGCGAGTAGGCATG-1",0
"CCAGCGAGTCCGTTAA-1",6.79972526437236
"CCAGCGATCAGAAATG-1",0
"CCATGTCAGCGATCCC-1",0
"CCATGTCAGGTCGGAT-1",0
"CCATGTCAGGTTACCT-1",0
"CCATGTCCAAGCTGGA-1",0
"CCATGTCCACATCCGG-1",0
"CCATGTCGTCCAGTAT-1",0
"CCATGTCTCCAAGTAC-1",4.29561905228481
"CCATGTCTCTTGTATC-1",0
"CCATTCGCAGTACACT-1",3.24355968711976
"CCATTCGCAGTTTACG-1",0
"CCATTCGGTAATCGTC-1",3.15468428196714
"CCATTCGGTATTACCG-1",5.50220992165327
"CCCAATCAGTCACGCC-1",4.08561243759368
"CCCAATCCAGGTGGAT-1",0
"CCCAATCGTGAAGGCT-1",0
"CCCAATCGTTGGAGGT-1",0
"CCCAATCTCACATGCA-1",8.4807874222032
"CCCAATCTCCAGTATG-1",0
"CCCAATCTCGGAGCAA-1",0
"CCCAGTTAGAATAGGG-1",0
"CCCAGTTAGATCCCGC-1",0
"CCCAGTTAGCGTGAAC-1",0
"CCCAGTTAGGAATCGC-1",6.24746552329532
"CCCAGTTAGTCCGGTC-1",7.35131998943318
"CCCAGTTAGTTTGCGT-1",0
"CCCAGTTGTACATGTC-1",0
"CCCAGTTGTCTGCAAT-1",2.76453960840932
"CCCAGTTTCTGAAAGA-1",4.09511326997634
"CCCATACAGGGTTCCC-1",0
"CCCATACAGTGTTTGC-1",0
"CCCATACCAAAGGTGC-1",0
"CCCATACCAACACCCG-1",0
"CCCATACCAGCAGTTT-1",0
"CCCATACGTATTACCG-1",0
"CCCATACGTCAATACC-1",0
"CCCATACGTCTAGTCA-1",0
"CCCATACGTTGAGTTC-1",0
"CCCATACTCAATAAGG-1",2.70058036499577
"CCCATACTCAGCGACC-1",0
"CCCATACTCATCACCC-1",0
"CCCATACTCCGTAGGC-1",0
"CCCTCCTAGGAATCGC-1",0
"CCCTCCTCAGCTTAAC-1",0
"CCCTCCTCATATGAGA-1",3.27725172804353
"CCCTCCTCATCACGTA-1",3.11358922033894
"CCCTCCTGTATGGTTC-1",2.91223403843447
"CCCTCCTGTTAGATGA-1",3.05602789521809
"CCCTCCTTCAATCACG-1",0
"CCCTCCTTCCGCAGTG-1",0
"CCGGGATAGCTTCGCG-1",5.95044642560985
"CCGGGATAGGCGACAT-1",4.44447061177424
"CCGGGATAGGCTAGGT-1",0
"CCGGGATCACAGTCGC-1",2.38169038092219
"CCGGGATGTATAGGTA-1",3.97936336705097
"CCGGGATTCAGAGCTT-1",5.63398996367675
"CCGGGATTCGCTAGCG-1",0
"CCGGGATTCGCTTGTC-1",3.55476738498637
"CCGGTAGAGCGTCTAT-1",0
"CCGGTAGAGTACGCCC-1",0
"CCGGTAGCACATAACC-1",0
"CCGGTAGCACGCATCG-1",0
"CCGGTAGGTACTTCTT-1",5.98451958094851
"CCGGTAGGTCAAACTC-1",0
"CCGGTAGTCGTCCGTT-1",0
"CCGTACTAGAGAACAG-1",0
"CCGTACTAGTCCGTAT-1",0
"CCGTACTCAAGCCCAC-1",0
"CCGTACTCAAGCGAGT-1",0
"CCGTACTCATCCCACT-1",0
"CCGTACTGTACAGCAG-1",0
"CCGTACTGTGCGGTAA-1",3.85292614704328
"CCGTACTTCGTTACAG-1",2.73028501276063
"CCGTGGAAGACGCACA-1",0
"CCGTGGAAGAGTTGGC-1",0
"CCGTGGAAGGTGATAT-1",5.08761667758329
"CCGTGGAAGGTTCCTA-1",2.55908231308359
"CCGTGGACAGCCTTGG-1",4.59512792576462
"CCGTGGAGTTCCATGA-1",0
"CCGTGGATCTAACTTC-1",4.44447061177424
"CCGTTCAAGCGTAATA-1",4.50559917816657
"CCGTTCAAGTACGATA-1",0
"CCGTTCAAGTAGATGT-1",0
"CCGTTCACAGGATCGA-1",0
"CCGTTCAGTATAGGGC-1",11.7175934050393
"CCGTTCAGTCGCGAAA-1",3.82429198965756
"CCGTTCATCGTACCGG-1",0
"CCTAAAGAGAGTTGGC-1",3.16738910247741
"CCTAAAGCAAACCTAC-1",0
"CCTAAAGCATGTCTCC-1",0
"CCTAAAGGTACTCAAC-1",2.91223403843447
"CCTAAAGGTCGGCACT-1",0
"CCTAAAGGTGTAATGA-1",0
"CCTAAAGTCACCGTAA-1",0
"CCTAAAGTCAGCGATT-1",0
"CCTAAAGTCGGCGCTA-1",2.67725509165873
"CCTAAAGTCGGTCCGA-1",3.66584180318512
"CCTACACAGGACCACA-1",0
"CCTACACAGGGTGTTG-1",0
"CCTACACCAGTAAGAT-1",0
"CCTACACGTATAGTAG-1",0
"CCTACACGTCCGAACC-1",3.0256016371365
"CCTACACGTGGGTCAA-1",0
"CCTACACGTTTGACTG-1",0
"CCTACACTCGGCGCTA-1",4.41107221829637
"CCTACACTCGTGACAT-1",4.53313044696715
"CCTACCAAGATAGGAG-1",0
"CCTACCAAGCAAATCA-1",0
"CCTACCAAGCGTAGTG-1",0
"CCTACCAAGTGCGATG-1",0
"CCTACCAGTATCAGTC-1",0
"CCTACCAGTCTCTCTG-1",0
"CCTACCAGTCTTTCAT-1",0
"CCTACCATCAGCACAT-1",2.91171529010442
"CCTACCATCGCCAGCA-1",0
"CCTAGCTAGCAAATCA-1",0
"CCTAGCTAGCTCCTCT-1",0
"CCTAGCTAGGTTACCT-1",0
"CCTAGCTAGTACGCGA-1",3.68383820997636
"CCTAGCTCAATGAATG-1",0
"CCTAGCTCAATGGTCT-1",6.44725646005522
"CCTAGCTCACATCCAA-1",0
"CCTAGCTCAGCCAGAA-1",0
"CCTAGCTGTAGAAAGG-1",4.69509498755224
"CCTAGCTGTCACCCAG-1",3.95666264401844
"CCTAGCTGTCTGATTG-1",3.16738910247741
"CCTAGCTTCACGATGT-1",3.6907623389367
"CCTAGCTTCGTAGGAG-1",3.11358922033894
"CCTATTAAGAATTCCC-1",3.0256016371365
"CCTATTAAGCAGGCTA-1",0
"CCTATTAAGCAGGTCA-1",0
"CCTATTAAGGGAGTAA-1",5.25470393986021
"CCTATTAAGGTAGCCA-1",2.67725509165873
"CCTATTACACAACTGT-1",4.50559917816657
"CCTATTACACATCCGG-1",3.82662261862618
"CCTATTAGTCAATACC-1",0
"CCTATTATCATCACCC-1",0
"CCTATTATCTGCGACG-1",7.35131998943318
"CCTCAGTAGCTAACTC-1",0
"CCTCAGTCAGGTGGAT-1",0
"CCTCAGTGTCCATCCT-1",0
"CCTCAGTGTCCGACGT-1",0
"CCTCAGTGTCTTGTCC-1",4.50559917816656
"CCTCAGTGTGGGTATG-1",0
"CCTCTGAAGTATCGAA-1",0
"CCTCTGAAGTGGGTTG-1",0
"CCTCTGACAAGCTGTT-1",0
"CCTCTGACACCGATAT-1",0
"CCTCTGACAGATGAGC-1",3.25213397797977
"CCTCTGAGTCAATACC-1",5.08761667758329
"CCTCTGAGTCCGAACC-1",3.36323805686612
"CCTCTGAGTCGTGGCT-1",3.49949138711476
"CCTCTGAGTCTGATTG-1",0
"CCTTACGCAAGCGTAG-1",5.08196170116882
"CCTTACGCACCAACCG-1",0
"CCTTACGGTCATCCCT-1",0
"CCTTACGGTCCTCTTG-1",5.2334074200738
"CCTTACGTCACAACGT-1",3.73095805470885
"CCTTACGTCATCTGCC-1",0
"CCTTACGTCGGAGGTA-1",0
"CCTTCCCAGAGACTAT-1",2.81224474026215
"CCTTCCCAGCTAGGCA-1",0
"CCTTCCCAGGACGAAA-1",0
"CCTTCCCAGGGCATGT-1",0
"CCTTCCCAGGTACTCT-1",0
"CCTTCCCCATGATCCA-1",5.69581250331418
"CCTTCCCTCAAGGCTT-1",5.69581250331418
"CCTTCCCTCTATCCTA-1",0
"CCTTCCCTCTATCGCC-1",3.63622414840658
"CCTTCGAAGGCGCTCT-1",0
"CCTTCGACAACACCCG-1",0
"CCTTCGACAGCGATCC-1",2.76923140590347
"CCTTCGAGTAAGCACG-1",0
"CCTTCGAGTCCATGAT-1",4.50559917816657
"CCTTCGAGTGTGACCC-1",3.0985411626489
"CCTTCGAGTTGGTGGA-1",5.63398996367675
"CCTTCGATCACAGTAC-1",2.68042063714134
"CCTTCGATCCTATGTT-1",0
"CCTTCGATCGCACTCT-1",0
"CCTTTCTAGACGCTTT-1",5.99408752437592
"CCTTTCTAGGGCACTA-1",0
"CCTTTCTAGTGGAGTC-1",0
"CCTTTCTCAGACAAGC-1",0
"CCTTTCTCATCACGAT-1",0
"CCTTTCTCATGCCCGA-1",0
"CCTTTCTTCCCACTTG-1",0
"CCTTTCTTCTTTACGT-1",0
"CGAACATCACATGACT-1",0
"CGAACATCACTTGGAT-1",0
"CGAACATCAGTCCTTC-1",0
"CGAACATGTCTGATTG-1",3.73076145129584
"CGAACATGTGCTGTAT-1",0
"CGAACATTCTCAAACG-1",0
"CGAATGTAGAGGTTAT-1",4.29561905228481
"CGAATGTAGCGATAGC-1",3.85292614704328
"CGAATGTAGTTCGCAT-1",0
"CGAATGTCAATGCCAT-1",0
"CGAATGTGTCTAGTCA-1",0
"CGAATGTGTCTCACCT-1",3.56142870654869
"CGAATGTTCAACACAC-1",0
"CGAATGTTCATCACCC-1",8.01465373179287
"CGAATGTTCTGTACGA-1",0
"CGACCTTAGCTACCGC-1",0
"CGACCTTAGCTAGTCT-1",0
"CGACCTTCAAAGTGCG-1",2.67403644864988
"CGACCTTCACGAAATA-1",3.82429198965756
"CGACCTTGTAAGTGTA-1",0
"CGACCTTGTCAGAATA-1",0
"CGACCTTGTCTCCCTA-1",0
"CGACCTTGTCTCTTAT-1",0
"CGACCTTTCCGCGTTT-1",0
"CGACCTTTCGTTTATC-1",0
"CGACCTTTCTCCAGGG-1",0
"CGACTTCAGACACGAC-1",0
"CGACTTCAGGTAGCCA-1",4.44447061177424
"CGACTTCAGTCTTGCA-1",4.08561243759368
"CGACTTCCAATGGACG-1",0
"CGACTTCGTGGTGTAG-1",0
"CGACTTCGTTGAGTTC-1",3.27725172804353
"CGACTTCTCACTTACT-1",2.84268801377197
"CGACTTCTCTCGCTTG-1",2.66970453262421
"CGAGAAGAGAAACGCC-1",0
"CGAGAAGAGCCAACAG-1",0
"CGAGAAGAGCGTGTCC-1",4.84030710155419
"CGAGAAGCAAGTTCTG-1",0
"CGAGAAGCACATCCGG-1",5.63398996367675
"CGAGAAGCAGGCTGAA-1",0
"CGAGAAGTCGGATGGA-1",3.67385180719951
"CGAGCACAGCCAGAAC-1",3.64189710747773
"CGAGCACCACATGTGT-1",0
"CGAGCACGTAGCGTCC-1",0
"CGAGCACGTAGCGTGA-1",0
"CGAGCACGTCAGATAA-1",0
"CGAGCACGTGCCTTGG-1",5.49647140322556
"CGAGCACTCCCGGATG-1",3.9124244717232
"CGAGCACTCCGCTGTT-1",3.73076145129584
"CGAGCACTCGTGACAT-1",3.68383820997636
"CGAGCCAAGCTAGCCC-1",4.29561905228481
"CGAGCCAGTATATCCG-1",5.63398996367675
"CGAGCCAGTCAAGCGA-1",0
"CGATCGGAGAGCCTAG-1",0
"CGATCGGAGTACGATA-1",0
"CGATCGGCAAACGCGA-1",5.82320824969561
"CGATCGGCAAGCGATG-1",3.95049927180759
"CGATCGGCAATACGCT-1",0
"CGATCGGCAGTTAACC-1",2.91223403843447
"CGATCGGCATACTCTT-1",0
"CGATCGGGTCGACTGC-1",0
"CGATCGGTCAACGGGA-1",2.49259563078473
"CGATCGGTCTAGCACA-1",0
"CGATGGCAGCCGTCGT-1",0
"CGATGGCAGTCCAGGA-1",0
"CGATGGCCACTTAACG-1",6.58204820521154
"CGATGGCCAGCGTAAG-1",2.81224474026215
"CGATGGCCATCATCCC-1",8.09082961972751
"CGATGGCTCCTAGAAC-1",4.44447061177424
"CGATGGCTCGCTAGCG-1",7.12280794392042
"CGATGGCTCTGACCTC-1",0
"CGATGTAAGGCAATTA-1",0
"CGATGTAAGTTTGCGT-1",0
"CGATGTACACAGGCCT-1",0
"CGATGTACAGGTCTCG-1",0
"CGATGTAGTCCAGTGC-1",0
"CGATGTAGTCTAGGTT-1",0
"CGATGTAGTGTGCCTG-1",0
"CGATGTAGTTTGCATG-1",0
"CGATTGAAGATGTGGC-1",0
"CGATTGACAGACGCAA-1",0
"CGATTGAGTATGGTTC-1",0
"CGATTGAGTTCAGACT-1",0
"CGATTGATCATGGTCA-1",0
"CGATTGATCTGCGGCA-1",3.82429198965756
"CGCCAAGAGAATGTTG-1",0
"CGCCAAGAGACCTTTG-1",0
"CGCCAAGAGATCGGGT-1",5.50220992165327
"CGCCAAGAGATCTGAA-1",0
"CGCCAAGAGCGTGTCC-1",5.01982784419327
"CGCCAAGGTCTAGGTT-1",0
"CGCCAAGTCAGGATCT-1",0
"CGCCAAGTCCACTCCA-1",2.84268801377197
"CGCCAAGTCTTGTTTG-1",0
"CGCGGTAAGCTAGCCC-1",0
"CGCGGTAAGGGTTCCC-1",0
"CGCGGTACAAACTGCT-1",0
"CGCGGTACAATGGAAT-1",0
"CGCGGTACAGCTGTTA-1",3.55476738498637
"CGCGGTAGTCAAGCGA-1",4.60179217096341
"CGCGGTAGTGAGGCTA-1",0
"CGCGGTAGTTTGCATG-1",0
"CGCGTTTAGTTATCGC-1",0
"CGCGTTTCAACAACCT-1",3.16738910247741
"CGCGTTTCAAGCGAGT-1",0
"CGCGTTTCAATGGACG-1",0
"CGCGTTTCACGGTGTC-1",0
"CGCGTTTGTGCTGTAT-1",3.23056400890336
"CGCGTTTGTGGACGAT-1",2.73572202328162
"CGCGTTTTCAAACCGT-1",0
"CGCGTTTTCAGCCTAA-1",0
"CGCGTTTTCCTATGTT-1",0
"CGCGTTTTCGTGGTCG-1",0
"CGCTATCAGAAACCGC-1",0
"CGCTATCAGTCATCCA-1",0
"CGCTATCCAAGCGAGT-1",0
"CGCTATCCAGTCGATT-1",0
"CGCTATCCATCGACGC-1",0
"CGCTATCCATTTCAGG-1",0
"CGCTATCGTACCGAGA-1",0
"CGCTATCGTTCGAATC-1",4.1081826381642
"CGCTATCGTTTCGCTC-1",0
"CGCTATCTCGTTACAG-1",0
"CGCTGGAAGGACATTA-1",0
"CGCTGGAAGGGCACTA-1",0
"CGCTGGAAGGTGATAT-1",0
"CGCTGGACAGACTCGC-1",0
"CGCTGGAGTGTAATGA-1",0
"CGCTGGAGTTCTGGTA-1",5.01626033901312
"CGCTGGATCCGAAGAG-1",4.23919906494726
"CGCTGGATCCGTTGCT-1",0
"CGCTGGATCGTAGGAG-1",2.66970453262421
"CGCTGGATCGTTACAG-1",3.73076145129584
"CGCTTCAAGAAGGGTA-1",3.57085279263339
"CGCTTCAAGGTCGGAT-1",0
"CGCTTCACACGGTGTC-1",3.05598706202204
"CGCTTCACAGACAAGC-1",0
"CGCTTCACATCACCCT-1",2.84268801377197
"CGCTTCAGTCGCGGTT-1",2.55908231308359
"CGCTTCATCTTAGAGC-1",3.74116849010407
"CGGACACAGCGATATA-1",0
"CGGACACAGCGATGAC-1",0
"CGGACACAGCTTCGCG-1",0
"CGGACACAGGTAAACT-1",0
"CGGACACAGTAGCCGA-1",4.07325247278028
"CGGACACCACAGGAGT-1",3.94354075117757
"CGGACACCATTCACTT-1",0
"CGGACACGTGAGCGAT-1",0
"CGGACACGTGCTCTTC-1",4.34323597977393
"CGGACACGTGTGACCC-1",0
"CGGACGTAGGTTACCT-1",0
"CGGACGTCATGGGACA-1",2.67403644864988
"CGGACGTGTGAAAGAG-1",0
"CGGACGTGTTGGTAAA-1",0
"CGGACGTTCATGTGGT-1",0
"CGGACGTTCTGTCCGT-1",3.91938537264163
"CGGACTGAGGAGCGAG-1",0
"CGGACTGAGGAGTCTG-1",0
"CGGACTGAGTGGTAGC-1",0
"CGGACTGCAACTTGAC-1",5.25470393986021
"CGGACTGCAATGACCT-1",3.68383820997636
"CGGACTGCACAACGTT-1",0
"CGGACTGCACGCCAGT-1",0
"CGGACTGCAGTATGCT-1",0
"CGGACTGGTAAAGGAG-1",0
"CGGACTGGTATAAACG-1",0
"CGGACTGGTGTAAGTA-1",3.04131148813589
"CGGACTGGTGTGGTTT-1",5.06485116601669
"CGGACTGGTTGACGTT-1",0
"CGGACTGTCCATGCTC-1",0
"CGGACTGTCCGTCAAA-1",3.46908284924617
"CGGACTGTCGTTTGCC-1",0
"CGGAGCTAGTTTAGGA-1",0
"CGGAGCTGTAGAAAGG-1",0
"CGGAGCTTCACTTATC-1",2.81224474026215
"CGGAGCTTCATGTAGC-1",3.52921072870531
"CGGAGCTTCCACGAAT-1",0
"CGGAGTCAGTGCGATG-1",2.73572202328162
"CGGAGTCAGTGTGAAT-1",0
"CGGAGTCCAGTGGGAT-1",0
"CGGAGTCCATTATCTC-1",2.99384638279349
"CGGAGTCGTAGCTGCC-1",0
"CGGAGTCGTGTTCGAT-1",0
"CGGAGTCTCCCAGGTG-1",0
"CGGAGTCTCCGTAGTA-1",0
"CGGCTAGAGAAACGCC-1",3.45403997799484
"CGGCTAGAGCACCGTC-1",0
"CGGCTAGAGCTAAACA-1",0
"CGGCTAGCAGACAAAT-1",2.49259563078473
"CGGCTAGGTAACGCGA-1",0
"CGGCTAGGTTCATGGT-1",0
"CGGCTAGTCAAAGACA-1",0
"CGGCTAGTCGTGGGAA-1",0
"CGGCTAGTCTTGTTTG-1",0
"CGGGTCAAGAGTCGGT-1",2.84268801377197
"CGGGTCAAGCACACAG-1",6.44759306732375
"CGGGTCAAGCTAACTC-1",0
"CGGGTCAAGGACACCA-1",0
"CGGGTCAAGTATGACA-1",0
"CGGGTCACAATGACCT-1",0
"CGGGTCACACCGAAAG-1",0
"CGGGTCACAGCCACCA-1",0
"CGGGTCACATACAGCT-1",0
"CGGGTCACATCCTTGC-1",3.45403997799484
"CGGGTCAGTAGCGCTC-1",5.23275052409459
"CGGGTCAGTCGATTGT-1",3.66584180318512
"CGGGTCAGTGCAACTT-1",0
"CGGGTCAGTTGTTTGG-1",0
"CGGGTCATCAACACCA-1",0
"CGGGTCATCACCTTAT-1",0
"CGGGTCATCCACGACG-1",2.94844767853524
"CGGTTAACAGGACCCT-1",0
"CGGTTAACATGTCCTC-1",5.95044642560985
"CGGTTAACATTCCTGC-1",0
"CGGTTAAGTCGACTGC-1",0
"CGGTTAATCCGGCACA-1",0
"CGGTTAATCCTTTCGG-1",0
"CGGTTAATCTTATCTG-1",5.08196170116882
"CGTAGCGAGATGTAAC-1",5.49647140322556
"CGTAGCGAGGCAATTA-1",8.01465373179287
"CGTAGCGCAAGCGCTC-1",0
"CGTAGCGTCCAACCAA-1",5.06485116601669
"CGTAGCGTCGGCGGTT-1",3.63622414840658
"CGTAGGCAGGGCTCTC-1",0
"CGTAGGCCAAGCGATG-1",5.23275052409459
"CGTAGGCCACTAAGTC-1",5.55302491575152
"CGTAGGCCAGAGTGTG-1",3.26408422982051
"CGTAGGCCATCCCATC-1",0
"CGTAGGCGTATTAGCC-1",0
"CGTAGGCGTCAATACC-1",0
"CGTAGGCGTGGCGAAT-1",0
"CGTAGGCTCCAGAAGG-1",0
"CGTCACTAGTCATGCT-1",0
"CGTCACTCAAAGCGGT-1",4.08561243759368
"CGTCACTCAGGTCCAC-1",0
"CGTCACTCAGTCACTA-1",3.0985411626489
"CGTCACTTCCTTGACC-1",0
"CGTCACTTCGGTGTTA-1",0
"CGTCACTTCTGTGCAA-1",5.49647140322556
"CGTCACTTCTTGAGAC-1",5.45269245974319
"CGTCAGGAGCTGTTCA-1",3.0985411626489
"CGTCAGGCAAAGCAAT-1",3.46908284924617
"CGTCAGGCAAAGCGGT-1",4.09511326997634
"CGTCAGGCAACACGCC-1",0
"CGTCAGGCATCCGCGA-1",0
"CGTCAGGGTCAGCTAT-1",0
"CGTCAGGGTCGTTGTA-1",0
"CGTCAGGGTGTAAGTA-1",0
"CGTCAGGTCCACTGGG-1",0
"CGTCAGGTCGACAGCC-1",2.70058036499577
"CGTCAGGTCGGGAGTA-1",5.23275052409459
"CGTCCATAGACCACGA-1",2.83871864824185
"CGTCCATAGCGATTCT-1",0
"CGTCCATAGGCTATCT-1",3.2514648914013
"CGTCCATAGTCTCAAC-1",3.67385180719951
"CGTCCATCACGACTCG-1",4.29561905228481
"CGTCCATCATTCACTT-1",0
"CGTCCATGTCTAGCGC-1",3.23248392861446
"CGTCCATGTGATAAAC-1",4.22576941380297
"CGTCCATGTTTGGGCC-1",0
"CGTCCATGTTTGTGTG-1",0
"CGTCCATTCAACACCA-1",0
"CGTCCATTCATTCACT-1",0
"CGTCTACAGTGCGTGA-1",8.01465373179287
"CGTCTACGTAGTAGTA-1",8.4807874222032
"CGTCTACTCGAGCCCA-1",3.66584180318512
"CGTCTACTCGCCATAA-1",3.48833907651739
"CGTCTACTCGGCCGAT-1",2.76453960840932
"CGTCTACTCGTCCAGG-1",0
"CGTGAGCAGATCTGAA-1",4.1171893143171
"CGTGAGCAGCAATCTC-1",0
"CGTGAGCAGCGGATCA-1",3.14749002645569
"CGTGAGCAGCTAGTGG-1",2.55908231308359
"CGTGAGCAGCTTCGCG-1",0
"CGTGAGCAGGGCACTA-1",0
"CGTGAGCAGGGTGTGT-1",3.85292614704328
"CGTGAGCAGTGGAGAA-1",0
"CGTGAGCCAAGCCGCT-1",0
"CGTGAGCCACGTAAGG-1",3.46908284924617
"CGTGAGCCATACGCCG-1",0
"CGTGAGCGTAGATTAG-1",0
"CGTGAGCGTCTCTTAT-1",3.23056400890336
"CGTGAGCTCACAAACC-1",0
"CGTGAGCTCCAAATGC-1",0
"CGTGAGCTCCGAGCCA-1",7.45233889033061
"CGTGAGCTCGTTGCCT-1",8.09082961972751
"CGTGAGCTCTGGGCCA-1",6.94128111788602
"CGTGTAAAGATAGTCA-1",2.49259563078473
"CGTGTAAAGGTGTTAA-1",0
"CGTGTAAAGTACATGA-1",0
"CGTGTAACATGGGACA-1",5.67459997129161
"CGTGTAAGTGTCTGAT-1",5.32910245548558
"CGTGTAATCTACTATC-1",0
"CGTGTAATCTCGATGA-1",0
"CGTGTAATCTTTAGTC-1",2.39336217346739
"CGTGTCTAGGCGCTCT-1",3.23248392861446
"CGTGTCTAGGGATGGG-1",0
"CGTGTCTCAGACAAAT-1",0
"CGTGTCTCAGACACTT-1",3.23056400890336
"CGTGTCTGTAAGAGGA-1",0
"CGTGTCTGTATATGAG-1",5.63398996367675
"CGTGTCTGTCAAAGCG-1",0
"CGTGTCTGTTCCGTCT-1",0
"CGTGTCTTCAATCACG-1",5.49647140322556
"CGTGTCTTCAGAGGTG-1",0
"CGTGTCTTCATAGCAC-1",0
"CGTGTCTTCCGAACGC-1",3.82429198965756
"CGTGTCTTCGGCATCG-1",3.23248392861446
"CGTGTCTTCGTGGACC-1",0
"CGTGTCTTCTACTTAC-1",0
"CGTGTCTTCTGAGTGT-1",0
"CGTTAGAAGATCTGAA-1",0
"CGTTAGAAGGCCCTTG-1",0
"CGTTAGACACGAAAGC-1",0
"CGTTAGACAGCTTCGG-1",0
"CGTTAGAGTTTAAGCC-1",0
"CGTTAGATCACTTATC-1",0
"CGTTAGATCAGCCTAA-1",0
"CGTTCTGAGAAGGGTA-1",0
"CGTTCTGAGTGAACAT-1",0
"CGTTCTGCAGCTCGCA-1",7.45233889033061
"CGTTCTGCATTGGCGC-1",5.98451958094851
"CGTTCTGGTGAGGGTT-1",0
"CGTTCTGTCTGATTCT-1",0
"CGTTGGGAGCTAGTTC-1",0
"CGTTGGGAGGATGCGT-1",0
"CGTTGGGCACATTAGC-1",0
"CGTTGGGCAGACAGGT-1",0
"CGTTGGGGTTCCCGAG-1",4.12509302083025
"CGTTGGGTCATGCTCC-1",0
"CGTTGGGTCCATGAAC-1",0
"CGTTGGGTCTACCAGA-1",0
"CTAACTTAGTCCTCCT-1",3.98315099751605
"CTAACTTCAATAGCAA-1",0
"CTAACTTCAATCGGTT-1",2.65253965859836
"CTAACTTGTGAGGCTA-1",0
"CTAACTTTCGTACGGC-1",0
"CTAACTTTCTGGCGTG-1",0
"CTAAGACAGGGAAACA-1",0
"CTAAGACAGTACATGA-1",2.7643240635272
"CTAAGACAGTTCGCGC-1",2.65253965859836
"CTAAGACCAAGTAATG-1",0
"CTAAGACCAGTAAGAT-1",4.67702350984399
"CTAAGACCATGCAATC-1",0
"CTAAGACGTAAGGATT-1",3.73095805470885
"CTAAGACGTATCAGTC-1",0
"CTAAGACGTCACCTAA-1",0
"CTAAGACTCGTTGCCT-1",2.55908231308359
"CTAAGACTCTTACCGC-1",0
"CTAAGACTCTTGAGGT-1",0
"CTAATGGAGCAATCTC-1",4.34323597977393
"CTAATGGAGCGCTCCA-1",3.25213397797977
"CTAATGGAGCTCCCAG-1",5.50220992165327
"CTAATGGAGCTGAAAT-1",0
"CTAATGGAGTTAGGTA-1",0
"CTAATGGCATGGAATA-1",4.09511326997634
"CTAATGGGTACCGCTG-1",4.50559917816657
"CTAATGGGTCTAGCGC-1",0
"CTAATGGGTGAGGGAG-1",0
"CTAATGGGTTGGTGGA-1",0
"CTAATGGTCATGCTCC-1",0
"CTAATGGTCCACTGGG-1",0
"CTAATGGTCCGTTGCT-1",0
"CTAATGGTCCTAGAAC-1",8.02988778842039
"CTACACCAGTGCGATG-1",4.85453282548698
"CTACACCCACGGACAA-1",0
"CTACACCGTAATAGCA-1",3.27725172804353
"CTACACCGTCTGATTG-1",0
"CTACACCGTTCGTCTC-1",0
"CTACACCTCAGAAATG-1",0
"CTACACCTCGGCTTGG-1",3.15584165871744
"CTACACCTCGGTCCGA-1",0
"CTACACCTCTCGCATC-1",4.84030710155419
"CTACACCTCTCTGCTG-1",2.84268801377197
"CTACATTAGATCACGG-1",5.95044642560985
"CTACATTCACTCGACG-1",0
"CTACATTCATTTCACT-1",2.84268801377197
"CTACATTGTGATGATA-1",4.29561905228481
"CTACATTGTTCGAATC-1",4.29561905228481
"CTACATTTCAACGCTA-1",4.08561243759368
"CTACATTTCGCCATAA-1",0
"CTACATTTCTAGCACA-1",2.67725509165873
"CTACCCACACAGAGGT-1",0
"CTACCCACACGACGAA-1",0
"CTACCCACATGGTTGT-1",0
"CTACCCAGTATCTGCA-1",0
"CTACCCAGTATGAATG-1",0
"CTACCCAGTCAGAAGC-1",0
"CTACCCAGTGTGACCC-1",0
"CTACCCAGTTATGTGC-1",0
"CTACCCATCTACGAGT-1",0
"CTACGTCAGGTGCAAC-1",0
"CTACGTCAGTGCGATG-1",11.7175934050393
"CTACGTCAGTTGTCGT-1",0
"CTACGTCCATATACCG-1",0
"CTACGTCGTATATGGA-1",0
"CTACGTCGTGTGGTTT-1",0
"CTACGTCTCAAAGTAG-1",0
"CTACGTCTCACGACTA-1",3.0256016371365
"CTACGTCTCACGGTTA-1",3.05602789521809
"CTACGTCTCCTAGAAC-1",0
"CTAGAGTAGCTGTCTA-1",5.49647140322556
"CTAGAGTAGGATCGCA-1",0
"CTAGAGTAGTCCATAC-1",0
"CTAGAGTCACATTAGC-1",0
"CTAGAGTCAGTATGCT-1",2.67403644864988
"CTAGAGTCATACTCTT-1",5.49647140322556
"CTAGAGTCATGTAAGA-1",2.39155582030483
"CTAGAGTGTGACCAAG-1",3.63622414840658
"CTAGAGTTCAACACCA-1",7.18462899571654
"CTAGAGTTCCGTCAAA-1",5.50220992165327
"CTAGAGTTCCTAAGTG-1",0
"CTAGAGTTCGCCAGCA-1",0
"CTAGAGTTCGCTTAGA-1",5.49647140322556
"CTAGAGTTCGTGACAT-1",0
"CTAGAGTTCTGATTCT-1",0
"CTAGCCTCACCAGATT-1",0
"CTAGCCTGTATATCCG-1",11.7175934050393
"CTAGCCTGTGATGCCC-1",2.91171529010442
"CTAGCCTTCGGGAGTA-1",0
"CTAGTGAAGCTGGAAC-1",5.26472327132648
"CTAGTGAAGTGTACCT-1",3.67493997776702
"CTAGTGACAAGTCTAC-1",0
"CTAGTGACAGGATCGA-1",2.55908231308359
"CTAGTGAGTTATGCGT-1",4.08561243759368
"CTAGTGATCAGTTGAC-1",3.16738910247741
"CTAGTGATCCAGTAGT-1",8.09082961972751
"CTCACACAGCTAAGAT-1",0
"CTCACACAGCTGCCCA-1",0
"CTCACACAGGATGCGT-1",0
"CTCACACCACGTAAGG-1",0
"CTCACACCACTGTTAG-1",0
"CTCACACCATATACGC-1",0
"CTCACACGTGCTGTAT-1",0
"CTCACACGTTCCATGA-1",3.6907623389367
"CTCACACGTTTGGGCC-1",0
"CTCACACTCACCGGGT-1",2.39155582030483
"CTCACACTCATCGGAT-1",0
"CTCACACTCCGCGCAA-1",3.66584180318512
"CTCACACTCTAACCGA-1",2.39336217346739
"CTCAGAAAGAGCTGCA-1",0
"CTCAGAAAGGAGTAGA-1",0
"CTCAGAACAACGCACC-1",5.48259333492198
"CTCAGAACAAGCGATG-1",3.82429198965756
"CTCAGAACAGGGCATA-1",0
"CTCAGAAGTGACGGTA-1",4.75257035773924
"CTCAGAATCTTAACCT-1",0
"CTCATTAAGAACTGTA-1",5.55302491575152
"CTCATTACATGGTCAT-1",5.67459997129161
"CTCATTAGTGTAACGG-1",0
"CTCATTAGTTTACTCT-1",8.02988778842039
"CTCCTAGCAAGTACCT-1",0
"CTCCTAGCAATTCCTT-1",0
"CTCCTAGCACTGTCGG-1",0
"CTCCTAGCAGTCCTTC-1",0
"CTCCTAGCATAACCTG-1",0
"CTCCTAGCATGCGCAC-1",0
"CTCCTAGGTAGAAAGG-1",0
"CTCCTAGGTCCGAGTC-1",6.3432464695928
"CTCCTAGGTCTAGCCG-1",0
"CTCCTAGGTGTTTGTG-1",0
"CTCCTAGGTTCGTGAT-1",0
"CTCCTAGGTTGTTTGG-1",0
"CTCCTAGTCACTTACT-1",0
"CTCCTAGTCTCATTCA-1",0
"CTCGAAAAGCCCAACC-1",0
"CTCGAAAAGCTATGCT-1",0
"CTCGAAAAGGCCCTTG-1",2.91223403843447
"CTCGAAAAGGGCTTCC-1",0
"CTCGAAACAAGCCGTC-1",5.95044642560985
"CTCGAAACACATTAGC-1",2.84268801377197
"CTCGAAACACCGAAAG-1",0
"CTCGAAACACGGCTAC-1",4.09511326997634
"CTCGAAACAGTAAGAT-1",0
"CTCGAGGAGCCATCGC-1",0
"CTCGAGGAGGGCTTCC-1",6.38446101521483
"CTCGAGGCAGATAATG-1",3.24355968711976
"CTCGAGGGTATTCTCT-1",7.35131998943318
"CTCGAGGGTGCCTGGT-1",3.68383820997636
"CTCGGAGAGTCCCACG-1",0
"CTCGGAGCACTTCTGC-1",0
"CTCGGAGCAGCTGCAC-1",2.70058036499577
"CTCGGAGCAGGATCGA-1",0
"CTCGGAGGTAGCCTAT-1",3.48833907651739
"CTCGGAGGTCATGCCG-1",3.55476738498637
"CTCGGAGTCAAACGGG-1",5.95044642560985
"CTCGGAGTCACATACG-1",5.26472327132648
"CTCGGAGTCAGCTTAG-1",3.48833907651739
"CTCGGGAAGACCTAGG-1",2.84268801377197
"CTCGGGACACAGCCCA-1",0
"CTCGGGACATAAAGGT-1",0
"CTCGGGACATCCCACT-1",2.84268801377197
"CTCGGGACATGTCGAT-1",5.32910245548558
"CTCGGGAGTCGCGTGT-1",0
"CTCGGGAGTGACTACT-1",5.25470393986021
"CTCGGGAGTTACGACT-1",0
"CTCGGGATCCGTACAA-1",0
"CTCGGGATCCTTGACC-1",0
"CTCGGGATCTTGTTTG-1",0
"CTCGTACAGCGATAGC-1",2.97838053755665
"CTCGTACCAGCGTAAG-1",0
"CTCGTACCATAGTAAG-1",0
"CTCGTACGTAGAGTGC-1",6.44725646005522
"CTCGTACGTATCACCA-1",5.38308255557359
"CTCGTACGTGCAGTAG-1",0
"CTCGTACTCAAAGTAG-1",0
"CTCGTACTCAATCTCT-1",2.39336217346739
"CTCGTACTCGTTGCCT-1",0
"CTCGTACTCTGGTTCC-1",0
"CTCGTCAAGATGCCTT-1",0
"CTCGTCAAGTGGAGTC-1",0
"CTCGTCAAGTTTGCGT-1",0
"CTCGTCACAACGATCT-1",0
"CTCGTCACACATCCGG-1",3.26408422982051
"CTCGTCACAGTCGTGC-1",2.73572202328162
"CTCGTCAGTCTCATCC-1",0
"CTCGTCAGTCTCCATC-1",0
"CTCGTCAGTGAGCGAT-1",0
"CTCGTCAGTTGACGTT-1",5.27770612452623
"CTCGTCAGTTGGGACA-1",0
"CTCGTCATCACTTATC-1",5.18938661924325
"CTCGTCATCGACCAGC-1",3.1255462014326
"CTCGTCATCTGCTGTC-1",2.83871864824185
"CTCTAATCACCAGGTC-1",0
"CTCTAATCACGGTGTC-1",0
"CTCTAATCAGGAATCG-1",0
"CTCTAATGTCCAAGTT-1",0
"CTCTACGAGCTAAACA-1",0
"CTCTACGAGCTAGTGG-1",0
"CTCTACGAGTACGCCC-1",5.00314962604574
"CTCTACGAGTAGGCCA-1",3.67385180719951
"CTCTACGCAATAACGA-1",0
"CTCTACGCAGACGCTC-1",3.0985411626489
"CTCTACGCATGACATC-1",0
"CTCTACGTCATGTCTT-1",0
"CTCTACGTCCCTAATT-1",0
"CTCTACGTCGGCATCG-1",0
"CTCTACGTCGGTCTAA-1",4.69669383877154
"CTCTGGTAGCGTTCCG-1",2.70058036499577
"CTCTGGTAGGCATGGT-1",0
"CTCTGGTAGTGCCAGA-1",4.34323597977393
"CTCTGGTCACAAGCCC-1",4.1081826381642
"CTCTGGTCAGCCTTTC-1",4.50559917816656
"CTCTGGTTCATCTGTT-1",5.18938661924325
"CTCTGGTTCTTGTACT-1",0
"CTGAAACAGATCCCGC-1",5.01626033901312
"CTGAAACAGGTGCTAG-1",0
"CTGAAACAGTCCGTAT-1",0
"CTGAAACAGTGTCTCA-1",0
"CTGAAACGTCATCGGC-1",2.81224474026215
"CTGAAACGTTAAAGAC-1",2.99379584673205
"CTGAAACTCATACGGT-1",3.87658160647658
"CTGAAGTAGTGCGTGA-1",2.62422351438716
"CTGAAGTCAGCTGTAT-1",3.24355968711976
"CTGAAGTGTTAAAGTG-1",0
"CTGAAGTTCAAGCCTA-1",5.08196170116882
"CTGAAGTTCGGATGTT-1",0
"CTGATAGAGGGAGTAA-1",0
"CTGATAGAGTGCAAGC-1",5.69581250331418
"CTGATAGCAGCCTTTC-1",0
"CTGATAGCATCCCATC-1",0
"CTGATAGCATCTCCCA-1",0
"CTGATAGGTCAAAGCG-1",0
"CTGATAGGTCGCTTTC-1",0
"CTGATAGGTTACGACT-1",0
"CTGATAGTCGCGATCG-1",2.61375573973199
"CTGATCCAGGCATTGG-1",5.26472327132648
"CTGATCCAGGTGACCA-1",2.61375573973199
"CTGATCCCACAGAGGT-1",4.1081826381642
"CTGATCCCAGGCTGAA-1",0
"CTGATCCGTGCCTGGT-1",0
"CTGATCCGTTATCCGA-1",3.73095805470885
"CTGATCCGTTGTGGCC-1",5.29160369951041
"CTGCCTAAGGGTCTCC-1",5.2334074200738
"CTGCCTAAGGTGATAT-1",0
"CTGCCTAAGTACGCGA-1",0
"CTGCCTAAGTGCGTGA-1",0
"CTGCCTACATCCCACT-1",0
"CTGCCTATCAATAAGG-1",0
"CTGCGGAAGAAGGACA-1",0
"CTGCGGAAGAGCTGGT-1",3.05602789521809
"CTGCGGAAGATGAGAG-1",3.47262846974629
"CTGCGGACAGGTCGTC-1",0
"CTGCGGACATGTCTCC-1",2.61375573973199
"CTGCGGAGTCACTTCC-1",0
"CTGCGGAGTCGTGGCT-1",3.23056400890336
"CTGCGGAGTTCTGTTT-1",2.72037256000448
"CTGCGGAGTTGGACCC-1",3.78359157643286
"CTGCGGATCGCCTGTT-1",3.36323805686612
"CTGCGGATCTTACCGC-1",0
"CTGCTGTAGGGTGTTG-1",3.3634585170536
"CTGCTGTAGTACCGGA-1",5.23275052409459
"CTGCTGTAGTGGAGAA-1",0
"CTGCTGTCACATCTTT-1",0
"CTGCTGTGTTAAAGAC-1",2.67725509165873
"CTGCTGTTCTCCAACC-1",0
"CTGCTGTTCTTACCGC-1",0
"CTGGTCTAGCGTTGCC-1",0
"CTGGTCTAGGACAGCT-1",0
"CTGGTCTAGGGCTTGA-1",0
"CTGGTCTAGTCGAGTG-1",0
"CTGGTCTCAAAGGAAG-1",0
"CTGGTCTCACCAGTTA-1",6.79972526437236
"CTGGTCTGTACCTACA-1",0
"CTGGTCTGTACGCTGC-1",7.45233889033061
"CTGGTCTGTCCGCTGA-1",0
"CTGGTCTGTCCGTTAA-1",3.45403997799484
"CTGGTCTGTTCATGGT-1",0
"CTGGTCTGTTCGTGAT-1",0
"CTGGTCTTCAACGGGA-1",3.49949138711476
"CTGGTCTTCACTTACT-1",2.75220617087461
"CTGGTCTTCTTACCTA-1",0
"CTGTGCTGTATATCCG-1",5.67459997129161
"CTGTGCTGTCATCCCT-1",0
"CTGTGCTGTCCCTACT-1",0
"CTGTGCTGTCGGCACT-1",0
"CTGTGCTTCCATTCTA-1",0
"CTGTTTAAGAAACCGC-1",0
"CTGTTTAAGATCGATA-1",3.85292614704328
"CTGTTTAAGGAGTTGC-1",0
"CTGTTTAGTCAAAGCG-1",0
"CTGTTTATCAGCCTAA-1",4.34323597977393
"CTGTTTATCATTTGGG-1",3.24032336290975
"CTGTTTATCTCCAGGG-1",0
"CTGTTTATCTCTTGAT-1",0
"CTGTTTATCTTCTGGC-1",0
"CTTAACTAGCCAGTAG-1",0
"CTTAACTAGGCTCTTA-1",0
"CTTAACTAGGTGCACA-1",0
"CTTAACTAGTCTCGGC-1",3.91938537264163
"CTTACCGAGCGCTTAT-1",5.25470393986021
"CTTACCGAGGCTACGA-1",2.65253965859836
"CTTACCGCAGATCTGT-1",2.65253965859836
"CTTACCGCAGTCAGAG-1",0
"CTTACCGGTCCTGCTT-1",0
"CTTACCGGTCGCCATG-1",3.63622414840658
"CTTACCGGTCTACCTC-1",0
"CTTACCGTCGGACAAG-1",4.67702350984399
"CTTAGGAAGCCCAACC-1",0
"CTTAGGACACGACGAA-1",0
"CTTAGGAGTTATGTGC-1",0
"CTTAGGATCCCATTTA-1",2.84268801377197
"CTTAGGATCTTTACAC-1",8.01465373179287
"CTTCTCTAGAACTCGG-1",0
"CTTCTCTAGAGTGAGA-1",0
"CTTCTCTAGCAGGCTA-1",5.48259333492198
"CTTCTCTAGTTAACGA-1",5.32910245548558
"CTTCTCTCAAAGGTGC-1",0
"CTTCTCTGTAACGACG-1",0
"CTTCTCTGTGCATCTA-1",0
"CTTCTCTTCGAGCCCA-1",5.69581250331418
"CTTGGCTAGCGATATA-1",0
"CTTGGCTAGTACGTTC-1",0
"CTTGGCTCATTACCTT-1",4.09511326997634
"CTTGGCTGTCTCCATC-1",4.01493522459595
"CTTGGCTTCCCTAATT-1",5.23779709594506
"CTTGGCTTCGCGTAGC-1",0
"CTTGGCTTCTCGTTTA-1",7.45233889033061
"CTTTGCGAGCAAATCA-1",5.27770612452623
"CTTTGCGAGCGTTCCG-1",2.75636164311351
"CTTTGCGAGTATCTCG-1",0
"CTTTGCGCAATTCCTT-1",4.1081826381642
"CTTTGCGCACTTAAGC-1",0
"CTTTGCGCAGACGCAA-1",8.4807874222032
"CTTTGCGGTAGAGGAA-1",0
"CTTTGCGTCCAGGGCT-1",0
"GAAACTCAGAGACGAA-1",0
"GAAACTCAGAGGTTAT-1",6.79972526437236
"GAAACTCAGCAGCCTC-1",0
"GAAACTCAGCCCAGCT-1",0
"GAAACTCAGCTAAACA-1",2.91171529010442
"GAAACTCAGTGCTGCC-1",3.18008890190809
"GAAACTCCAAGCCCAC-1",0
"GAAACTCCACATGACT-1",0
"GAAACTCCAGACACTT-1",0
"GAAACTCCATGGATGG-1",0
"GAAACTCGTACTCGCG-1",0
"GAAACTCGTAGCGATG-1",6.38446101521483
"GAAACTCGTGTGAAAT-1",0
"GAAACTCGTTTGTGTG-1",0
"GAAATGAAGCCAGTTT-1",0
"GAAATGAAGCTAGTCT-1",0
"GAAATGAAGTACGTAA-1",5.06485116601669
"GAAATGATCATGCTCC-1",0
"GAAATGATCCTCGCAT-1",2.81224474026215
"GAACATCAGATGGCGT-1",0
"GAACATCCAACAACCT-1",0
"GAACATCCACATCTTT-1",3.63622414840658
"GAACATCCACCTATCC-1",0
"GAACATCCACGGACAA-1",2.39336217346739
"GAACATCCATGCTAGT-1",3.73076145129584
"GAACATCGTACGACCC-1",0
"GAACATCGTGGACGAT-1",5.82320824969561
"GAACATCGTTCCCGAG-1",0
"GAACATCTCCAAGTAC-1",0
"GAACATCTCGATCCCT-1",0
"GAACATCTCTCCAACC-1",2.81224474026215
"GAACCTAAGAACTGTA-1",0
"GAACCTAAGAGCAATT-1",2.59572304544143
"GAACCTAAGCCAGTAG-1",3.64189710747773
"GAACCTACAAGGACAC-1",0
"GAACCTACAGACACTT-1",0
"GAACCTAGTACCAGTT-1",8.01465373179287
"GAACCTAGTGTCAATC-1",0
"GAACCTATCACGATGT-1",0
"GAACGGAAGACGCAAC-1",0
"GAACGGAAGTAATCCC-1",3.42530955528084
"GAACGGAAGTCAATAG-1",0
"GAACGGAAGTGGACGT-1",0
"GAACGGACACAGCGTC-1",0
"GAACGGACACCTCGTT-1",0
"GAACGGACACTTAACG-1",4.29561905228481
"GAACGGAGTAGCGTAG-1",0
"GAACGGAGTCAGAGGT-1",0
"GAACGGAGTGGCGAAT-1",5.82320824969561
"GAACGGATCACTCCTG-1",0
"GAACGGATCCACGAAT-1",3.64189710747773
"GAACGGATCGTAGGAG-1",2.84268801377197
"GAACGGATCTGTCAAG-1",0
"GAAGCAGAGACTAAGT-1",5.2334074200738
"GAAGCAGAGAGACGAA-1",0
"GAAGCAGAGCCACGCT-1",2.84268801377197
"GAAGCAGAGTTCGCGC-1",5.23275052409459
"GAAGCAGCAATCCGAT-1",0
"GAAGCAGCAGATCTGT-1",0
"GAAGCAGCAGATGAGC-1",5.06485116601669
"GAAGCAGCATGAACCT-1",3.0256016371365
"GAAGCAGCATGGAATA-1",4.60179217096341
"GAAGCAGGTAACGCGA-1",0
"GAAGCAGGTCATACTG-1",3.25213397797977
"GAAGCAGTCCTAGTGA-1",4.09511326997634
"GAAGCAGTCTTATCTG-1",0
"GAATAAGCAAGGTGTG-1",0
"GAATAAGCAGACAAGC-1",0
"GAATAAGCATGCAACT-1",0
"GAATAAGGTCCGTTAA-1",2.81224474026215
"GAATAAGGTGAGTGAC-1",5.32910245548558
"GAATAAGGTTCCCTTG-1",4.44447061177424
"GAATAAGTCGTTTAGG-1",0
"GAATGAAAGAGTCTGG-1",2.81224474026215
"GAATGAAAGCTTATCG-1",0
"GAATGAAAGGCATGTG-1",0
"GAATGAACAAACGCGA-1",0
"GAATGAACAGTGAGTG-1",0
"GAATGAACATCATCCC-1",0
"GAATGAAGTCAACATC-1",0
"GAATGAAGTCTCACCT-1",0
"GAATGAAGTGGCAAAC-1",0
"GAATGAAGTTGCGTTA-1",0
"GAATGAATCAGTTAGC-1",0
"GAATGAATCCTGCCAT-1",4.84030710155419
"GACACGCAGACGCACA-1",0
"GACACGCAGAGTAATC-1",0
"GACACGCAGCCAACAG-1",0
"GACACGCAGGAGTTTA-1",5.25470393986021
"GACACGCAGGGCATGT-1",3.94354075117757
"GACACGCAGGTGCACA-1",0
"GACACGCAGTCCAGGA-1",2.81224474026215
"GACACGCAGTGGGATC-1",0
"GACACGCAGTGGGTTG-1",0
"GACACGCCAAGCGTAG-1",4.84030710155419
"GACACGCCAAGGACAC-1",0
"GACACGCCAGACGCTC-1",0
"GACACGCCATCCTTGC-1",7.45233889033061
"GACACGCGTTCACGGC-1",5.27770612452623
"GACACGCTCATGTAGC-1",0
"GACAGAGAGTACGATA-1",0
"GACAGAGCAACGATCT-1",0
"GACAGAGCAAGTCTAC-1",0
"GACAGAGCAGCTCCGA-1",0
"GACAGAGCAGCTGGCT-1",2.70058036499577
"GACAGAGTCAAACAAG-1",0
"GACAGAGTCAGAGACG-1",0
"GACAGAGTCCTTCAAT-1",0
"GACAGAGTCCTTGCCA-1",0
"GACAGAGTCTTCATGT-1",0
"GACCAATAGAAGGGTA-1",5.00314962604574
"GACCAATAGCTACCGC-1",0
"GACCAATAGCTACCTA-1",0
"GACCAATCAGGTGCCT-1",2.67725509165873
"GACCAATCATGCGCAC-1",0
"GACCAATGTACAGTTC-1",0
"GACCAATGTCGCTTCT-1",0
"GACCAATTCCGATATG-1",3.48833907651739
"GACCAATTCGAATGGG-1",2.61375573973199
"GACCAATTCGTCACGG-1",3.9012691940535
"GACCTGGCATCACAAC-1",0
"GACCTGGCATGTCTCC-1",2.49259563078473
"GACCTGGCATTGGCGC-1",7.35131998943318
"GACCTGGGTAAAGGAG-1",0
"GACCTGGGTCCAGTTA-1",2.81224474026215
"GACCTGGGTGCAGTAG-1",5.32910245548558
"GACCTGGTCATAGCAC-1",0
"GACCTGGTCCTTGCCA-1",3.24355968711976
"GACCTGGTCGCATGAT-1",0
"GACCTGGTCGTCACGG-1",0
"GACGCGTAGTGGTAAT-1",0
"GACGCGTAGTTGTAGA-1",0
"GACGCGTGTAAAGGAG-1",0
"GACGCGTGTGTGAAAT-1",0
"GACGCGTGTTAAGACA-1",3.78359157643286
"GACGCGTTCAAACCGT-1",0
"GACGCGTTCCAAATGC-1",0
"GACGCGTTCCGCGGTA-1",0
"GACGCGTTCCTACAGA-1",3.36323805686612
"GACGCGTTCTCCGGTT-1",0
"GACGGCTAGAAGATTC-1",0
"GACGGCTAGAGCTGGT-1",0
"GACGGCTCAAGGTTTC-1",0
"GACGGCTCACCGCTAG-1",3.68383820997636
"GACGGCTCATGAACCT-1",4.08561243759368
"GACGGCTCATGCAACT-1",0
"GACGGCTGTGTGTGCC-1",0
"GACGGCTGTTATGTGC-1",7.63512186357907
"GACGGCTGTTTGGCGC-1",0
"GACGGCTTCTATCGCC-1",2.72037256000448
"GACGTGCAGGCAAAGA-1",0
"GACGTGCAGGGTGTGT-1",0
"GACGTGCAGGTGTTAA-1",0
"GACGTGCCAGGTCGTC-1",0
"GACGTGCGTAACGTTC-1",0
"GACGTGCTCACCTCGT-1",0
"GACGTTAAGCTACCGC-1",2.99384638279349
"GACGTTAAGGCAAAGA-1",0
"GACGTTAAGTCAAGCG-1",2.83871864824185
"GACGTTACAAGCCATT-1",0
"GACGTTACAAGGTTTC-1",5.95044642560985
"GACGTTACAGACACTT-1",2.91171529010442
"GACGTTAGTATCTGCA-1",0
"GACGTTAGTTTGACAC-1",0
"GACGTTAGTTTGACTG-1",5.23275052409459
"GACGTTATCACAGGCC-1",0
"GACGTTATCATTGCGA-1",0
"GACGTTATCCCGGATG-1",0
"GACGTTATCCGAAGAG-1",2.39336217346739
"GACGTTATCGCGTTTC-1",5.38308255557359
"GACGTTATCTGTCCGT-1",0
"GACTAACAGACAGAGA-1",0
"GACTAACAGTGGAGAA-1",0
"GACTAACCAAATCCGT-1",0
"GACTAACGTCTAGTCA-1",5.49647140322556
"GACTAACGTGCAACTT-1",0
"GACTAACGTTCAGACT-1",0
"GACTAACTCCTTTCTC-1",0
"GACTAACTCTTGCCGT-1",5.32910245548558
"GACTAACTCTTTACAC-1",0
"GACTACAAGATATGGT-1",2.61375573973199
"GACTACACAAATCCGT-1",0
"GACTACAGTGCTGTAT-1",5.69581250331418
"GACTACATCAGCCTAA-1",0
"GACTACATCAGGTAAA-1",0
"GACTACATCTGCAGTA-1",0
"GACTGCGAGCGTAGTG-1",0
"GACTGCGAGTTGTAGA-1",0
"GACTGCGCACTTAACG-1",5.23779709594506
"GACTGCGCATGTTCCC-1",0
"GACTGCGGTACGCACC-1",0
"GACTGCGGTTCTCATT-1",0
"GACTGCGTCAACACAC-1",0
"GACTGCGTCACGACTA-1",0
"GACTGCGTCGCCCTTA-1",0
"GACTGCGTCTCAAACG-1",0
"GAGCAGAGTAGGGTAC-1",0
"GAGCAGAGTCAGATAA-1",4.85453282548698
"GAGCAGAGTCATATGC-1",0
"GAGCAGAGTGAGCGAT-1",2.61375573973199
"GAGCAGAGTGTAACGG-1",0
"GAGCAGAGTGTGACCC-1",0
"GAGCAGAGTTCGGGCT-1",0
"GAGCAGAGTTTAAGCC-1",0
"GAGCAGAGTTTGCATG-1",7.45233889033061
"GAGGTGAAGCAACGGT-1",0
"GAGGTGAAGGCTCTTA-1",0
"GAGGTGAAGTGGTAGC-1",0
"GAGGTGAAGTTGTAGA-1",0
"GAGGTGACACTGTCGG-1",3.46908284924617
"GAGGTGACATCCTTGC-1",0
"GAGGTGACATGCATGT-1",0
"GAGGTGAGTACCTACA-1",0
"GAGGTGAGTCATTAGC-1",5.69581250331418
"GAGGTGAGTTCCTCCA-1",4.31606457834966
"GAGGTGATCATCGCTC-1",0
"GAGGTGATCTAGAGTC-1",0
"GAGGTGATCTCTAGGA-1",3.05602789521809
"GAGGTGATCTGCTGTC-1",0
"GAGGTGATCTGGGCCA-1",0
"GAGTCCGAGGACAGAA-1",2.73572202328162
"GAGTCCGAGGCATGTG-1",3.9124244717232
"GAGTCCGAGGCGTACA-1",3.66584180318512
"GAGTCCGCAAACCCAT-1",0
"GAGTCCGGTCAAGCGA-1",3.66584180318512
"GAGTCCGGTGACCAAG-1",2.49259563078473
"GAGTCCGGTGACTCAT-1",0
"GAGTCCGGTGTGACCC-1",0
"GAGTCCGGTTCGGGCT-1",0
"GAGTCCGGTTTGCATG-1",3.48833907651739
"GAGTCCGTCGGCGCAT-1",5.23275052409459
"GAGTCCGTCTGATTCT-1",4.67702350984399
"GATCAGTAGATGTCGG-1",0
"GATCAGTAGTGGTAGC-1",0
"GATCAGTGTATATGAG-1",7.45233889033061
"GATCAGTGTCTGCGGT-1",0
"GATCAGTGTTATGCGT-1",0
"GATCAGTGTTGTACAC-1",7.45233889033061
"GATCGATAGAATGTTG-1",5.38308255557359
"GATCGATAGAGCTGCA-1",0
"GATCGATAGCATGGCA-1",0
"GATCGATCAAGCGAGT-1",4.44447061177424
"GATCGATCAAGCGTAG-1",0
"GATCGATGTCAACATC-1",2.83871864824185
"GATCGATGTTGCCTCT-1",4.07325247278028
"GATCGATTCCGCATCT-1",2.81224474026215
"GATCGCGAGATAGTCA-1",0
"GATCGCGAGCCTTGAT-1",0
"GATCGCGAGGAGCGTT-1",2.91223403843447
"GATCGCGCAGGTCGTC-1",0
"GATCGCGGTACAGCAG-1",0
"GATCGCGGTGAGTATA-1",3.9124244717232
"GATCGCGGTTGTCGCG-1",0
"GATCGCGTCACTCCTG-1",3.1255462014326
"GATCGTAAGACATAAC-1",4.84030710155419
"GATCGTAAGCTCAACT-1",0
"GATCGTACATAACCTG-1",3.64189710747773
"GATCGTAGTGGCTCCA-1",2.39336217346739
"GATCGTATCATATCGG-1",0
"GATCGTATCATGTCCC-1",0
"GATCGTATCTTACCGC-1",0
"GATCTAGAGCGTCTAT-1",2.39155582030483
"GATCTAGAGTGGAGAA-1",0
"GATCTAGCAACACCTA-1",3.64189710747773
"GATCTAGCAAGGGTCA-1",2.55908231308359
"GATCTAGGTCTAAAGA-1",0
"GATCTAGGTCTCACCT-1",0
"GATCTAGGTCTCTTTA-1",4.23919906494726
"GATCTAGTCACATAGC-1",0
"GATCTAGTCTAAGCCA-1",0
"GATGAAAAGAGTAATC-1",2.39155582030483
"GATGAAAAGCTCCCAG-1",0
"GATGAAACACGGTAGA-1",0
"GATGAAACAGCTGTAT-1",0
"GATGAAAGTGGGTATG-1",4.84030710155419
"GATGAAATCACCCTCA-1",0
"GATGAAATCACTCCTG-1",0
"GATGAAATCAGCAACT-1",4.44447061177424
"GATGAAATCGAGAGCA-1",0
"GATGAGGAGATCCCGC-1",5.63398996367675
"GATGAGGAGTTCGATC-1",3.17814927087811
"GATGAGGCACCAGTTA-1",5.01982784419327
"GATGAGGGTATCACCA-1",4.67702350984399
"GATGAGGGTATTCGTG-1",3.91746984045102
"GATGAGGGTCGCGTGT-1",0
"GATGAGGGTGATGATA-1",0
"GATGAGGTCACAGGCC-1",0
"GATGAGGTCACATAGC-1",2.65253965859836
"GATGAGGTCCCTTGTG-1",2.84268801377197
"GATGAGGTCTGCTGTC-1",0
"GATGCTAAGACTAAGT-1",0
"GATGCTAAGGATGCGT-1",4.44447061177424
"GATGCTAAGGCTCTTA-1",0
"GATGCTAAGGGAACGG-1",0
"GATGCTAAGTATCTCG-1",3.05602789521809
"GATGCTAAGTCTCGGC-1",5.66501271213414
"GATGCTACATGTTGAC-1",0
"GATGCTACATTGCGGC-1",4.20350843365867
"GATGCTAGTCTCCATC-1",4.67702350984399
"GATGCTAGTGGAAAGA-1",3.82429198965756
"GATGCTAGTTAGGGTG-1",0
"GATGCTATCCTGTACC-1",5.50220992165327
"GATGCTATCGGCGCTA-1",3.20963258199694
"GATTCAGAGAAACCTA-1",0
"GATTCAGAGAGTGACC-1",0
"GATTCAGAGATTACCC-1",5.32910245548558
"GATTCAGAGGGTCGAT-1",0
"GATTCAGAGGTCGGAT-1",0
"GATTCAGAGTCAATAG-1",3.48833907651739
"GATTCAGCAAGTTGTC-1",4.84030710155419
"GATTCAGCAATTCCTT-1",2.55908231308359
"GATTCAGCAGGGTACA-1",0
"GATTCAGCATCGACGC-1",9.42397060681346
"GATTCAGCATTATCTC-1",2.81224474026215
"GATTCAGGTAAATACG-1",0
"GATTCAGTCAACTCTT-1",3.0985411626489
"GCAAACTAGATGTTAG-1",4.34323597977393
"GCAAACTAGTCATGCT-1",0
"GCAAACTAGTCTCAAC-1",4.69669383877154
"GCAAACTCACAGGTTT-1",4.34323597977393
"GCAAACTGTCAGATAA-1",0
"GCAAACTGTCTCCATC-1",0
"GCAAACTTCGTGGTCG-1",0
"GCAATCAAGGGATCTG-1",0
"GCAATCAAGTATCTCG-1",0
"GCAATCAAGTGGGTTG-1",3.0985411626489
"GCAATCACAGCTTAAC-1",0
"GCAATCACATGTCGAT-1",0
"GCAATCACATTCCTCG-1",3.47262846974629
"GCAATCAGTAGGAGTC-1",3.91938537264163
"GCAATCAGTATAATGG-1",3.18008890190809
"GCAATCAGTTCTCATT-1",0
"GCAATCAGTTCTGGTA-1",4.22576941380297
"GCACATAAGAGCTATA-1",3.24355968711976
"GCACATAAGATGTTAG-1",0
"GCACATAAGCCTTGAT-1",0
"GCACATAAGGAGTACC-1",4.8108969460025
"GCACATAAGTGAAGTT-1",0
"GCACATACACCACGTG-1",0
"GCACATACAGCTGTAT-1",0
"GCACATACAGGAACGT-1",0
"GCACATAGTCATCGGC-1",5.25470393986021
"GCACATAGTCCGAATT-1",0
"GCACATAGTCTCTTTA-1",0
"GCACATAGTGCGCTTG-1",6.89752666679952
"GCACATATCACCTCGT-1",3.24032336290975
"GCACATATCTGGTTCC-1",4.60179217096341
"GCACTCTCAAGACACG-1",2.73028501276063
"GCACTCTCAATCACAC-1",0
"GCACTCTCATTTCAGG-1",0
"GCACTCTGTAAACCTC-1",0
"GCACTCTGTACCAGTT-1",0
"GCACTCTGTAGAAAGG-1",3.64189710747773
"GCACTCTGTCGAACAG-1",0
"GCACTCTGTCTAGGTT-1",2.55908231308359
"GCACTCTTCAACTCTT-1",0
"GCACTCTTCCCTAATT-1",5.49647140322556
"GCACTCTTCTGCCCTA-1",0
"GCAGCCAAGCTGATAA-1",0
"GCAGCCACATGAGCGA-1",5.95044642560985
"GCAGCCAGTAATCGTC-1",4.44447061177424
"GCAGCCAGTGTCGCTG-1",2.67403644864988
"GCAGCCATCAGTTGAC-1",0
"GCAGCCATCCCAACGG-1",3.48833907651739
"GCAGCCATCCGTACAA-1",0
"GCAGTTAAGTCCATAC-1",4.50559917816657
"GCAGTTAAGTCCGTAT-1",9.42397060681346
"GCAGTTAAGTTAACGA-1",3.24355968711976
"GCAGTTAGTGGACGAT-1",3.66584180318512
"GCAGTTAGTTATTCTC-1",0
"GCAGTTATCGCGATCG-1",0
"GCATACAAGATCTGCT-1",2.70058036499577
"GCATACAAGCAACGGT-1",4.50559917816657
"GCATACACAACGCACC-1",0
"GCATACACAAGGACTG-1",5.29160369951041
"GCATACACAAGTCTGT-1",0
"GCATACACAGTCAGCC-1",5.50220992165327
"GCATACACATCCTAGA-1",3.20963258199694
"GCATACACATCGGAAG-1",0
"GCATACAGTCCGAACC-1",0
"GCATACAGTTCTGGTA-1",0
"GCATACATCCACGACG-1",0
"GCATGATAGAATGTTG-1",5.23275052409459
"GCATGATAGAGTAATC-1",0
"GCATGATAGCTGATAA-1",3.64189710747773
"GCATGATAGGACCACA-1",5.50220992165327
"GCATGATAGGCTAGCA-1",0
"GCATGATAGTCAAGCG-1",0
"GCATGATAGTGGAGAA-1",0
"GCATGATCACACCGAC-1",2.61375573973199
"GCATGATCACATTTCT-1",0
"GCATGATGTCCCTACT-1",0
"GCATGATGTTGCGCAC-1",3.24355968711976
"GCATGATTCGTGGACC-1",0
"GCATGCGAGCATGGCA-1",3.25213397797977
"GCATGCGAGTCCAGGA-1",0
"GCATGCGCACTGCCAG-1",4.34323597977393
"GCATGCGGTAAGGATT-1",6.6933144556611
"GCATGCGGTCCTCTTG-1",4.12509302083025
"GCATGCGGTGTGAAAT-1",2.91223403843447
"GCATGCGTCCGCGGTA-1",5.32910245548558
"GCATGTAAGAACTGTA-1",0
"GCATGTAAGACAGACC-1",0
"GCATGTAAGTACTTGC-1",2.91171529010442
"GCATGTAAGTGCAAGC-1",0
"GCATGTACAACACGCC-1",2.67403644864988
"GCATGTATCACGAAGG-1",0
"GCCAAATCAAACTGTC-1",4.41375994707501
"GCCAAATCAAGGGTCA-1",0
"GCCAAATCAAGTTCTG-1",0
"GCCAAATCATAACCTG-1",0
"GCCAAATGTATAAACG-1",4.20350843365867
"GCCAAATGTGTTTGGT-1",0
"GCCAAATGTTTCGCTC-1",0
"GCCAAATTCAGGTAAA-1",0
"GCCAAATTCCGAGCCA-1",3.9124244717232
"GCCAAATTCCGCGGTA-1",2.38169038092219
"GCCAAATTCGGCTACG-1",0
"GCCTCTAAGAGTACCG-1",0
"GCCTCTAAGCCATCGC-1",3.94354075117757
"GCCTCTAAGCCGCCTA-1",5.98451958094851
"GCCTCTAAGCGATAGC-1",0
"GCCTCTAAGCTGCAAG-1",5.69581250331418
"GCCTCTAAGCTTCGCG-1",2.55908231308359
"GCCTCTAAGTCACGCC-1",0
"GCCTCTACAAGACGTG-1",0
"GCCTCTACAGCTATTG-1",0
"GCCTCTAGTAAGGATT-1",0
"GCCTCTAGTGATGATA-1",3.64189710747773
"GCCTCTAGTTAAGGGC-1",2.83871864824185
"GCCTCTATCAGCGACC-1",0
"GCCTCTATCCGATATG-1",3.63622414840658
"GCCTCTATCGAATCCA-1",4.08561243759368
"GCCTCTATCGAGCCCA-1",0
"GCCTCTATCGCTGATA-1",0
"GCCTCTATCTTTAGGG-1",0
"GCGACCAAGAGGTTAT-1",5.95044642560985
"GCGACCACACTTACGA-1",3.73095805470885
"GCGACCAGTCAGGACA-1",6.79972526437236
"GCGACCAGTCTAGAGG-1",4.18325056924089
"GCGACCATCAACGGGA-1",2.68042063714134
"GCGACCATCCCGGATG-1",0
"GCGACCATCTACTCAT-1",4.27305445832117
"GCGAGAAAGGTTCCTA-1",4.09511326997634
"GCGAGAAAGTACGATA-1",2.84268801377197
"GCGAGAAAGTGTCTCA-1",3.55476738498637
"GCGAGAACAAGCCCAC-1",3.60943628975885
"GCGAGAACACTGAAGG-1",0
"GCGAGAAGTAGCGCTC-1",2.49259563078473
"GCGAGAAGTCCCTACT-1",8.09082961972751
"GCGAGAATCCTTTCGG-1",8.4807874222032
"GCGAGAATCGAGAGCA-1",0
"GCGAGAATCGCACTCT-1",0
"GCGCAACAGTCCTCCT-1",2.39155582030483
"GCGCAACAGTGTACGG-1",0
"GCGCAACCAAGTCTGT-1",0
"GCGCAACCAGCCACCA-1",0
"GCGCAACGTAGCGCTC-1",5.95044642560985
"GCGCAACGTCCCTTGT-1",0
"GCGCAACGTCCTAGCG-1",5.69581250331418
"GCGCAACGTCGACTAT-1",0
"GCGCAACGTCTAGAGG-1",0
"GCGCAACTCAATACCG-1",0
"GCGCAGTCACATCCAA-1",5.08196170116882
"GCGCAGTCATTACCTT-1",0
"GCGCAGTGTTAGGGTG-1",3.46908284924617
"GCGCAGTTCGATCCCT-1",3.16738910247741
"GCGCAGTTCGCGGATC-1",0
"GCGCCAAAGACATAAC-1",0
"GCGCCAAAGGACAGCT-1",0
"GCGCCAAAGGCCCTTG-1",0
"GCGCCAAAGGGCTTCC-1",2.39155582030483
"GCGCCAAAGGTACTCT-1",0
"GCGCCAACATAACCTG-1",0
"GCGCCAACATTGGGCC-1",0
"GCGCCAAGTACTTGAC-1",0
"GCGCCAAGTCGGCACT-1",0
"GCGCCAAGTGAAAGAG-1",5.27130255718415
"GCGCCAAGTTGTACAC-1",0
"GCGCCAATCCGTTGCT-1",0
"GCGCGATAGAAGGTTT-1",0
"GCGCGATAGCAGGTCA-1",0
"GCGCGATAGTGAATTG-1",0
"GCGCGATAGTTTGCGT-1",3.24355968711976
"GCGCGATCAGCTCGAC-1",5.06485116601669
"GCGCGATGTAAGTAGT-1",0
"GCGCGATGTCACTTCC-1",0
"GCGCGATGTTACCAGT-1",2.84268801377197
"GCGCGATTCAGTTAGC-1",3.31926329030216
"GCGCGATTCGTTTAGG-1",3.68383820997636
"GCGGGTTAGAAACGAG-1",0
"GCGGGTTAGCTATGCT-1",0
"GCGGGTTAGTGTGAAT-1",4.30419229224743
"GCGGGTTCACGCGAAA-1",5.50220992165327
"GCGGGTTCAGGCAGTA-1",0
"GCGGGTTCAGTAACGG-1",2.38169038092219
"GCGGGTTGTGAGTATA-1",4.85453282548698
"GCGGGTTGTGGCGAAT-1",0
"GCGGGTTTCCAAAGTC-1",0
"GCGGGTTTCCTTTCTC-1",0
"GCGGGTTTCTCCAACC-1",0
"GCGGGTTTCTTGAGGT-1",0
"GCGGGTTTCTTGTATC-1",4.50559917816656
"GCTCCTACAAACTGTC-1",0
"GCTCCTACACCAGGTC-1",0
"GCTCCTACACCGATAT-1",3.66584180318512
"GCTCCTACAGGGTACA-1",2.70058036499577
"GCTCCTACATTAGCCA-1",3.05602789521809
"GCTCCTAGTCAGGACA-1",3.23248392861446
"GCTCCTAGTCCGTCAG-1",0
"GCTCCTATCAGCCTAA-1",2.39155582030483
"GCTCCTATCCCTAATT-1",5.27770612452623
"GCTCTGTAGAGGTAGA-1",0
"GCTCTGTAGCTGAACG-1",0
"GCTCTGTAGGAGTCTG-1",0
"GCTCTGTAGTGCTGCC-1",0
"GCTCTGTAGTGGACGT-1",0
"GCTCTGTTCACCTCGT-1",2.76923140590347
"GCTGCAGAGCGTGAGT-1",0
"GCTGCAGAGTCAAGCG-1",0
"GCTGCAGAGTCCCACG-1",0
"GCTGCAGCAATTGCTG-1",0
"GCTGCAGCATGCCCGA-1",0
"GCTGCAGCATGCCTAA-1",6.6933144556611
"GCTGCAGGTAAACCTC-1",0
"GCTGCAGGTACGAAAT-1",0
"GCTGCAGGTAGCGCAA-1",4.52848290045276
"GCTGCAGGTCACCCAG-1",0
"GCTGCAGGTCATGCCG-1",2.67403644864988
"GCTGCGAAGGAATGGA-1",0
"GCTGCGAGTCTAACGT-1",0
"GCTGCGAGTGTTTGGT-1",2.99379584673205
"GCTGCGATCTCCTATA-1",3.52921072870531
"GCTGCGATCTTGTTTG-1",0
"GCTGCTTAGAATTGTG-1",0
"GCTGCTTAGGCAATTA-1",3.47262846974629
"GCTGCTTCATCACGTA-1",0
"GCTGCTTCATCCAACA-1",0
"GCTGCTTCATGCCTAA-1",4.08561243759368
"GCTGCTTCATGGTCAT-1",0
"GCTGCTTGTAACGACG-1",4.34323597977393
"GCTGCTTGTAATCGTC-1",2.83871864824185
"GCTGCTTGTAGGGACT-1",7.12280794392042
"GCTGCTTGTGAAAGAG-1",0
"GCTGCTTTCCGGGTGT-1",0
"GCTGGGTAGACCCACC-1",3.27725172804353
"GCTGGGTAGCCACGCT-1",0
"GCTGGGTAGTCGCCGT-1",0
"GCTGGGTAGTCTCAAC-1",0
"GCTGGGTCACGGCTAC-1",0
"GCTGGGTCAGCCAATT-1",0
"GCTGGGTGTACAGTTC-1",0
"GCTGGGTGTACCGTTA-1",0
"GCTGGGTGTCGAGTTT-1",0
"GCTGGGTGTCTCCACT-1",0
"GCTGGGTGTGCCTGTG-1",0
"GCTGGGTTCAGCTTAG-1",0
"GCTGGGTTCCTTAATC-1",0
"GCTTCCAAGAAACCTA-1",3.63622414840658
"GCTTCCACACCACCAG-1",5.95044642560985
"GCTTCCACAGGTCGTC-1",3.91746984045102
"GCTTCCACAGTGAGTG-1",3.18008890190809
"GCTTCCAGTATAGGTA-1",5.23779709594506
"GCTTCCAGTTCAGCGC-1",0
"GCTTCCATCGTCCAGG-1",0
"GCTTGAAAGATGGCGT-1",0
"GCTTGAAAGCCGTCGT-1",0
"GCTTGAACAAACCTAC-1",2.83871864824185
"GCTTGAACACGGTGTC-1",0
"GCTTGAACATCGGAAG-1",0
"GCTTGAAGTGCGGTAA-1",0
"GCTTGAAGTTCTCATT-1",0
"GCTTGAATCAGGATCT-1",0
"GGAAAGCAGGCAGGTT-1",0
"GGAAAGCCAAACGCGA-1",3.26408422982051
"GGAAAGCCAAGTACCT-1",7.45233889033061
"GGAAAGCGTAAGCACG-1",0
"GGAAAGCGTCCTCCAT-1",4.59512792576462
"GGAAAGCGTCGCGTGT-1",0
"GGAAAGCGTGCTTCTC-1",0
"GGAAAGCTCCAGAGGA-1",0
"GGAACTTAGAGTAAGG-1",0
"GGAACTTCAATGTAAG-1",0
"GGAACTTCACAGGAGT-1",0
"GGAACTTCACCTCGTT-1",0
"GGAACTTGTCTCTTTA-1",5.26155252257805
"GGAACTTTCATTGCCC-1",0
"GGAACTTTCATTTGGG-1",0
"GGAACTTTCCGTCATC-1",0
"GGAACTTTCCTCAACC-1",0
"GGAACTTTCGGATGTT-1",0
"GGAATAAAGGTACTCT-1",0
"GGAATAAAGTGTCCAT-1",3.04131148813589
"GGAATAACAGCGTCCA-1",4.08561243759368
"GGAATAAGTCTGGTCG-1",0
"GGAATAAGTGCAGGTA-1",0
"GGAATAATCAGCACAT-1",0
"GGAATAATCTTTACGT-1",0
"GGACAAGAGGTACTCT-1",0
"GGACAAGCAACGATGG-1",3.12990592084463
"GGACAAGCAGTCGTGC-1",0
"GGACAAGCATGGGACA-1",4.50559917816657
"GGACAAGGTATAAACG-1",0
"GGACAAGGTATGAAAC-1",0
"GGACAAGGTCGGCATC-1",0
"GGACAAGGTTATGCGT-1",2.39336217346739
"GGACAAGTCTAACGGT-1",0
"GGACAGAAGCTAGTCT-1",5.23275052409459
"GGACAGAAGTACTTGC-1",0
"GGACAGACAACACGCC-1",3.94011948498366
"GGACAGACACAAGCCC-1",0
"GGACAGAGTAAGTGGC-1",0
"GGACAGAGTCTTTCAT-1",0
"GGACAGAGTGAGGGAG-1",2.91223403843447
"GGACAGAGTTCCACAA-1",0
"GGACAGATCAACGCTA-1",0
"GGACATTAGAGGGCTT-1",0
"GGACATTAGCCACGTC-1",0
"GGACATTCAAACGCGA-1",3.36323805686612
"GGACATTCAATGACCT-1",4.44447061177424
"GGACATTCACCAGCAC-1",0
"GGACATTGTTCTGGTA-1",0
"GGACATTTCCTCTAGC-1",0
"GGACGTCAGTACTTGC-1",0
"GGACGTCAGTGGTAAT-1",4.59512792576462
"GGACGTCCACAGTCGC-1",6.79972526437236
"GGACGTCGTGAGGGAG-1",0
"GGACGTCGTGGCGAAT-1",5.49647140322556
"GGACGTCGTTACGGAG-1",0
"GGACGTCGTTTAAGCC-1",4.12509302083025
"GGACGTCTCCACTCCA-1",0
"GGACGTCTCGCAAACT-1",7.17192049192809
"GGACGTCTCTCCAGGG-1",0
"GGACGTCTCTCGAGTA-1",0
"GGACGTCTCTGGTGTA-1",0
"GGACGTCTCTTCGAGA-1",5.06485116601669
"GGAGCAAAGAACTCGG-1",5.95044642560985
"GGAGCAAAGACTGTAA-1",0
"GGAGCAAAGCCGCCTA-1",6.38446101521483
"GGAGCAAAGCTAAACA-1",0
"GGAGCAAAGTACGCCC-1",0
"GGAGCAACAAGCTGTT-1",0
"GGAGCAACAATGGACG-1",0
"GGAGCAACAATTCCTT-1",3.25213397797977
"GGAGCAACATGCTGGC-1",8.01465373179287
"GGAGCAAGTGAGTATA-1",0
"GGAGCAAGTTACTGAC-1",3.15584165871744
"GGAGCAATCAAGATCC-1",2.49259563078473
"GGAGCAATCCCATTTA-1",5.50220992165327
"GGATGTTCAAACTGTC-1",0
"GGATGTTTCATCACCC-1",0
"GGATGTTTCATGCATG-1",0
"GGATGTTTCCTACAGA-1",0
"GGATGTTTCCTCTAGC-1",0
"GGATTACAGATCCCAT-1",0
"GGATTACAGCTTCGCG-1",0
"GGATTACAGGCTAGCA-1",3.74116849010407
"GGATTACAGTATCTCG-1",0
"GGATTACCAAGCGTAG-1",5.26155252257805
"GGATTACCACATCCGG-1",0
"GGATTACCAGCGTAAG-1",0
"GGATTACGTAATAGCA-1",0
"GGATTACGTACACCGC-1",0
"GGATTACGTCTCTTTA-1",3.60943628975885
"GGATTACGTTGAGGTG-1",0
"GGATTACTCGCGCCAA-1",5.08129295262982
"GGATTACTCGGCGCAT-1",0
"GGATTACTCTGCCCTA-1",3.0256016371365
"GGCAATTCAATCGGTT-1",4.1081826381642
"GGCAATTCACGGCGTT-1",6.38446101521483
"GGCAATTCATCACCCT-1",5.06485116601669
"GGCAATTGTCGATTGT-1",0
"GGCAATTTCACTTACT-1",0
"GGCAATTTCAGCACAT-1",0
"GGCAATTTCTCCGGTT-1",5.69581250331418
"GGCCGATAGTGTCTCA-1",2.49259563078473
"GGCCGATCACGGACAA-1",0
"GGCCGATGTAGGACAC-1",0
"GGCCGATGTCACTGGC-1",3.05602789521809
"GGCCGATGTCCCTACT-1",2.55908231308359
"GGCCGATTCACCGTAA-1",3.9124244717232
"GGCCGATTCCGCGCAA-1",4.29561905228481
"GGCGACTAGAGCTGGT-1",0
"GGCGACTAGGACCACA-1",4.69669383877154
"GGCGACTAGGTTACCT-1",2.67403644864988
"GGCGACTCAAAGCGGT-1",0
"GGCGACTCAAGAGTCG-1",0
"GGCGACTCACCAGGTC-1",0
"GGCGACTCATTGTGCA-1",0
"GGCGACTTCAGAAATG-1",0
"GGCGACTTCAGAGACG-1",0
"GGCGACTTCCAGATCA-1",0
"GGCGACTTCTCTAGGA-1",0
"GGCGTGTAGCTAGCCC-1",5.18938661924325
"GGCGTGTAGGGTATCG-1",3.55476738498637
"GGCGTGTCAGGTCCAC-1",0
"GGCGTGTCAGTATAAG-1",0
"GGCGTGTCATCGTCGG-1",3.27725172804353
"GGCGTGTCATGGAATA-1",0
"GGCGTGTGTCTCCCTA-1",0
"GGCGTGTTCTTGAGGT-1",6.79972526437236
"GGCTCGAAGCCGTCGT-1",3.23056400890336
"GGCTCGAAGGTAAACT-1",0
"GGCTCGACAAGAAGAG-1",2.67403644864988
"GGCTCGACAATAGCAA-1",0
"GGCTCGACATGGTCAT-1",3.0256016371365
"GGCTCGAGTATATCCG-1",7.63512186357907
"GGCTCGAGTTACGTCA-1",0
"GGCTCGAGTTAGGGTG-1",7.35131998943318
"GGCTCGATCTGCAAGT-1",3.23248392861446
"GGCTGGTAGAAGAAGC-1",0
"GGCTGGTAGACCCACC-1",3.05602789521809
"GGCTGGTCAAGGACAC-1",0
"GGCTGGTCACTGCCAG-1",0
"GGCTGGTCATTTCAGG-1",0
"GGCTGGTGTATTCTCT-1",0
"GGCTGGTGTCGCATCG-1",0
"GGCTGGTGTCTAGTGT-1",3.15584165871744
"GGCTGGTGTTATGCGT-1",3.78359616110731
"GGGAATGAGCGTTGCC-1",0
"GGGAATGAGTAGGTGC-1",3.27725172804353
"GGGAATGGTAAGGGAA-1",0
"GGGAATGTCAACGAAA-1",0
"GGGAATGTCCAGTATG-1",0
"GGGAATGTCCGGGTGT-1",0
"GGGACCTAGATGTAAC-1",0
"GGGACCTAGTCTTGCA-1",2.59572304544143
"GGGACCTCAATCAGAA-1",3.20963258199694
"GGGACCTCACTGAAGG-1",0
"GGGAGATAGTACGACG-1",5.49647140322556
"GGGAGATCAAAGTGCG-1",3.12990592084463
"GGGAGATCAAATCCGT-1",3.0256016371365
"GGGAGATCAAGGACTG-1",0
"GGGAGATCACGCGAAA-1",0
"GGGAGATGTAGCGCAA-1",4.30419229224743
"GGGAGATTCAACGGGA-1",5.95044642560985
"GGGAGATTCATCACCC-1",0
"GGGATGAAGTGACATA-1",4.12509302083025
"GGGATGACATCATCCC-1",0
"GGGATGAGTCACCCAG-1",0
"GGGATGAGTGGAAAGA-1",0
"GGGATGAGTTACGACT-1",0
"GGGATGAGTTGGTAAA-1",0
"GGGATGATCAGTTAGC-1",0
"GGGATGATCTATCCTA-1",5.32910245548558
"GGGATGATCTTTAGGG-1",3.82429198965756
"GGGCACTAGTCTCGGC-1",0
"GGGCACTCATCTCCCA-1",0
"GGGCACTTCACCTCGT-1",0
"GGGCACTTCTGAGGGA-1",0
"GGGCATCCAATGTAAG-1",0
"GGGCATCCAGTCTTCC-1",4.85453282548698
"GGGCATCGTGGCGAAT-1",0
"GGGCATCTCACAGTAC-1",2.70058036499577
"GGGCATCTCCCTTGTG-1",3.63622414840658
"GGGCATCTCCGGCACA-1",4.28848383350673
"GGGCATCTCTGTCCGT-1",0
"GGGCATCTCTTATCTG-1",0
"GGGTCTGAGAAGATTC-1",3.75639221031303
"GGGTCTGAGATCCCGC-1",0
"GGGTCTGAGCCAACAG-1",0
"GGGTCTGCACAGGCCT-1",0
"GGGTCTGCACCAGGTC-1",0
"GGGTCTGGTCTGGTCG-1",0
"GGGTCTGGTGATGATA-1",3.0985411626489
"GGGTCTGGTGTGACCC-1",0
"GGGTCTGTCAACTCTT-1",2.73572202328162
"GGGTCTGTCACTCCTG-1",4.09511326997634
"GGGTCTGTCCGTAGTA-1",7.35131998943318
"GGGTTGCAGACAGAGA-1",0
"GGGTTGCAGACCTTTG-1",0
"GGGTTGCAGATCGATA-1",0
"GGGTTGCAGGGTGTTG-1",5.25470393986021
"GGGTTGCAGGTGGGTT-1",0
"GGGTTGCCAATAACGA-1",0
"GGGTTGCCACGCCAGT-1",0
"GGGTTGCCATTAACCG-1",0
"GGGTTGCGTACATCCA-1",0
"GGGTTGCGTAGCGCAA-1",2.99384638279349
"GGGTTGCGTCCTCCAT-1",0
"GGGTTGCGTCGAGTTT-1",0
"GGGTTGCGTGAGTATA-1",3.0256016371365
"GGGTTGCGTGTGACCC-1",0
"GGGTTGCTCGTACCGG-1",2.83871864824185
"GGTATTGAGCACCGTC-1",0
"GGTATTGAGCTATGCT-1",2.91223403843447
"GGTATTGCACATCCAA-1",6.38446101521483
"GGTATTGCAGCTTCGG-1",4.59512792576462
"GGTATTGGTTCCGTCT-1",3.05598706202204
"GGTATTGTCAGAAATG-1",5.26155252257805
"GGTATTGTCCATTCTA-1",0
"GGTATTGTCGCCAGCA-1",5.06485116601669
"GGTGAAGAGACACGAC-1",4.67702350984399
"GGTGAAGAGATCCGAG-1",6.79972526437236
"GGTGAAGCAAGGTGTG-1",0
"GGTGAAGCACTCGACG-1",0
"GGTGAAGCAGTATGCT-1",2.76923140590347
"GGTGAAGGTATGAAAC-1",0
"GGTGAAGGTCAGAATA-1",0
"GGTGAAGGTGGTACAG-1",3.46908284924617
"GGTGAAGGTGTATGGG-1",0
"GGTGAAGGTGTCTGAT-1",3.0256016371365
"GGTGAAGGTGTGGTTT-1",6.61631381583448
"GGTGAAGGTGTGTGCC-1",0
"GGTGAAGTCACGATGT-1",0
"GGTGAAGTCACTCTTA-1",0
"GGTGAAGTCTGGCGTG-1",0
"GGTGCGTAGGTGATTA-1",7.65663607261412
"GGTGCGTAGTACGATA-1",2.49259563078473
"GGTGCGTCACTTAAGC-1",0
"GGTGCGTCAGCTGTAT-1",0
"GGTGCGTGTTCGTTGA-1",0
"GGTGCGTTCCGTACAA-1",4.50559917816657
"GGTGCGTTCTTGACGA-1",5.55302491575152
"GGTGTTAAGGGCTCTC-1",0
"GGTGTTAAGTAGCGGT-1",0
"GGTGTTAAGTGGGATC-1",2.39155582030483
"GGTGTTAAGTTATCGC-1",0
"GGTGTTACAAATCCGT-1",4.84030710155419
"GGTGTTACACGGATAG-1",0
"GGTGTTAGTAATCACC-1",0
"GGTGTTAGTAGCAAAT-1",0
"GGTGTTAGTGTATGGG-1",0
"GGTGTTAGTTGAACTC-1",0
"GGTGTTATCGGACAAG-1",0
"GGTGTTATCGGTGTTA-1",0
"GGTGTTATCTACTTAC-1",3.6907623389367
"GTAACGTAGGTGACCA-1",0
"GTAACGTCACAGGCCT-1",0
"GTAACGTGTACCATCA-1",3.82429198965756
"GTAACGTGTGAGTATA-1",0
"GTAACGTGTTACGGAG-1",4.31606457834966
"GTAACGTGTTAGGGTG-1",0
"GTAACGTTCGGTCCGA-1",0
"GTAACGTTCTCATTCA-1",0
"GTAACTGAGTGGGTTG-1",0
"GTAACTGCAATGGAAT-1",3.20963258199694
"GTAACTGCACAGGCCT-1",0
"GTAACTGCAGGATCGA-1",2.84268801377197
"GTAACTGCATCGGGTC-1",0
"GTAACTGGTATTACCG-1",6.58204820521154
"GTAACTGTCACGGTTA-1",0
"GTAACTGTCTACTATC-1",0
"GTACGTAAGGTGCTTT-1",5.26472327132648
"GTACGTACAGGAATGC-1",3.36323805686612
"GTACGTACATGGATGG-1",0
"GTACGTAGTGAGTGAC-1",0
"GTACGTAGTTGGTAAA-1",3.04131148813589
"GTACGTATCACCTCGT-1",0
"GTACGTATCATCGGAT-1",0
"GTACGTATCCACTGGG-1",4.09511326997634
"GTACTCCAGGCAGTCA-1",4.84737107774817
"GTACTCCCAATAGCGG-1",0
"GTACTCCCACAGGTTT-1",3.67385180719951
"GTACTCCTCACCTTAT-1",0
"GTACTCCTCATTGCCC-1",0
"GTACTCCTCCTTCAAT-1",5.02075816883831
"GTACTTTCAGTTAACC-1",0
"GTACTTTCATGTCGAT-1",0
"GTACTTTTCCGAAGAG-1",5.23779709594506
"GTAGGCCAGCAATCTC-1",0
"GTAGGCCCATTCGACA-1",7.35131998943318
"GTAGGCCGTAACGCGA-1",0
"GTAGGCCGTAAGGGCT-1",3.18008890190809
"GTAGGCCGTACGACCC-1",0
"GTAGGCCGTTCAGGCC-1",2.55908231308359
"GTAGGCCGTTGATTGC-1",4.25537832558877
"GTAGGCCTCAGCACAT-1",7.18462899571654
"GTAGTCAAGAATGTGT-1",3.27725172804353
"GTAGTCAAGATGCCTT-1",0
"GTAGTCAAGGACGAAA-1",0
"GTAGTCAAGTGAAGAG-1",3.36323805686612
"GTAGTCATCGTCACGG-1",2.83871864824185
"GTAGTCATCTGAAAGA-1",5.98451958094851
"GTATCTTAGAAACCAT-1",0
"GTATCTTAGGCTATCT-1",0
"GTATCTTAGTTGTCGT-1",4.69669383877154
"GTATCTTCACACCGCA-1",0
"GTATCTTCACGAAGCA-1",0
"GTATCTTGTTCGCTAA-1",0
"GTATCTTTCATGCTCC-1",0
"GTATCTTTCATGTAGC-1",5.50220992165327
"GTATTCTAGAAACCAT-1",0
"GTATTCTAGACAAAGG-1",5.67459997129161
"GTATTCTCAAAGTCAA-1",0
"GTATTCTCAACAACCT-1",5.08761667758329
"GTATTCTCAACTTGAC-1",3.04131148813589
"GTATTCTCAATAAGCA-1",0
"GTATTCTCAGGGTTAG-1",0
"GTATTCTCATACTACG-1",3.08255175114833
"GTATTCTCATGGTAGG-1",0
"GTATTCTGTAGTGAAT-1",0
"GTATTCTGTCTAGAGG-1",0
"GTCAAGTCATATGCTG-1",0
"GTCAAGTCATGGTTGT-1",0
"GTCAAGTGTCAGCTAT-1",4.34323597977393
"GTCAAGTGTTCCACTC-1",0
"GTCACAAAGCCGATTT-1",3.85292614704328
"GTCACAAAGTGGAGTC-1",4.50559917816657
"GTCACAACAGGTGGAT-1",0
"GTCACAAGTAAACGCG-1",0
"GTCACAATCAGGATCT-1",0
"GTCACAATCAGTTGAC-1",3.45403997799484
"GTCACAATCATGCATG-1",2.73572202328162
"GTCACGGAGATCACGG-1",7.45233889033061
"GTCACGGCATATACCG-1",2.72037256000448
"GTCACGGGTGAGTGAC-1",3.9124244717232
"GTCACGGGTGTGGCTC-1",0
"GTCACGGTCGAGAGCA-1",5.55302491575152
"GTCACGGTCTACCTGC-1",0
"GTCATTTAGAGACTAT-1",4.69669383877154
"GTCATTTCACGTGAGA-1",0
"GTCATTTGTAGAAGGA-1",9.42397060681346
"GTCATTTGTCAGATAA-1",0
"GTCATTTTCCAGAGGA-1",0
"GTCCTCAAGCCCAACC-1",0
"GTCCTCAAGTAGATGT-1",0
"GTCCTCAAGTGGGCTA-1",3.48833907651739
"GTCCTCACAATCACAC-1",0
"GTCCTCAGTGGAAAGA-1",3.85292614704328
"GTCCTCATCAAAGACA-1",0
"GTCCTCATCGTCCGTT-1",0
"GTCGGGTCACTGAAGG-1",2.39336217346739
"GTCGGGTCACTTCGAA-1",0
"GTCGGGTCATGAAGTA-1",4.34323597977393
"GTCGGGTGTCTCACCT-1",0
"GTCGGGTGTGTGACGA-1",0
"GTCGGGTGTGTGTGCC-1",0
"GTCGGGTGTTACGTCA-1",3.24379514924789
"GTCGGGTTCTGCTGTC-1",4.67702350984399
"GTCGGGTTCTGTGCAA-1",0
"GTCGTAAAGAGATGAG-1",3.05602789521809
"GTCGTAAAGCTGCAAG-1",0
"GTCGTAAAGGCGACAT-1",0
"GTCGTAACATCACGAT-1",4.85453282548698
"GTCGTAAGTATCACCA-1",0
"GTCGTAATCCAAGTAC-1",0
"GTCTCGTAGACCACGA-1",0
"GTCTCGTCAGGAACGT-1",0
"GTCTCGTGTGGTAACG-1",0
"GTCTCGTGTTTGGCGC-1",0
"GTCTCGTTCACCGGGT-1",0
"GTCTCGTTCAGTGCAT-1",0
"GTCTTCGAGACAAGCC-1",0
"GTCTTCGAGGAATGGA-1",0
"GTCTTCGAGTCAAGCG-1",2.61375573973199
"GTCTTCGCACATGGGA-1",2.49259563078473
"GTCTTCGCACCAGGTC-1",5.67459997129161
"GTCTTCGCAGACGCAA-1",3.85292614704328
"GTCTTCGCATAACCTG-1",0
"GTCTTCGCATCGATGT-1",0
"GTCTTCGGTCTAGTGT-1",0
"GTCTTCGTCTCGATGA-1",0
"GTGAAGGAGAGCTGGT-1",0
"GTGAAGGAGATCGGGT-1",4.84737107774817
"GTGAAGGAGCCAGTTT-1",0
"GTGAAGGAGTGTTGAA-1",9.42397060681346
"GTGAAGGCAAAGGCGT-1",5.27770612452623
"GTGAAGGCACTTAAGC-1",0
"GTGAAGGCAGATTGCT-1",0
"GTGAAGGGTATATGGA-1",7.35131998943318
"GTGAAGGGTCTCTCTG-1",0
"GTGAAGGTCTCCTATA-1",0
"GTGCAGCAGACATAAC-1",0
"GTGCAGCAGTGGTCCC-1",0
"GTGCAGCCACATCTTT-1",0
"GTGCAGCGTGAGTATA-1",8.4807874222032
"GTGCAGCTCTTAGAGC-1",0
"GTGCATAAGGCATGGT-1",0
"GTGCATAGTTTGTTGG-1",2.91171529010442
"GTGCATATCAGAGCTT-1",4.23919906494726
"GTGCATATCATCATTC-1",11.7175934050393
"GTGCATATCTGCGTAA-1",4.09511326997634
"GTGCGGTAGCAATCTC-1",6.38446101521483
"GTGCGGTAGGACAGAA-1",0
"GTGCGGTCAAAGGTGC-1",5.49647140322556
"GTGCGGTGTTCAGACT-1",0
"GTGCGGTGTTCTGTTT-1",0
"GTGCGGTTCATCTGCC-1",5.29160369951041
"GTGCGGTTCCAGGGCT-1",0
"GTGCGGTTCGGATGGA-1",0
"GTGCGGTTCTCGTTTA-1",6.38446101521483
"GTGCGGTTCTGCTGTC-1",5.69581250331418
"GTGCTTCAGCCAGTTT-1",0
"GTGCTTCAGGATTCGG-1",0
"GTGCTTCAGTACACCT-1",0
"GTGCTTCCACTTAACG-1",0
"GTGCTTCCAGCTATTG-1",0
"GTGCTTCGTAGAGTGC-1",5.32910245548558
"GTGCTTCTCACAATGC-1",5.23275052409459
"GTGCTTCTCACTTCAT-1",0
"GTGGGTCAGACCGGAT-1",0
"GTGGGTCAGACTGTAA-1",8.4807874222032
"GTGGGTCAGCCGTCGT-1",0
"GTGGGTCCACCAACCG-1",4.30419229224743
"GTGGGTCCACCACCAG-1",3.36323805686612
"GTGTGCGAGACCGGAT-1",0
"GTGTGCGAGACTTGAA-1",0
"GTGTGCGCAGGTCGTC-1",0
"GTGTGCGGTGAGCGAT-1",4.59512792576462
"GTGTGCGTCAGTCAGT-1",0
"GTGTGCGTCCCTTGTG-1",3.27112454009154
"GTGTGCGTCTAACTTC-1",5.55302491575152
"GTGTTAGAGGACAGAA-1",0
"GTGTTAGAGGCATGGT-1",0
"GTGTTAGAGTGGAGAA-1",5.29160369951041
"GTGTTAGAGTTTGCGT-1",3.12990592084463
"GTGTTAGCAATGGAAT-1",0
"GTGTTAGCACCACCAG-1",0
"GTGTTAGGTGCCTGGT-1",3.24417024686273
"GTGTTAGGTGGAAAGA-1",0
"GTGTTAGGTTCCATGA-1",3.6907623389367
"GTGTTAGGTTGGGACA-1",0
"GTTAAGCAGAGCTGCA-1",3.48833907651739
"GTTAAGCAGATAGCAT-1",0
"GTTAAGCAGCTAACAA-1",3.27725172804353
"GTTAAGCAGGCTACGA-1",0
"GTTAAGCAGTGTACCT-1",0
"GTTAAGCAGTTTGCGT-1",0
"GTTAAGCCATTCACTT-1",3.98315099751605
"GTTAAGCGTACTCGCG-1",0
"GTTAAGCGTCTAGGTT-1",2.38169038092219
"GTTAAGCGTGGCAAAC-1",3.46908284924617
"GTTAAGCGTTGCTCCT-1",0
"GTTAAGCTCCTTTCGG-1",6.38446101521483
"GTTACAGAGAGCTATA-1",5.98451958094851
"GTTACAGAGTACGATA-1",0
"GTTACAGCAGACGCCT-1",0
"GTTACAGCATCGGTTA-1",2.70058036499577
"GTTACAGGTATGGTTC-1",3.26408422982051
"GTTACAGGTCGACTGC-1",2.81224474026215
"GTTACAGGTCTAGGTT-1",0
"GTTCATTAGCGATGAC-1",5.50220992165327
"GTTCATTCATATACGC-1",5.23779709594506
"GTTCATTCATTGGCGC-1",0
"GTTCATTGTGCACGAA-1",0
"GTTCATTGTGTTAAGA-1",0
"GTTCATTGTTCAGTAC-1",0
"GTTCGGGAGACGACGT-1",2.99384638279349
"GTTCGGGAGCTAAGAT-1",3.94354075117757
"GTTCGGGAGTGTCTCA-1",3.73095805470885
"GTTCGGGGTAGGGTAC-1",0
"GTTCGGGGTGCAGGTA-1",0
"GTTCGGGTCCACGCAG-1",3.47262846974629
"GTTCGGGTCTACTTAC-1",0
"GTTCTCGAGACCACGA-1",0
"GTTCTCGAGCGATGAC-1",2.91223403843447
"GTTCTCGAGGCCATAG-1",0
"GTTCTCGCATCGGACC-1",0
"GTTCTCGGTAAGGGAA-1",0
"GTTCTCGGTAGCGTAG-1",3.23248392861446
"GTTCTCGGTCCGTGAC-1",3.0985411626489
"GTTCTCGGTGTTAAGA-1",4.84030710155419
"GTTCTCGTCAACGCTA-1",0
"GTTCTCGTCCTGTACC-1",0
"GTTTCTACAAACCTAC-1",0
"GTTTCTACAAGAAAGG-1",0
"GTTTCTAGTGTTGGGA-1",0
"GTTTCTATCCCAACGG-1",0
"GTTTCTATCCGTAGTA-1",2.67403644864988
"GTTTCTATCGGCATCG-1",2.84268801377197
"TAAACCGGTACTTAGC-1",0
"TAAACCGTCACTCTTA-1",2.91171529010442
"TAAACCGTCAGGCGAA-1",4.84737107774817
"TAAACCGTCCGTTGTC-1",0
"TAAACCGTCTTCCTTC-1",3.36323805686612
"TAAGAGACAAGTTGTC-1",2.81224474026215
"TAAGAGAGTATATCCG-1",5.49647140322556
"TAAGAGATCAATCACG-1",4.59512792576462
"TAAGAGATCTAACGGT-1",0
"TAAGAGATCTTTCCTC-1",0
"TAAGCGTAGTGGACGT-1",0
"TAAGCGTAGTGTCTCA-1",0
"TAAGCGTCAGCTTCGG-1",0
"TAAGCGTCAGGTGGAT-1",0
"TAAGCGTGTCCTGCTT-1",0
"TAAGCGTGTGCCTGGT-1",5.55302491575152
"TAAGCGTGTTGTTTGG-1",3.85292614704328
"TAAGCGTTCCTCATTA-1",0
"TAAGCGTTCGGCGCAT-1",0
"TAAGCGTTCTCGCATC-1",0
"TAAGTGCAGGCTAGGT-1",3.64189710747773
"TAAGTGCAGTAGCGGT-1",3.73095805470885
"TAAGTGCCAACGCACC-1",0
"TAAGTGCCATACAGCT-1",0
"TAAGTGCGTAAACACA-1",0
"TAAGTGCGTCTCACCT-1",0
"TAAGTGCGTTCAGACT-1",3.23056400890336
"TAAGTGCTCACCCTCA-1",0
"TAAGTGCTCACTGGGC-1",0
"TAAGTGCTCTGGCGTG-1",0
"TACACGACACCCATTC-1",0
"TACACGAGTGATAAAC-1",0
"TACACGATCTGTCTCG-1",0
"TACAGTGAGATGCGAC-1",3.24355968711976
"TACAGTGAGCGTTGCC-1",0
"TACAGTGAGTGTACGG-1",0
"TACAGTGCAGGAATCG-1",3.45241482899096
"TACAGTGCAGGTGCCT-1",0
"TACAGTGGTACTCAAC-1",0
"TACAGTGGTTGGACCC-1",0
"TACCTATAGAGCTGGT-1",0
"TACCTATAGAGTTGGC-1",0
"TACCTATAGGCTCATT-1",0
"TACCTATAGTTAGCGG-1",0
"TACCTATCAAGCTGGA-1",3.6907623389367
"TACCTATGTAAATGAC-1",3.24355968711976
"TACCTATGTAGAGTGC-1",0
"TACCTATGTCACCTAA-1",3.55476738498637
"TACCTATGTGTTGAGG-1",0
"TACCTATGTTAAAGAC-1",0
"TACCTATTCTATGTGG-1",0
"TACCTATTCTTCCTTC-1",0
"TACCTTAAGAGGTTGC-1",0
"TACCTTAAGTCAAGCG-1",4.84030710155419
"TACCTTAAGTGGTCCC-1",0
"TACCTTACAACTGGCC-1",0
"TACCTTACAAGGGTCA-1",0
"TACCTTACACTCAGGC-1",0
"TACCTTACATCTACGA-1",0
"TACCTTAGTAGCGTCC-1",3.27725172804353
"TACCTTAGTCTCCACT-1",8.02988778842039
"TACGGATAGATGGCGT-1",0
"TACGGATAGGTACTCT-1",2.78359486937716
"TACGGATCAGGGATTG-1",0
"TACGGATCATCACCCT-1",0
"TACGGATGTCTAGCCG-1",3.55476738498637
"TACGGATTCGGTGTCG-1",0
"TACGGATTCTACTATC-1",0
"TACGGGCAGGATGCGT-1",0
"TACGGGCAGGGAACGG-1",0
"TACGGGCAGTATTGGA-1",3.73095805470885
"TACGGGCAGTCAAGCG-1",4.34323597977393
"TACGGGCCAAGAAGAG-1",0
"TACGGGCCACCAGATT-1",3.23248392861446
"TACGGGCCATCAGTAC-1",3.23056400890336
"TACGGGCGTAAGGGCT-1",0
"TACGGGCGTCTGATTG-1",0
"TACGGGCGTGATGTGG-1",0
"TACGGGCTCACCTTAT-1",2.73572202328162
"TACGGGCTCAGCTCTC-1",2.61375573973199
"TACGGGCTCCACGAAT-1",0
"TACGGGCTCCTATTCA-1",0
"TACGGGCTCGGTGTTA-1",0
"TACGGTAAGATATGGT-1",0
"TACGGTAAGCCGATTT-1",3.25213397797977
"TACGGTAAGTCATGCT-1",2.39336217346739
"TACGGTAAGTGCCATT-1",3.55476738498637
"TACGGTACACAGGCCT-1",0
"TACGGTACATTTCAGG-1",5.26472327132648
"TACGGTAGTATATCCG-1",0
"TACGGTAGTCACTTCC-1",0
"TACGGTAGTGCAGGTA-1",3.29733224844314
"TACGGTAGTGGGTATG-1",0
"TACGGTATCGCAGGCT-1",4.69669383877154
"TACGGTATCGGACAAG-1",2.69991722900055
"TACGGTATCGTTTATC-1",3.64189710747773
"TACTCATAGTCACGCC-1",0
"TACTCATCAATCTACG-1",0
"TACTCATCACGGTAGA-1",0
"TACTCATCACTTCTGC-1",0
"TACTCATCATCCGTGG-1",3.6907623389367
"TACTCATCATGTCGAT-1",0
"TACTCATGTACAGCAG-1",0
"TACTCATGTCTTCAAG-1",2.91223403843447
"TACTCATTCCTTTCTC-1",2.61375573973199
"TACTCGCAGGCGACAT-1",0
"TACTCGCGTCAGAAGC-1",3.48833907651739
"TACTCGCGTCTGATTG-1",4.03438231502097
"TACTCGCGTGTAACGG-1",3.9124244717232
"TACTCGCGTTGAGTTC-1",11.7175934050393
"TACTCGCTCAACGGGA-1",0
"TACTCGCTCCGAATGT-1",0
"TACTTACAGACTAGGC-1",0
"TACTTACAGCTGAACG-1",3.08255175114833
"TACTTACAGTACACCT-1",0
"TACTTACAGTACGCCC-1",5.69581250331418
"TACTTACAGTGATCGG-1",0
"TACTTACCAAGCCGTC-1",0
"TACTTACCACAGGTTT-1",0
"TACTTACTCGCGTTTC-1",2.91171529010442
"TACTTGTAGCGATATA-1",2.83871864824185
"TACTTGTAGTAATCCC-1",0
"TACTTGTCAAACAACA-1",0
"TACTTGTCATGCAACT-1",0
"TACTTGTGTAGCACGA-1",0
"TACTTGTGTATAAACG-1",0
"TACTTGTGTTCCACAA-1",5.48259333492198
"TACTTGTTCTGCAGTA-1",0
"TAGACCAAGAGACGAA-1",3.36323805686612
"TAGACCAAGCCTCGTG-1",0
"TAGACCAAGTCGATAA-1",0
"TAGACCACAACACCCG-1",0
"TAGACCAGTAGATTAG-1",6.38446101521483
"TAGACCAGTTCATGGT-1",0
"TAGACCATCACTTCAT-1",0
"TAGACCATCGTCACGG-1",5.69581250331418
"TAGACCATCTCCAGGG-1",5.01626033901312
"TAGAGCTAGAATTCCC-1",0
"TAGAGCTAGTATTGGA-1",5.63398996367675
"TAGAGCTCACTGAAGG-1",5.08761667758329
"TAGAGCTGTACTTGAC-1",0
"TAGAGCTGTCTAAAGA-1",0
"TAGCCGGAGACTGGGT-1",0
"TAGCCGGAGTCCCACG-1",3.27725172804353
"TAGCCGGAGTGACATA-1",0
"TAGCCGGCAGCAGTTT-1",0
"TAGCCGGGTACAGTGG-1",0
"TAGCCGGGTACCATCA-1",4.67702350984399
"TAGCCGGGTCGCGAAA-1",3.24355968711976
"TAGCCGGTCACGACTA-1",0
"TAGGCATAGAACTGTA-1",0
"TAGGCATAGCTAGGCA-1",0
"TAGGCATAGTCGTACT-1",2.81224474026215
"TAGGCATAGTTTAGGA-1",5.18938661924325
"TAGGCATCAAGCCTAT-1",3.9124244717232
"TAGGCATCAGACGCAA-1",2.39155582030483
"TAGGCATGTACGAAAT-1",3.49949138711476
"TAGGCATGTCCAGTTA-1",3.78359616110731
"TAGGCATGTTCCACTC-1",2.69991722900055
"TAGGCATTCCCTAACC-1",0
"TAGGCATTCGCTAGCG-1",5.66501271213414
"TAGGCATTCGTAGATC-1",0
"TAGGCATTCTTCATGT-1",0
"TAGTGGTAGATCACGG-1",3.27725172804353
"TAGTGGTAGCTGTTCA-1",2.78359486937716
"TAGTGGTCAGTATAAG-1",0
"TAGTGGTGTAGCGTAG-1",5.95044642560985
"TAGTGGTTCAGCATGT-1",0
"TAGTGGTTCGGCGCAT-1",0
"TAGTGGTTCTCAAGTG-1",0
"TAGTGGTTCTGGGCCA-1",0
"TAGTGGTTCTTTAGTC-1",3.55476738498637
"TAGTTGGAGATAGGAG-1",3.98315099751605
"TAGTTGGCAGACGCAA-1",0
"TAGTTGGCATGCGCAC-1",7.45233889033061
"TAGTTGGGTATGGTTC-1",0
"TAGTTGGTCCGAATGT-1",3.23248392861446
"TAGTTGGTCTACTCAT-1",0
"TAGTTGGTCTCTAAGG-1",0
"TAGTTGGTCTGATACG-1",0
"TATCAGGAGAGTAAGG-1",3.55476738498637
"TATCAGGAGATCCGAG-1",0
"TATCAGGAGCAGATCG-1",0
"TATCAGGAGGTGCTTT-1",0
"TATCAGGCAACTTGAC-1",0
"TATCAGGCACGTTGGC-1",0
"TATCAGGGTCCGTTAA-1",3.0985411626489
"TATCAGGGTCTGCAAT-1",0
"TATCAGGGTTAAAGAC-1",0
"TATCAGGTCAAGATCC-1",0
"TATCAGGTCCACTCCA-1",2.70058036499577
"TATCAGGTCGTAGGTT-1",0
"TATCTCAAGAGTTGGC-1",0
"TATCTCAAGCCACCTG-1",2.84268801377197
"TATCTCAAGCGTAATA-1",3.73095805470885
"TATCTCAAGGCTAGCA-1",0
"TATCTCAAGTGGGCTA-1",0
"TATCTCACATGTCCTC-1",0
"TATCTCAGTAACGACG-1",4.1081826381642
"TATCTCAGTACCTACA-1",0
"TATCTCAGTACGACCC-1",2.68042063714134
"TATCTCAGTCAATGTC-1",0
"TATCTCATCAAGCCTA-1",3.57085279263339
"TATGCCCAGAAACCGC-1",0
"TATGCCCAGGTAGCTG-1",0
"TATGCCCCAATGGAAT-1",9.42397060681346
"TATGCCCCACTTAACG-1",0
"TATGCCCCATGTTCCC-1",0
"TATGCCCGTAGCCTCG-1",0
"TATGCCCGTATAGGGC-1",0
"TATGCCCGTATGAAAC-1",0
"TATGCCCGTCGCCATG-1",2.73572202328162
"TATGCCCGTGCCTTGG-1",3.8022283839774
"TATGCCCGTTAAGATG-1",5.67459997129161
"TATGCCCGTTGGTGGA-1",0
"TATGCCCGTTTAGGAA-1",0
"TATTACCAGAGAGCTC-1",0
"TATTACCAGCAAATCA-1",4.50559917816656
"TATTACCAGCCCGAAA-1",6.79972526437236
"TATTACCAGTATCTCG-1",0
"TATTACCCAAAGTGCG-1",0
"TATTACCCAGACAAGC-1",4.44447061177424
"TATTACCCAGTCAGCC-1",2.34293638851761
"TATTACCCATAAAGGT-1",0
"TATTACCCATCTACGA-1",0
"TATTACCGTCCAGTAT-1",2.83871864824185
"TCAACGAAGCCGATTT-1",0
"TCAACGAAGCGATGAC-1",4.28848383350673
"TCAACGAAGGCATGTG-1",5.55302491575152
"TCAACGAAGTAGTGCG-1",2.76923140590347
"TCAACGACACCAGGCT-1",0
"TCAACGACATGCCTTC-1",3.24355968711976
"TCAACGAGTTACCAGT-1",0
"TCAACGAGTTCCATGA-1",6.79972526437236
"TCAACGAGTTCTGGTA-1",6.79972526437236
"TCAACGATCAGTCCCT-1",3.9124244717232
"TCAACGATCTGTGCAA-1",0
"TCAATCTAGATCCCGC-1",0
"TCAATCTCACAAGCCC-1",0
"TCAATCTCACAGCCCA-1",0
"TCAATCTCATGACGGA-1",0
"TCAATCTCATTTGCTT-1",0
"TCAATCTGTAGTGAAT-1",0
"TCAATCTGTTAGATGA-1",0
"TCAATCTTCAGATAAG-1",2.61375573973199
"TCAATCTTCATGTCCC-1",0
"TCACAAGAGACTGGGT-1",4.50559917816656
"TCACAAGAGAGAGCTC-1",3.47510673188752
"TCACAAGAGGCCCTCA-1",0
"TCACAAGAGGTGGGTT-1",0
"TCACAAGAGTAGATGT-1",0
"TCACAAGCAGTATGCT-1",0
"TCACAAGCATAACCTG-1",0
"TCACAAGCATGACATC-1",0
"TCACAAGGTCAGATAA-1",0
"TCACAAGGTGTGGTTT-1",0
"TCACAAGTCATCATTC-1",0
"TCACAAGTCATGCATG-1",0
"TCACGAAAGCTCCTTC-1",0
"TCACGAAAGGTGCTTT-1",2.61375573973199
"TCACGAAAGTCTCGGC-1",2.91171529010442
"TCACGAACACAAGACG-1",2.67725509165873
"TCACGAACACTGTCGG-1",0
"TCACGAAGTGGTCCGT-1",5.63398996367675
"TCACGAAGTTGGTGGA-1",0
"TCACGAATCATGCAAC-1",3.94354075117757
"TCACGAATCCCGACTT-1",0
"TCACGAATCCTCGCAT-1",5.50220992165327
"TCACGAATCGTCACGG-1",0
"TCAGATGAGGTGCACA-1",0
"TCAGATGGTCTTGTCC-1",0
"TCAGATGGTGCCTGCA-1",2.39336217346739
"TCAGATGGTGCTGTAT-1",0
"TCAGATGTCAGTTTGG-1",6.38446101521483
"TCAGATGTCGCATGAT-1",4.23919906494726
"TCAGATGTCTCCTATA-1",0
"TCAGCAAAGGAGTCTG-1",0
"TCAGCAAAGGCTCATT-1",2.55908231308359
"TCAGCAAAGTACGACG-1",0
"TCAGCAAAGTGGCACA-1",0
"TCAGCAACACGCATCG-1",0
"TCAGCAAGTACCGGCT-1",2.94844767853524
"TCAGCAATCAGCGATT-1",0
"TCAGCAATCGGAAACG-1",0
"TCAGCAATCTTCAACT-1",0
"TCAGCTCAGGTGTTAA-1",0
"TCAGCTCAGTATGACA-1",2.81224474026215
"TCAGCTCCAATCTGCA-1",3.27725172804353
"TCAGCTCCACGGTTTA-1",0
"TCAGCTCGTAATAGCA-1",0
"TCAGCTCGTCCGTCAG-1",3.08255175114833
"TCAGCTCGTTCACGGC-1",2.92928907992297
"TCAGCTCTCACGATGT-1",4.50559917816657
"TCAGCTCTCATGCATG-1",3.25213397797977
"TCAGCTCTCCTAAGTG-1",3.11358922033894
"TCAGCTCTCTCGTATT-1",0
"TCAGGATAGACAGAGA-1",0
"TCAGGATAGATATGGT-1",0
"TCAGGATCAAACGTGG-1",3.0985411626489
"TCAGGATCAAGTTCTG-1",2.91223403843447
"TCAGGATCACGGTGTC-1",0
"TCAGGATCACTGTGTA-1",0
"TCAGGATCAGCATACT-1",5.08196170116882
"TCAGGATCATCTGGTA-1",5.32910245548558
"TCAGGATGTAAGCACG-1",0
"TCAGGATGTGGCCCTA-1",3.68383820997636
"TCAGGATTCCGATATG-1",2.39336217346739
"TCAGGATTCTCGATGA-1",5.48259333492198
"TCAGGTAAGATGGCGT-1",0
"TCAGGTAAGTGTTTGC-1",0
"TCAGGTACACAAGTAA-1",2.70058036499577
"TCAGGTACACAGAGGT-1",0
"TCAGGTACAGCTGCTG-1",0
"TCAGGTAGTAAACGCG-1",6.38446101521483
"TCATTACAGAAACCAT-1",0
"TCATTACAGGAGTTGC-1",0
"TCATTACAGTTGCAGG-1",0
"TCATTACCACATCCAA-1",0
"TCATTACCAGTCAGCC-1",0
"TCATTACGTACGCACC-1",0
"TCATTACGTCTAGAGG-1",0
"TCATTACGTGAAGGCT-1",0
"TCATTACGTTCTGTTT-1",3.27725172804353
"TCATTACTCATCGATG-1",0
"TCATTTGAGCCAGTTT-1",3.68383820997636
"TCATTTGCACGTCTCT-1",3.45136595792202
"TCATTTGCAGTTAACC-1",5.67459997129161
"TCATTTGTCCAGAGGA-1",0
"TCATTTGTCCCTTGCA-1",0
"TCATTTGTCCGTCAAA-1",0
"TCATTTGTCGCTAGCG-1",3.20963258199694
"TCATTTGTCGTACGGC-1",0
"TCATTTGTCTCTGCTG-1",5.67459997129161
"TCCACACCAAAGAATC-1",3.95666264401844
"TCCACACCACGCCAGT-1",3.0256016371365
"TCCACACGTACAGCAG-1",2.57736663116218
"TCCACACGTAGCCTAT-1",0
"TCCACACGTCATCGGC-1",6.38446101521483
"TCCACACGTGACCAAG-1",3.68383820997636
"TCCACACGTGCGAAAC-1",3.91938537264163
"TCCACACTCAACACCA-1",0
"TCCACACTCCAGTATG-1",0
"TCCACACTCCCATTTA-1",0
"TCCACACTCGAACTGT-1",0
"TCCCGATAGAAGAAGC-1",4.31606457834966
"TCCCGATAGCACAGGT-1",0
"TCCCGATAGCCGGTAA-1",3.48833907651739
"TCCCGATCAAGGTTCT-1",0
"TCCCGATCAGCCAATT-1",5.27770612452623
"TCCCGATCATCCAACA-1",0
"TCCCGATGTAAGGATT-1",0
"TCCCGATGTCAATACC-1",0
"TCCCGATTCAGAAATG-1",0
"TCCCGATTCAGTCCCT-1",0
"TCCCGATTCATCTGTT-1",0
"TCCCGATTCCCTAATT-1",5.23779709594506
"TCCCGATTCTGGAGCC-1",0
"TCGAGGCAGCGATGAC-1",0
"TCGAGGCAGTGTTTGC-1",0
"TCGAGGCCAAAGAATC-1",5.26472327132648
"TCGAGGCCAAGTTCTG-1",3.95666264401844
"TCGAGGCCAGTAACGG-1",0
"TCGAGGCGTATATCCG-1",2.38169038092219
"TCGAGGCTCGCAAGCC-1",0
"TCGAGGCTCTTGAGAC-1",0
"TCGAGGCTCTTTCCTC-1",4.30419229224743
"TCGCGAGAGACAAAGG-1",0
"TCGCGAGAGTGAATTG-1",3.73095805470885
"TCGCGAGCAAGCGTAG-1",6.94128111788602
"TCGCGAGCACCGAATT-1",8.09082961972751
"TCGCGAGCAGTAAGAT-1",0
"TCGCGAGTCCACGAAT-1",5.23779709594506
"TCGCGAGTCTAGCACA-1",2.83871864824185
"TCGCGAGTCTCTAGGA-1",0
"TCGCGAGTCTTCATGT-1",2.92928907992297
"TCGCGTTAGTGGGCTA-1",4.30419229224743
"TCGCGTTCACAGGCCT-1",0
"TCGCGTTCATCACAAC-1",2.61375573973199
"TCGCGTTCATCTCGCT-1",0
"TCGCGTTGTTCACCTC-1",0
"TCGCGTTTCAAGATCC-1",0
"TCGCGTTTCAGGTAAA-1",0
"TCGCGTTTCATTCACT-1",3.73076145129584
"TCGCGTTTCCTGTACC-1",0
"TCGCGTTTCGCCCTTA-1",8.01465373179287
"TCGGGACCACACATGT-1",0
"TCGGGACTCCTTGCCA-1",0
"TCGGGACTCTGCGGCA-1",3.25213397797977
"TCGGGACTCTTGTCAT-1",5.24821272765331
"TCGGTAAAGACAGGCT-1",0
"TCGGTAAAGCTCAACT-1",7.35131998943318
"TCGGTAACAAGCTGAG-1",0
"TCGGTAACAGGAATGC-1",0
"TCGGTAAGTATATGGA-1",4.31606457834966
"TCGGTAAGTCTAGTCA-1",0
"TCGGTAATCCCGGATG-1",4.50559917816657
"TCGTACCAGCAGGCTA-1",0
"TCGTACCAGTTTCCTT-1",0
"TCGTACCGTTTGCATG-1",3.15584165871744
"TCGTACCTCGGGAGTA-1",0
"TCGTAGAAGCTAACTC-1",2.70058036499577
"TCGTAGAAGGCGACAT-1",0
"TCGTAGAAGGGAACGG-1",0
"TCGTAGAAGTCCATAC-1",0
"TCGTAGACAATCCAAC-1",0
"TCGTAGACACTCAGGC-1",5.23275052409459
"TCGTAGAGTATGAATG-1",0
"TCGTAGAGTGAGCGAT-1",0
"TCGTAGAGTGTGTGCC-1",2.81224474026215
"TCGTAGAGTTCAACCA-1",4.69509498755224
"TCGTAGAGTTCCATGA-1",0
"TCGTAGATCCAAGCCG-1",0
"TCGTAGATCTTAGCCC-1",0
"TCTATTGAGCGATTCT-1",0
"TCTATTGAGTGCCATT-1",3.85292614704328
"TCTATTGCACATCTTT-1",0
"TCTATTGGTAAGTGTA-1",0
"TCTATTGGTCCAACTA-1",4.30419229224743
"TCTATTGGTCTGCCAG-1",0
"TCTATTGGTTGCTCCT-1",0
"TCTATTGTCGGCGCTA-1",0
"TCTCATAAGCTAAACA-1",0
"TCTCATAAGCTAGTCT-1",0
"TCTCATAAGTGCCATT-1",3.67493997776702
"TCTCATAGTACCGGCT-1",6.79972526437236
"TCTCATAGTGTAAGTA-1",0
"TCTCATATCAAGCCTA-1",0
"TCTCATATCACCTTAT-1",3.63622414840658
"TCTCATATCCTGTACC-1",0
"TCTCTAAAGACCGGAT-1",0
"TCTCTAAAGGGTGTTG-1",0
"TCTCTAACAGCCTATA-1",0
"TCTCTAAGTCCAGTAT-1",3.18008890190809
"TCTCTAAGTCCATGAT-1",0
"TCTCTAAGTCTCATCC-1",0
"TCTCTAAGTGGAAAGA-1",2.67725509165873
"TCTCTAATCAAACCAC-1",0
"TCTCTAATCACAGGCC-1",0
"TCTCTAATCACATACG-1",0
"TCTCTAATCCGTAGGC-1",0
"TCTCTAATCGTATCAG-1",3.24355968711976
"TCTGAGACAAACCTAC-1",4.84030710155419
"TCTGAGACAGAGTGTG-1",0
"TCTGAGAGTAAGGGAA-1",0
"TCTGAGATCCTTGACC-1",0
"TCTGAGATCTATCCTA-1",0
"TCTGGAAAGCGATGAC-1",0
"TCTGGAAAGCTCTCGG-1",0
"TCTGGAAAGGAGCGAG-1",0
"TCTGGAACACAAGACG-1",0
"TCTGGAACACACTGCG-1",0
"TCTGGAACACTTCTGC-1",3.74116849010407
"TCTGGAAGTGAGTATA-1",0
"TCTTCGGAGGTTCCTA-1",6.38446101521483
"TCTTCGGAGTTCGATC-1",3.67493997776702
"TCTTCGGCAAAGCAAT-1",0
"TCTTCGGCAAAGGTGC-1",0
"TCTTCGGCAATAGCAA-1",5.66501271213414
"TCTTCGGCAATGTAAG-1",3.11358922033894
"TCTTCGGCACACCGAC-1",3.49949138711476
"TCTTCGGCAGCCAATT-1",3.05602789521809
"TCTTCGGGTCATTAGC-1",0
"TCTTCGGTCGTAGGTT-1",3.67493997776702
"TCTTCGGTCTCTAAGG-1",4.12509302083025
"TCTTTCCAGAGAGCTC-1",3.63622414840658
"TCTTTCCAGTCATCCA-1",5.67459997129161
"TCTTTCCCATCTCCCA-1",2.99379584673205
"TCTTTCCGTAATCACC-1",5.26472327132648
"TCTTTCCGTAGTACCT-1",5.06485116601669
"TCTTTCCTCACAACGT-1",0
"TCTTTCCTCAGCTGGC-1",4.59512792576462
"TCTTTCCTCCAAGTAC-1",8.4807874222032
"TCTTTCCTCCTCGCAT-1",0
"TGAAAGAAGCTAAGAT-1",0
"TGAAAGACAAGCCGTC-1",5.06485116601669
"TGAAAGACACATTCGA-1",3.05598706202204
"TGAAAGACATGAGCGA-1",0
"TGAAAGAGTCTAGCGC-1",4.50559917816657
"TGAAAGAGTCTCATCC-1",2.67403644864988
"TGAAAGATCCCGACTT-1",0
"TGAAAGATCTATGTGG-1",5.18938661924325
"TGACAACCAAGCGAGT-1",0
"TGACAACGTAGGGACT-1",0
"TGACAACGTGCGCTTG-1",3.47262846974629
"TGACAACGTGGTTTCA-1",0
"TGACAACTCACAAACC-1",2.61375573973199
"TGACAACTCCACGTGG-1",0
"TGACAACTCGAATGCT-1",3.23056400890336
"TGACGGCAGCGCCTCA-1",0
"TGACGGCAGGCTCAGA-1",0
"TGACGGCAGTCAAGCG-1",0
"TGACGGCCACAGACTT-1",0
"TGACGGCGTCATCCCT-1",0
"TGACGGCTCAGGCGAA-1",3.6907623389367
"TGACGGCTCCACTGGG-1",0
"TGACTAGAGACCCACC-1",0
"TGACTAGAGGGCATGT-1",5.01626033901312
"TGACTAGAGTCTCAAC-1",7.18462899571654
"TGACTAGAGTTGAGAT-1",0
"TGACTAGCAGCATACT-1",0
"TGACTAGCAGTCAGAG-1",4.59512792576462
"TGACTAGCATTTCACT-1",3.503945001604
"TGACTAGGTAAATACG-1",0
"TGACTAGGTGAAAGAG-1",3.68383820997636
"TGACTAGGTGCAGTAG-1",0
"TGACTAGTCATGCATG-1",5.42237901649246
"TGACTAGTCCATGCTC-1",0
"TGACTAGTCTGTTGAG-1",0
"TGACTTTAGAACAATC-1",2.94844767853524
"TGACTTTAGTCTCGGC-1",0
"TGACTTTAGTTAGGTA-1",2.65253965859836
"TGACTTTCAGTCCTTC-1",0
"TGACTTTCATTATCTC-1",3.15468428196714
"TGACTTTGTCACACGC-1",7.45233889033061
"TGACTTTTCCTCAATT-1",3.55476738498637
"TGACTTTTCTGCCCTA-1",5.63398996367675
"TGAGAGGAGGCTCATT-1",0
"TGAGAGGCAAAGTCAA-1",0
"TGAGAGGCAAGCCATT-1",0
"TGAGAGGCACCATGTA-1",0
"TGAGAGGGTCACTGGC-1",0
"TGAGAGGGTCTAAACC-1",0
"TGAGAGGTCGAACTGT-1",0
"TGAGAGGTCGCGTTTC-1",3.9124244717232
"TGAGAGGTCTGACCTC-1",2.70058036499577
"TGAGCATAGAAACGAG-1",6.89752666679952
"TGAGCATAGAAGCCCA-1",0
"TGAGCATAGATGTCGG-1",0
"TGAGCATAGGAATGGA-1",0
"TGAGCATCACCAGGCT-1",2.67403644864988
"TGAGCATCAGATGAGC-1",0
"TGAGCATCAGCGTAAG-1",4.44447061177424
"TGAGCATCAGCTGTAT-1",4.09511326997634
"TGAGCATGTGGCCCTA-1",5.23779709594506
"TGAGCATTCCACGTTC-1",7.35131998943318
"TGAGCATTCCGATATG-1",6.44725646005522
"TGAGCATTCGGCCGAT-1",0
"TGAGCCGCATCGGGTC-1",8.09082961972751
"TGAGCCGGTCGAACAG-1",3.25213397797977
"TGAGCCGGTGTAATGA-1",0
"TGAGCCGGTTGATTCG-1",5.01982784419327
"TGAGCCGTCATCTGCC-1",0
"TGAGCCGTCGTCACGG-1",0
"TGAGCCGTCTTGAGGT-1",2.67725509165873
"TGAGGGAAGAGACTAT-1",0
"TGAGGGAAGGAGTACC-1",0
"TGAGGGAAGTCATCCA-1",0
"TGAGGGAAGTCATGCT-1",2.97838053755665
"TGAGGGACACCAGTTA-1",0
"TGAGGGACATAAGACA-1",0
"TGAGGGAGTAAACGCG-1",5.25470393986021
"TGAGGGAGTTAGGGTG-1",3.64189710747773
"TGAGGGATCAACGGGA-1",0
"TGAGGGATCTAGCACA-1",0
"TGAGGGATCTCTTATG-1",3.48833907651739
"TGATTTCCATCCGGGT-1",3.16738910247741
"TGATTTCGTAGGCATG-1",4.31606457834966
"TGATTTCGTTAAGACA-1",0
"TGATTTCTCTGATTCT-1",0
"TGCACCTAGACCTTTG-1",0
"TGCACCTAGGACGAAA-1",0
"TGCACCTCAAGTTGTC-1",0
"TGCACCTCAATAGAGT-1",0
"TGCACCTCATCCGGGT-1",3.73076145129584
"TGCACCTGTAATCACC-1",5.18938661924325
"TGCACCTGTCACACGC-1",0
"TGCACCTTCACGGTTA-1",0
"TGCACCTTCATCGGAT-1",0
"TGCACCTTCCGCGGTA-1",0
"TGCACCTTCGAACTGT-1",0
"TGCACCTTCTCTTGAT-1",0
"TGCCAAACAATGTAAG-1",0
"TGCCAAACAATTCCTT-1",0
"TGCCAAAGTTCGCGAC-1",0
"TGCCAAATCCAAACTG-1",4.84030710155419
"TGCCAAATCCCTGACT-1",4.23919906494726
"TGCCAAATCGGCGGTT-1",8.01465373179287
"TGCCCATAGACTAGGC-1",5.38308255557359
"TGCCCATAGCGTCAAG-1",0
"TGCCCATAGCGTGAAC-1",0
"TGCCCATAGCTGTTCA-1",0
"TGCCCATAGGATGGAA-1",0
"TGCCCATAGTACGCCC-1",0
"TGCCCATAGTTGAGTA-1",0
"TGCCCATCACCAGGTC-1",0
"TGCCCATCACGAAATA-1",3.27112454009154
"TGCCCATCAGGACGTA-1",0
"TGCCCATCATGGAATA-1",0
"TGCCCATCATGGATGG-1",7.45233889033061
"TGCCCATGTAGCCTCG-1",5.29160369951041
"TGCCCATTCAAACCGT-1",0
"TGCCCATTCAGGCCCA-1",0
"TGCCCATTCCTTCAAT-1",6.80382085073895
"TGCCCATTCGGAAATA-1",0
"TGCCCTAAGGTCGGAT-1",0
"TGCCCTAAGGTTCCTA-1",4.31606457834966
"TGCCCTACACCACCAG-1",3.05602789521809
"TGCCCTACAGCCACCA-1",0
"TGCCCTACAGTGAGTG-1",4.67702350984399
"TGCCCTAGTCCGAGTC-1",4.49815874297956
"TGCCCTAGTGGTTTCA-1",0
"TGCCCTAGTTTCGCTC-1",6.79972526437236
"TGCCCTATCGACGGAA-1",2.72037256000448
"TGCCCTATCTTCGGTC-1",3.20963258199694
"TGCGCAGAGACTAGGC-1",0
"TGCGCAGAGCACACAG-1",0
"TGCGCAGAGCGTCTAT-1",0
"TGCGCAGAGGAGCGAG-1",5.26472327132648
"TGCGCAGCAAACGTGG-1",0
"TGCGCAGCAGCTCGCA-1",0
"TGCGCAGCAGTAGAGC-1",0
"TGCGCAGTCCTACAGA-1",5.55302491575152
"TGCGGGTAGAGACTTA-1",0
"TGCGGGTAGATCGATA-1",6.38446101521483
"TGCGGGTAGCTCTCGG-1",0
"TGCGGGTAGGTGTGGT-1",0
"TGCGGGTAGTACTTGC-1",0
"TGCGGGTCAATGGAAT-1",2.84268801377197
"TGCGGGTCACACGCTG-1",0
"TGCGGGTCATTGGGCC-1",4.67702350984399
"TGCGGGTGTAGAAAGG-1",5.42237901649246
"TGCGGGTGTCACCTAA-1",0
"TGCGGGTGTCAGATAA-1",0
"TGCGGGTGTTAGAACA-1",0
"TGCGGGTTCAGTTCGA-1",3.73095805470885
"TGCGGGTTCGTAGATC-1",0
"TGCGGGTTCTCTTGAT-1",5.29160369951041
"TGCGTGGAGACGCAAC-1",0
"TGCGTGGAGACTGGGT-1",8.4807874222032
"TGCGTGGCAATTCCTT-1",0
"TGCGTGGGTGCACCAC-1",0
"TGCGTGGTCCGCGCAA-1",0
"TGCGTGGTCGCCCTTA-1",3.04131148813589
"TGCGTGGTCTGGCGAC-1",0
"TGCTACCAGAAAGTGG-1",0
"TGCTACCAGATGGCGT-1",5.23779709594506
"TGCTACCAGCAAATCA-1",0
"TGCTACCAGTCCGTAT-1",0
"TGCTACCCAAGAGGCT-1",0
"TGCTACCCACTTAACG-1",4.43290988686188
"TGCTACCCATCGTCGG-1",2.84268801377197
"TGCTACCCATGGTTGT-1",0
"TGCTACCGTGTGACGA-1",0
"TGCTACCTCCTCGCAT-1",4.50559917816656
"TGCTACCTCTTCTGGC-1",0
"TGCTGCTAGACTAAGT-1",0
"TGCTGCTAGGTGATAT-1",3.27725172804353
"TGCTGCTCAATAGAGT-1",0
"TGCTGCTCACAGACAG-1",3.0985411626489
"TGCTGCTCATCCCATC-1",0
"TGCTGCTCATGGTTGT-1",5.25470393986021
"TGCTGCTGTCATACTG-1",0
"TGCTGCTGTGAAGGCT-1",0
"TGCTGCTTCATTGCGA-1",0
"TGGACGCAGAGGTACC-1",0
"TGGACGCAGTCAAGGC-1",6.6933144556611
"TGGACGCCACAGAGGT-1",0
"TGGACGCCATGGTAGG-1",6.79972526437236
"TGGACGCGTCCGAACC-1",5.69581250331418
"TGGACGCGTCTCCCTA-1",0
"TGGCCAGAGAAGGTGA-1",0
"TGGCCAGAGAGTACAT-1",0
"TGGCCAGAGGCGATAC-1",4.31606457834966
"TGGCCAGAGGCGTACA-1",4.08561243759368
"TGGCCAGCAACTGCGC-1",0
"TGGCCAGCACGACTCG-1",4.85453282548698
"TGGCCAGGTCAATACC-1",3.15584165871744
"TGGCCAGTCGTAGATC-1",0
"TGGCCAGTCTATCCCG-1",2.81224474026215
"TGGCGCAAGCTACCTA-1",0
"TGGCGCAAGCTATGCT-1",0
"TGGCGCAAGTGTGGCA-1",0
"TGGCGCAAGTTACCCA-1",5.25470393986021
"TGGCGCACACAGGCCT-1",5.08196170116882
"TGGCGCACACGGATAG-1",0
"TGGCGCACAGCGATCC-1",3.23248392861446
"TGGCGCACATAGGATA-1",0
"TGGCGCAGTACTCTCC-1",0
"TGGCGCAGTGGACGAT-1",0
"TGGCGCAGTTATGTGC-1",2.99379584673205
"TGGCGCATCAAGAAGT-1",3.15584165871744
"TGGCGCATCATGCTCC-1",0
"TGGCGCATCATGTGGT-1",2.91171529010442
"TGGCGCATCATTATCC-1",3.55476738498637
"TGGCGCATCGTGGTCG-1",0
"TGGCTGGAGCGGATCA-1",0
"TGGCTGGAGTGCAAGC-1",0
"TGGCTGGCAAGTTAAG-1",0
"TGGCTGGCACGGATAG-1",0
"TGGCTGGCAGGAACGT-1",0
"TGGCTGGGTCGAGTTT-1",0
"TGGCTGGGTCGGCATC-1",6.38446101521483
"TGGCTGGGTCTAGCCG-1",5.55302491575152
"TGGCTGGGTTACGCGC-1",3.23056400890336
"TGGCTGGGTTGGACCC-1",4.59512792576462
"TGGCTGGTCTCGTTTA-1",3.9124244717232
"TGGGAAGAGATATACG-1",2.65253965859836
"TGGGAAGAGCCCAATT-1",0
"TGGGAAGAGCGCTCCA-1",4.08561243759368
"TGGGAAGAGGGCTTCC-1",0
"TGGGAAGAGTAAGTAC-1",0
"TGGGAAGAGTTAACGA-1",0
"TGGGAAGCAAGGTGTG-1",0
"TGGGAAGCAGATCCAT-1",5.38308255557359
"TGGGAAGCAGCGAACA-1",0
"TGGGAAGGTAAGTTCC-1",8.4807874222032
"TGGGAAGGTTAGATGA-1",0
"TGGGAAGGTTATTCTC-1",0
"TGGGAAGTCCCAAGAT-1",0
"TGGGAAGTCCTTCAAT-1",4.44447061177424
"TGGGAAGTCGTGGACC-1",0
"TGGGAAGTCTCCTATA-1",2.84268801377197
"TGGGCGTAGTCTCCTC-1",3.94011948498366
"TGGGCGTCAGACGTAG-1",0
"TGGGCGTCAGGGATTG-1",0
"TGGGCGTGTCCAAGTT-1",2.38169038092219
"TGGGCGTGTCTAGAGG-1",5.01626033901312
"TGGGCGTGTGGCTCCA-1",0
"TGGGCGTGTTTCGCTC-1",0
"TGGGCGTTCAGCTTAG-1",0
"TGGTTAGAGCTACCTA-1",3.15468428196714
"TGGTTAGAGTTAGGTA-1",3.73095805470885
"TGGTTAGGTGATGATA-1",0
"TGGTTAGGTTCACGGC-1",3.47262846974629
"TGGTTAGTCCCGACTT-1",0
"TGGTTAGTCTTGTATC-1",0
"TGGTTCCAGCCGTCGT-1",0
"TGGTTCCAGTAATCCC-1",0
"TGGTTCCCAAGTTGTC-1",2.67725509165873
"TGGTTCCCAGACAAAT-1",0
"TGGTTCCCAGACAGGT-1",3.27725172804353
"TGGTTCCCAGCTCGAC-1",3.12990592084463
"TGGTTCCCATGTCCTC-1",3.51520562843809
"TGGTTCCCATTTCACT-1",5.01626033901312
"TGGTTCCGTCCAAGTT-1",0
"TGGTTCCTCACATACG-1",8.4807874222032
"TGGTTCCTCAGCTTAG-1",0
"TGGTTCCTCTAACTTC-1",0
"TGGTTCCTCTAGAGTC-1",0
"TGGTTCCTCTGGGCCA-1",4.67702350984399
"TGTATTCAGCCCGAAA-1",4.12509302083025
"TGTATTCAGCGATCCC-1",0
"TGTATTCCAGGGCATA-1",0
"TGTATTCGTAAGAGAG-1",0
"TGTATTCGTTTGTTTC-1",3.8022283839774
"TGTATTCTCAGCATGT-1",0
"TGTATTCTCATCTGTT-1",7.18462899571654
"TGTCCCAAGCAGATCG-1",0
"TGTCCCAAGCTAGTTC-1",4.59512792576462
"TGTCCCAAGCTGAACG-1",8.01465373179287
"TGTCCCAAGTTGTCGT-1",0
"TGTCCCACAGTAAGCG-1",5.23275052409459
"TGTCCCACATCACGTA-1",0
"TGTCCCAGTAAGAGGA-1",5.66501271213414
"TGTCCCAGTAAGTGGC-1",0
"TGTCCCAGTCGGATCC-1",0
"TGTCCCATCATTTGGG-1",0
"TGTCCCATCTGCAAGT-1",0
"TGTCCCATCTGCGTAA-1",3.27725172804353
"TGTGGTAGTCCCGACA-1",0
"TGTGGTAGTGTGAAAT-1",2.39336217346739
"TGTGGTAGTGTGACGA-1",0
"TGTGGTATCCAGGGCT-1",0
"TGTGGTATCTTGCATT-1",5.01982784419327
"TGTGTTTAGAGGTTAT-1",2.84268801377197
"TGTGTTTAGCGTGAGT-1",6.79972526437236
"TGTGTTTAGTGCGTGA-1",0
"TGTGTTTCATGCGCAC-1",0
"TGTGTTTTCTCATTCA-1",0
"TGTGTTTTCTTTCCTC-1",3.55476738498637
"TGTTCCGAGAGCAATT-1",0
"TGTTCCGAGCAACGGT-1",0
"TGTTCCGAGGAATTAC-1",0
"TGTTCCGAGGACTGGT-1",0
"TGTTCCGCAGTGAGTG-1",6.79972526437236
"TGTTCCGGTGAGTATA-1",0
"TGTTCCGTCAAGCCTA-1",3.05602789521809
"TGTTCCGTCAGTTCGA-1",0
"TGTTCCGTCGGCGGTT-1",3.24032336290975
"TGTTCCGTCTGAAAGA-1",0
"TGTTCCGTCTGGTATG-1",3.91762027019687
"TTAACTCAGTGTACGG-1",4.1081826381642
"TTAACTCCAAGCGCTC-1",3.27725172804353
"TTAACTCCAGGCAGTA-1",0
"TTAACTCGTTCCACAA-1",0
"TTAACTCTCATAAAGG-1",5.24821272765331
"TTAACTCTCCCTCAGT-1",0
"TTAGGACAGCAGGCTA-1",4.1171893143171
"TTAGGACAGCTCTCGG-1",2.59572304544143
"TTAGGACCAAGCCATT-1",0
"TTAGGACCAGTCAGAG-1",0
"TTAGGACGTTTGTTTC-1",3.04131148813589
"TTAGGCAAGAAGATTC-1",8.09082961972751
"TTAGGCAAGAGCCCAA-1",0
"TTAGGCAAGAGTGACC-1",4.44447061177424
"TTAGGCAAGGTTCCTA-1",0
"TTAGGCAAGTCGTTTG-1",2.75108279652461
"TTAGGCAAGTGTACCT-1",0
"TTAGGCACAGACGCTC-1",0
"TTAGGCACATGTTCCC-1",0
"TTAGGCAGTAAGGATT-1",4.08561243759368
"TTAGGCAGTAAGTAGT-1",0
"TTAGGCAGTCTTGATG-1",0
"TTAGGCATCACGCATA-1",0
"TTAGGCATCAGTCAGT-1",0
"TTAGGCATCCAGTATG-1",0
"TTAGGCATCGTTACGA-1",0
"TTAGTTCAGGTGCAAC-1",0
"TTAGTTCCAATGTAAG-1",0
"TTAGTTCCATCCTTGC-1",5.66501271213414
"TTAGTTCGTAGCCTAT-1",0
"TTAGTTCGTGCAGACA-1",0
"TTAGTTCGTGTCAATC-1",3.0256016371365
"TTAGTTCGTTGCCTCT-1",0
"TTAGTTCTCAGGCCCA-1",3.68383820997636
"TTAGTTCTCGCAGGCT-1",2.67403644864988
"TTAGTTCTCTACTATC-1",0
"TTATGCTAGAATGTGT-1",0
"TTATGCTAGCACACAG-1",7.35131998943318
"TTATGCTAGCAGCCTC-1",11.7175934050393
"TTATGCTAGTCCCACG-1",0
"TTATGCTCAGCCAGAA-1",0
"TTATGCTCATACCATG-1",0
"TTATGCTCATGTAGTC-1",0
"TTATGCTGTCCGAGTC-1",0
"TTATGCTTCGATAGAA-1",11.2770189710568
"TTCCCAGAGAATTCCC-1",4.44447061177424
"TTCCCAGAGACTAGAT-1",5.32910245548558
"TTCCCAGAGTATCGAA-1",5.63398996367675
"TTCCCAGCAGATGGGT-1",8.02988778842039
"TTCCCAGCATCAGTAC-1",0
"TTCCCAGCATCTCCCA-1",0
"TTCCCAGCATTACCTT-1",5.45269245974319
"TTCCCAGTCAACACTG-1",0
"TTCCCAGTCGAGAGCA-1",0
"TTCGAAGAGTCTCAAC-1",0
"TTCGAAGCAAGCGCTC-1",0
"TTCGAAGCACATTAGC-1",0
"TTCGAAGCACGGTGTC-1",0
"TTCGGTCAGAGGACGG-1",0
"TTCGGTCAGCACACAG-1",0
"TTCGGTCAGGCCCTCA-1",0
"TTCGGTCAGTGAATTG-1",0
"TTCGGTCAGTTGAGAT-1",0
"TTCGGTCCAAGGGTCA-1",0
"TTCGGTCCACGTCAGC-1",3.16738910247741
"TTCGGTCGTAACGTTC-1",0
"TTCGGTCGTAGAGTGC-1",3.47262846974629
"TTCGGTCGTTCATGGT-1",0
"TTCGGTCGTTCTGTTT-1",0
"TTCGGTCTCAAAGACA-1",0
"TTCGGTCTCCAGTATG-1",0
"TTCGGTCTCGCGTTTC-1",5.50220992165327
"TTCGGTCTCGTCTGAA-1",0
"TTCTACAAGACTAAGT-1",4.84030710155419
"TTCTACAAGCAGCCTC-1",0
"TTCTACAAGCCTTGAT-1",5.55302491575152
"TTCTACAAGGCAGGTT-1",0
"TTCTACAAGGTAAACT-1",0
"TTCTACAAGTTAGGTA-1",3.74116849010407
"TTCTACACACGTGAGA-1",2.81224474026215
"TTCTACACAGCTGTTA-1",3.48833907651739
"TTCTACACATCGATTG-1",0
"TTCTACACATTACGAC-1",0
"TTCTACAGTACCGTTA-1",4.03188462508022
"TTCTACAGTATATGAG-1",0
"TTCTACAGTGGCTCCA-1",0
"TTCTACATCAACGGGA-1",0
"TTCTACATCCGCGTTT-1",0
"TTCTCAAAGAAAGTGG-1",2.81224474026215
"TTCTCAAAGAATCTCC-1",0
"TTCTCAAAGAGGTTAT-1",4.31606457834966
"TTCTCAAAGCAGCCTC-1",0
"TTCTCAAAGCCGCCTA-1",0
"TTCTCAAAGTCAATAG-1",0
"TTCTCAAAGTTGAGAT-1",5.25470393986021
"TTCTCAACACCCAGTG-1",0
"TTCTCAACATTGTGCA-1",5.49647140322556
"TTCTCAAGTATAAACG-1",0
"TTCTCAAGTCCCTTGT-1",3.64189710747773
"TTCTCAAGTCGAGATG-1",3.16738910247741
"TTCTCAATCATCGCTC-1",0
"TTCTCAATCCCTAACC-1",3.05602789521809
"TTCTCAATCGTAGGAG-1",0
"TTCTCCTAGAGTAAGG-1",0
"TTCTCCTAGCGACGTA-1",0
"TTCTCCTAGCGTGAGT-1",3.74116849010407
"TTCTCCTAGTCTCGGC-1",0
"TTCTCCTCAACACGCC-1",0
"TTCTCCTCAATAACGA-1",3.74116849010407
"TTCTCCTGTTAAGAAC-1",3.27112454009154
"TTCTCCTTCAGTTCGA-1",0
"TTCTCCTTCCGTAGGC-1",5.25470393986021
"TTCTCCTTCCTTTCTC-1",0
"TTCTCCTTCTGCAAGT-1",0
"TTCTCCTTCTTCAACT-1",0
"TTCTCCTTCTTGTACT-1",0
"TTCTTAGAGGACTGGT-1",0
"TTCTTAGCAAGGTGTG-1",0
"TTCTTAGCATCGGAAG-1",3.57598083086021
"TTCTTAGGTAGAAGGA-1",0
"TTCTTAGGTCATATGC-1",0
"TTCTTAGTCAGTTCGA-1",3.23056400890336
"TTGAACGGTCACTTCC-1",0
"TTGAACGTCATGTCCC-1",0
"TTGACTTAGCCACGTC-1",0
"TTGACTTAGCGACGTA-1",2.55908231308359
"TTGACTTAGTTAACGA-1",0
"TTGACTTCACTTACGA-1",5.42237901649246
"TTGACTTGTCTCTCTG-1",0
"TTGACTTGTGCGATAG-1",5.63398996367675
"TTGACTTTCCAGAGGA-1",3.0985411626489
"TTGACTTTCTGTCCGT-1",0
"TTGCCGTAGGAGCGTT-1",0
"TTGCCGTAGGTGGGTT-1",3.55476738498637
"TTGCCGTCATGGTCAT-1",5.38460410614027
"TTGCGTCAGACAGAGA-1",0
"TTGCGTCAGCTCCTTC-1",0
"TTGCGTCAGTCCATAC-1",7.35131998943318
"TTGCGTCAGTGAATTG-1",0
"TTGCGTCCAAATTGCC-1",0
"TTGCGTCCACTGTGTA-1",0
"TTGCGTCCAGTCACTA-1",4.50559917816657
"TTGCGTCGTCTGATTG-1",3.68383820997636
"TTGGAACAGCCCAATT-1",0
"TTGGAACAGCGTCTAT-1",3.24355968711976
"TTGGAACAGGCGTACA-1",3.55476738498637
"TTGGAACGTATTACCG-1",4.44024940435814
"TTGGAACTCCCATTAT-1",3.95049927180759
"TTGGAACTCCGTAGTA-1",0
"TTGGAACTCGTCCAGG-1",0
"TTGGCAAAGTTAGGTA-1",2.81224474026215
"TTGGCAAGTATAGGTA-1",5.50220992165327
"TTGGCAATCACATGCA-1",3.16738910247741
"TTGGCAATCAGAGCTT-1",0
"TTGGCAATCGCATGAT-1",0
"TTGGCAATCTAGAGTC-1",6.48907597688413
"TTGTAGGAGGTGCTAG-1",11.7175934050393
"TTGTAGGCACACGCTG-1",4.44447061177424
"TTGTAGGGTCTCCCTA-1",3.94011948498366
"TTGTAGGGTGGTAACG-1",0
"TTGTAGGTCGGCGCTA-1",4.44447061177424
"TTGTAGGTCTGCCAGG-1",3.67493997776702
"TTTACTGAGATCACGG-1",0
"TTTACTGCAAAGCAAT-1",0
"TTTACTGCACATGGGA-1",0
"TTTACTGCACCACGTG-1",0
"TTTACTGCATGGGACA-1",4.08561243759368
"TTTACTGCATGTCCTC-1",0
"TTTACTGGTAACGTTC-1",0
"TTTACTGGTGGTGTAG-1",0
"TTTACTGGTTCGCTAA-1",0
"TTTACTGTCTGGAGCC-1",5.49647140322556
"TTTATGCAGACTGTAA-1",5.02075816883831
"TTTATGCAGATGCGAC-1",3.78359616110731
"TTTATGCAGGCAAAGA-1",4.09511326997634
"TTTATGCAGGCCCGTT-1",5.3988144961623
"TTTATGCAGTTCCACA-1",6.79972526437236
"TTTATGCCAAACGCGA-1",0
"TTTATGCCAATCTGCA-1",0
"TTTATGCCACAGGTTT-1",4.31606457834966
"TTTATGCCAGCCAATT-1",0
"TTTATGCCAGGTCGTC-1",5.49647140322556
"TTTATGCCATGGTCAT-1",0
"TTTATGCTCACATAGC-1",0
"TTTATGCTCACCTTAT-1",2.81224474026215
"TTTATGCTCGGCGGTT-1",3.1255462014326
"TTTATGCTCTCGCTTG-1",3.0985411626489
"TTTCCTCAGCGTGAAC-1",3.67385180719951
"TTTCCTCAGGACTGGT-1",0
"TTTCCTCCAAAGTGCG-1",0
"TTTCCTCCAGGAATGC-1",2.38169038092219
"TTTCCTCCATTAGCCA-1",0
"TTTCCTCGTCCGAAGA-1",2.83871864824185
"TTTCCTCGTCGCTTTC-1",0
"TTTCCTCTCGGCCGAT-1",0
"TTTCCTCTCGTGTAGT-1",3.55476738498637
"TTTGCGCAGCTAAACA-1",0
"TTTGCGCAGCTAGTCT-1",0
"TTTGCGCAGGCCGAAT-1",0
"TTTGCGCAGTCAAGGC-1",4.34323597977393
"TTTGCGCCAAGTAGTA-1",0
"TTTGCGCCAGGTGCCT-1",0
"TTTGCGCGTCTAAACC-1",0
"TTTGCGCTCAAAGTAG-1",7.17192049192809
"TTTGCGCTCATGTAGC-1",2.83871864824185
"TTTGGTTAGAATGTGT-1",0
"TTTGGTTAGACAATAC-1",0
"TTTGGTTAGCGATTCT-1",2.99379584673205
"TTTGGTTAGGCTCAGA-1",0
"TTTGGTTAGTTACCCA-1",0
"TTTGGTTCAAACTGCT-1",2.67403644864988
"TTTGGTTCAAGCTGTT-1",7.45233889033061
"TTTGGTTCAGATCGGA-1",0
"TTTGGTTCATCACAAC-1",4.30419229224743
"TTTGGTTGTACTTCTT-1",2.67403644864988
"TTTGGTTGTATGCTTG-1",3.33929674783761
"TTTGGTTGTGCTTCTC-1",0
"TTTGGTTTCATGCTCC-1",5.26155252257805
"TTTGGTTTCCCTGACT-1",5.23779709594506
"TTTGTCAAGAGTCGGT-1",0
"TTTGTCACAAGTTCTG-1",2.49259563078473
"TTTGTCACAAGTTGTC-1",4.29561905228481
"TTTGTCATCACCTTAT-1",0
"TTTGTCATCCATTCTA-1",0
"TTTGTCATCCTTAATC-1",0
"TTTGTCATCTTATCTG-1",0
