"cell_barcode","expression"
"AAACCTGAGACAGAGA-1",0
"AAACCTGAGACTTTCG-1",0
"AAACCTGAGAGTAAGG-1",11.3232125806274
"AAACCTGAGAGTCGGT-1",25.5321644284158
"AAACCTGAGGATGGAA-1",0
"AAACCTGAGTAGATGT-1",10.0366790809858
"AAACCTGCAATCAGAA-1",13.2548856442282
"AAACCTGCACCGATAT-1",11.5712828972244
"AAACCTGCAGACGTAG-1",10.6425647671926
"AAACCTGCAGTATCTG-1",16.3265450252479
"AAACCTGCATAGTAAG-1",11.2134883581482
"AAACCTGCATGAACCT-1",0
"AAACCTGGTAAGAGGA-1",0
"AAACCTGGTCCAACTA-1",17.4682588769106
"AAACCTGTCCGTAGTA-1",0
"AAACCTGTCGAGAGCA-1",0
"AAACGGGAGTACGACG-1",0
"AAACGGGCAAGGTTTC-1",14.7571157852961
"AAACGGGCACGTCAGC-1",13.0016278381115
"AAACGGGCAGCGTTCG-1",11.3471939133854
"AAACGGGGTAGCCTCG-1",10.9731070195926
"AAACGGGGTCTACCTC-1",0
"AAACGGGGTGCGGTAA-1",11.6538140720531
"AAACGGGGTTGTCGCG-1",11.8639436790173
"AAACGGGTCCATGAGT-1",24.2177226986786
"AAACGGGTCCCAACGG-1",15.9289558465299
"AAACGGGTCCCATTAT-1",15.123205703964
"AAAGATGCAGTCAGCC-1",0
"AAAGATGCATCTACGA-1",9.97672300686213
"AAAGCAAAGCGTCTAT-1",0
"AAAGCAACATGTCGAT-1",0
"AAAGCAAGTAGCTGCC-1",0
"AAAGCAAGTAGGCATG-1",0
"AAAGCAAGTGCGCTTG-1",10.0816754704049
"AAAGCAAGTTATTCTC-1",0
"AAAGCAATCCGTAGTA-1",0
"AAAGTAGAGATGTGTA-1",10.2328620907081
"AAAGTAGAGTGGGCTA-1",14.11086945517
"AAAGTAGGTATATGGA-1",0
"AAAGTAGGTGAGCGAT-1",0
"AAAGTAGGTTGAGGTG-1",12.5369922558123
"AAATGCCAGCCCTAAT-1",0
"AAATGCCAGCGTGTCC-1",9.88509247844716
"AAATGCCCAACACCTA-1",0
"AAATGCCGTAGGAGTC-1",12.3854753314793
"AAATGCCGTCTTTCAT-1",12.2709581608602
"AAATGCCGTGGTCCGT-1",11.929643823756
"AAATGCCGTTCCCGAG-1",0
"AAATGCCTCATAGCAC-1",16.7858191547128
"AAATGCCTCGCTTAGA-1",11.5712828972244
"AACACGTAGAATTCCC-1",13.5665388660983
"AACACGTAGCCCTAAT-1",17.0669154076242
"AACACGTAGGGTGTGT-1",0
"AACACGTCACTGTCGG-1",14.7216381091655
"AACACGTCATCCCATC-1",0
"AACACGTGTGCAACGA-1",14.3886008798643
"AACACGTGTGTCGCTG-1",0
"AACCATGAGCGCTTAT-1",0
"AACCATGGTCCGTTAA-1",0
"AACCATGTCAGTTCGA-1",12.3938796473318
"AACCATGTCATCGATG-1",13.3224220532208
"AACCATGTCCCAAGTA-1",10.8595568679681
"AACCGCGAGAAGCCCA-1",14.11086945517
"AACCGCGAGACTGGGT-1",0
"AACCGCGAGAGGTACC-1",0
"AACCGCGAGTTAGGTA-1",16.6300199397447
"AACCGCGAGTTGCAGG-1",11.3822570535936
"AACCGCGCACGGTAGA-1",17.2234824704191
"AACCGCGCAGCATGAG-1",21.079467864344
"AACCGCGCAGCCTGTG-1",0
"AACCGCGCAGCTGTGC-1",12.8896446861517
"AACCGCGCAGTATGCT-1",0
"AACCGCGGTACTTGAC-1",12.6912556683443
"AACCGCGGTCTGCAAT-1",10.5702275366274
"AACCGCGTCACATGCA-1",10.8198975831177
"AACCGCGTCACCGTAA-1",0
"AACCGCGTCCAGAGGA-1",15.4906624156718
"AACCGCGTCCGAAGAG-1",0
"AACGTTGAGCGATAGC-1",0
"AACGTTGAGCGATCCC-1",0
"AACGTTGAGCTTATCG-1",12.8896446861517
"AACGTTGCAAGTTGTC-1",0
"AACGTTGCAATAGAGT-1",17.4682588769106
"AACGTTGCAATGGATA-1",12.0148126265347
"AACGTTGCATGGATGG-1",9.88509247844715
"AACGTTGCATTCTCAT-1",11.4202544901779
"AACGTTGTCAACACGT-1",9.87879124472332
"AACGTTGTCGAGGTAG-1",18.8729923807173
"AACGTTGTCGGTCCGA-1",0
"AACTCAGAGAGCTATA-1",19.1800025039697
"AACTCAGAGAGTCGGT-1",15.3897434330127
"AACTCAGAGCCACCTG-1",15.4539579284623
"AACTCAGAGCCCAATT-1",24.2177226986786
"AACTCAGCAAACAACA-1",16.2589763647192
"AACTCAGCACAAGCCC-1",0
"AACTCAGCACGGTTTA-1",0
"AACTCAGCAGGATCGA-1",0
"AACTCAGCATAAAGGT-1",11.6215938887648
"AACTCAGGTTCCACAA-1",14.8010738365917
"AACTCAGTCGTACCGG-1",0
"AACTCCCAGCCCAGCT-1",0
"AACTCCCAGCTAAGAT-1",14.5583111546514
"AACTCCCCATGGTCTA-1",13.0228965173024
"AACTCCCGTTGCGCAC-1",0
"AACTCCCTCAAGAAGT-1",13.6046795394932
"AACTCCCTCAAGCCTA-1",19.0952159707913
"AACTCCCTCATCGCTC-1",0
"AACTCCCTCTGCAGTA-1",10.8216059696858
"AACTCCCTCTGGCGTG-1",10.5439093586852
"AACTCTTAGCAGACTG-1",0
"AACTCTTAGTCCGGTC-1",0
"AACTCTTCATGCTAGT-1",15.884022393909
"AACTCTTGTCGAATCT-1",12.5403717794132
"AACTCTTGTCGGGTCT-1",11.6538140720531
"AACTCTTTCTCAAACG-1",0
"AACTCTTTCTCCAGGG-1",11.7174201285024
"AACTCTTTCTCTGCTG-1",0
"AACTGGTAGAAGATTC-1",0
"AACTGGTAGAGACTAT-1",0
"AACTGGTAGCCAACAG-1",25.5321644284158
"AACTGGTAGTGTACTC-1",0
"AACTGGTCACTGAAGG-1",0
"AACTGGTGTCCGAACC-1",0
"AACTGGTTCGGAGCAA-1",12.3854753314793
"AACTGGTTCGTGGGAA-1",12.9914771909429
"AACTGGTTCTGCTTGC-1",0
"AACTTTCAGCGTGAAC-1",0
"AACTTTCAGTATCTCG-1",0
"AACTTTCAGTTTCCTT-1",0
"AACTTTCCATCCTTGC-1",0
"AACTTTCGTCTAGAGG-1",12.0807959257439
"AACTTTCGTCTCTTTA-1",0
"AACTTTCGTTTGTTTC-1",0
"AAGACCTAGGGCTTCC-1",15.884022393909
"AAGACCTAGTACACCT-1",0
"AAGACCTGTATATGAG-1",0
"AAGACCTGTATCAGTC-1",0
"AAGACCTGTCCGTGAC-1",15.123205703964
"AAGACCTGTCGAAAGC-1",11.3232125806274
"AAGACCTTCGCCATAA-1",9.88509247844716
"AAGCCGCAGATCTGAA-1",0
"AAGCCGCAGGGTGTTG-1",0
"AAGCCGCAGTGGACGT-1",0
"AAGCCGCAGTGTACTC-1",11.170966075015
"AAGCCGCCACGCTTTC-1",0
"AAGCCGCCAGGACGTA-1",13.3051751779938
"AAGCCGCGTACAGTTC-1",0
"AAGCCGCGTCATTAGC-1",0
"AAGCCGCTCACGAAGG-1",11.09515970424
"AAGCCGCTCAGTTAGC-1",13.6620382078023
"AAGCCGCTCGCAAACT-1",13.3804169148562
"AAGCCGCTCGTCGTTC-1",0
"AAGCCGCTCTTACCGC-1",0
"AAGGAGCAGAAACCGC-1",0
"AAGGAGCAGGCATGTG-1",15.5145886436926
"AAGGAGCAGGCGCTCT-1",0
"AAGGAGCAGTTGAGTA-1",18.8729923807173
"AAGGAGCCACGGCGTT-1",0
"AAGGAGCGTCTGCAAT-1",0
"AAGGAGCTCGTCTGCT-1",15.3548465230755
"AAGGCAGAGAACTGTA-1",11.7174201285024
"AAGGCAGAGAGATGAG-1",12.8896446861517
"AAGGCAGAGGTGATAT-1",13.4438407403017
"AAGGCAGCATAGTAAG-1",10.1770277111941
"AAGGCAGGTACTTCTT-1",0
"AAGGCAGGTGTGCCTG-1",10.0426037096857
"AAGGCAGTCAGATAAG-1",24.2177226986786
"AAGGCAGTCGGAATCT-1",17.4116586172492
"AAGGTTCAGTATCTCG-1",0
"AAGGTTCCATCACGTA-1",0
"AAGGTTCGTATATGGA-1",0
"AAGGTTCGTCCGAATT-1",0
"AAGGTTCGTCGACTAT-1",0
"AAGGTTCGTGTGACCC-1",0
"AAGGTTCTCCGTCATC-1",0
"AAGGTTCTCCTCGCAT-1",10.5135723727489
"AAGGTTCTCTGCGGCA-1",0
"AAGTCTGAGCCATCGC-1",14.9027439910575
"AAGTCTGAGTCAAGCG-1",0
"AAGTCTGCAAAGGAAG-1",0
"AAGTCTGGTCAGCTAT-1",13.400102635873
"AAGTCTGTCAAACAAG-1",0
"AAGTCTGTCACTGGGC-1",15.123205703964
"AAGTCTGTCAGCAACT-1",0
"AATCCAGCAAAGTGCG-1",14.9441814730929
"AATCCAGCAGCATACT-1",0
"AATCCAGGTAGGCATG-1",13.7764370995618
"AATCCAGGTCTCCCTA-1",0
"AATCCAGTCCGAATGT-1",18.6744636983206
"AATCGGTAGGCATGGT-1",10.0366790809858
"AATCGGTTCCTGTACC-1",0
"AATCGGTTCGCCGTGA-1",0
"ACACCAAAGATGAGAG-1",0
"ACACCAAAGCCCTAAT-1",0
"ACACCAAAGGATGGTC-1",15.6688827967816
"ACACCAAAGTGTCCAT-1",0
"ACACCAACACTTCGAA-1",13.2257833583546
"ACACCAACAGACGCTC-1",17.8870728217823
"ACACCAACAGCCTATA-1",0
"ACACCAAGTCGCGTGT-1",0
"ACACCAAGTCTAAACC-1",16.2589763647192
"ACACCAAGTTATGTGC-1",0
"ACACCAATCGCGTTTC-1",16.3532692920527
"ACACCCTAGCCAGGAT-1",18.6744636983206
"ACACCCTAGTACTTGC-1",13.4478077847205
"ACACCCTCAAGCGCTC-1",12.0807959257439
"ACACCCTCATCACAAC-1",11.3822570535936
"ACACCCTCATGCCCGA-1",12.0094157353492
"ACACCCTGTCTGGTCG-1",0
"ACACCCTTCCGCAAGC-1",11.2450120110194
"ACACCCTTCCTTGCCA-1",0
"ACACCCTTCTATCCTA-1",0
"ACACCCTTCTGGCGTG-1",0
"ACACCGGAGGCTCAGA-1",0
"ACACCGGAGTGACATA-1",0
"ACACCGGAGTTACCCA-1",13.8957400177175
"ACACCGGCACCAGATT-1",11.7174201285024
"ACACCGGCACCGAAAG-1",14.8657091961395
"ACACCGGCATCACAAC-1",10.5439093586852
"ACACCGGTCCGCATAA-1",0
"ACACCGGTCTCGGACG-1",15.6688827967816
"ACACCGGTCTCTGTCG-1",0
"ACACTGAAGCACGCCT-1",0
"ACACTGAAGGTGATTA-1",19.444494513849
"ACACTGACAATAGAGT-1",0
"ACACTGACAGACTCGC-1",0
"ACACTGACATCCAACA-1",0
"ACACTGAGTCCGAAGA-1",12.0148126265347
"ACACTGAGTGTTTGTG-1",0
"ACACTGAGTTTGACTG-1",0
"ACAGCCGAGGAATGGA-1",0
"ACAGCCGAGGCCCGTT-1",0
"ACAGCCGAGGTGCTTT-1",0
"ACAGCCGAGTGGTAGC-1",10.0816754704049
"ACAGCCGCATATACGC-1",12.6254957654173
"ACAGCCGCATGCAACT-1",23.5731891282229
"ACAGCCGGTAGGGTAC-1",0
"ACAGCCGGTCGAATCT-1",12.7644512500745
"ACAGCCGGTTCACCTC-1",25.6546595954107
"ACAGCCGGTTCCACTC-1",14.3886008798643
"ACAGCCGTCCAGAAGG-1",16.3265450252479
"ACAGCCGTCTTTACAC-1",0
"ACAGCTAAGCACCGCT-1",0
"ACAGCTAAGTATCTCG-1",0
"ACAGCTAAGTGTTGAA-1",0
"ACAGCTACATCGTCGG-1",17.3090975097046
"ACAGCTAGTCGACTAT-1",0
"ACAGCTAGTGGTACAG-1",16.2589763647192
"ACAGCTATCACCACCT-1",15.8458343533274
"ACAGCTATCTGCTTGC-1",0
"ACATACGAGAGCTTCT-1",17.1764381078726
"ACATACGAGCGTAGTG-1",12.7644512500745
"ACATACGAGCTTCGCG-1",0
"ACATACGAGCTTTGGT-1",0
"ACATACGCAAACGTGG-1",13.5665388660983
"ACATACGCAAGCCTAT-1",13.6503875800072
"ACATACGCATCTCCCA-1",14.2923700849875
"ACATACGCATTCTCAT-1",0
"ACATACGGTAGGAGTC-1",0
"ACATACGGTGCACCAC-1",0
"ACATACGGTGGTTTCA-1",11.3267930936442
"ACATACGTCGTATCAG-1",12.6045260589837
"ACATCAGAGCCACTAT-1",17.6483399207019
"ACATCAGAGCCTTGAT-1",9.88509247844716
"ACATCAGCAACACCCG-1",0
"ACATCAGCAACGATGG-1",0
"ACATCAGCAATTGCTG-1",10.6436702139349
"ACATCAGCACCGGAAA-1",17.2383007466655
"ACATCAGCATAAAGGT-1",0
"ACATCAGCATCCCACT-1",0
"ACATCAGCATTTGCCC-1",0
"ACATCAGGTAAGGATT-1",0
"ACATCAGGTCCGTGAC-1",16.0218432156225
"ACATCAGGTTAAGTAG-1",15.182767386876
"ACATCAGTCAAACCGT-1",15.123205703964
"ACATGGTAGCATGGCA-1",0
"ACATGGTAGCTGTTCA-1",10.2328620907081
"ACATGGTCACTTGGAT-1",0
"ACATGGTGTCAGATAA-1",9.88509247844716
"ACATGGTGTCTGCGGT-1",0
"ACATGGTGTGCAACTT-1",12.5612458540578
"ACATGGTTCCGCAAGC-1",0
"ACATGGTTCCTCCTAG-1",15.1904827521714
"ACATGGTTCTGGAGCC-1",0
"ACATGGTTCTTCTGGC-1",0
"ACCAGTAAGATCACGG-1",0
"ACCAGTAAGCTTCGCG-1",0
"ACCAGTACACAGATTC-1",0
"ACCAGTACACAGGCCT-1",0
"ACCAGTACAGTATGCT-1",0
"ACCAGTACAGTCAGAG-1",0
"ACCAGTACAGTTTACG-1",10.5702275366274
"ACCAGTAGTCACCCAG-1",19.0952159707913
"ACCAGTAGTCCATCCT-1",0
"ACCAGTAGTCTTCAAG-1",13.2257833583546
"ACCAGTAGTGGACGAT-1",12.2620511470674
"ACCAGTATCTGCGACG-1",0
"ACCAGTATCTGCTTGC-1",0
"ACCAGTATCTGTTTGT-1",0
"ACCCACTAGAGGTTAT-1",0
"ACCCACTAGATCCCGC-1",12.7142482861552
"ACCCACTAGATGTGTA-1",0
"ACCCACTAGCCCAATT-1",0
"ACCCACTCAAGGGTCA-1",0
"ACCCACTCAAGGTTCT-1",0
"ACCCACTGTAAATGAC-1",17.2234824704191
"ACCCACTGTAGCCTCG-1",0
"ACCCACTGTCAAAGAT-1",10.2751544262091
"ACCCACTGTCAATACC-1",0
"ACCCACTGTGTGGTTT-1",0
"ACCCACTTCGCAAACT-1",10.365473626459
"ACCCACTTCTGCCAGG-1",15.7242527004816
"ACCGTAACAATCGGTT-1",14.2272740736332
"ACCGTAACAATCTACG-1",15.3897434330127
"ACCGTAACAGGTCCAC-1",13.7825733583725
"ACCGTAAGTACAGCAG-1",0
"ACCGTAAGTCATGCAT-1",10.9169132758894
"ACCGTAAGTGAGTGAC-1",0
"ACCGTAAGTTAAGAAC-1",14.7571157852961
"ACCGTAAGTTCCGTCT-1",0
"ACCGTAATCACATAGC-1",0
"ACCGTAATCATGTGGT-1",0
"ACCGTAATCTGAAAGA-1",10.7875847766829
"ACCTTTACAATCGGTT-1",0
"ACCTTTACACGGACAA-1",0
"ACCTTTACAGCAGTTT-1",10.716512650925
"ACCTTTACATGCAACT-1",0
"ACCTTTACATTTCAGG-1",11.4357785236038
"ACCTTTAGTGAACCTT-1",0
"ACCTTTAGTTCCACTC-1",13.8957400177175
"ACCTTTATCTCTAGGA-1",16.7858191547128
"ACGAGCCAGGCAGGTT-1",17.4046776606236
"ACGAGCCCACAGGCCT-1",12.5696750649935
"ACGAGCCCATGGAATA-1",0
"ACGAGCCGTGCACGAA-1",0
"ACGAGCCGTGTGACCC-1",0
"ACGAGCCGTTGGTTTG-1",16.3532692920527
"ACGAGCCTCAGTCCCT-1",12.470660847359
"ACGAGCCTCGCAAACT-1",0
"ACGAGGACACTACAGT-1",16.3265450252479
"ACGAGGACATGTAGTC-1",0
"ACGAGGAGTACACCGC-1",0
"ACGAGGAGTGCCTGCA-1",0
"ACGAGGAGTTCTGAAC-1",0
"ACGAGGATCTGCGGCA-1",19.0952159707913
"ACGATACAGAGTGACC-1",0
"ACGATACAGCGCCTTG-1",0
"ACGATACCACGTTGGC-1",0
"ACGATACCATTGGGCC-1",23.4226610100744
"ACGATACGTCGAATCT-1",15.4872630416443
"ACGATACTCTGACCTC-1",0
"ACGATGTAGTGCGATG-1",23.5095246572175
"ACGATGTAGTTGAGAT-1",0
"ACGATGTCAACGCACC-1",0
"ACGATGTCACACGCTG-1",0
"ACGATGTGTATTCTCT-1",13.1505173073781
"ACGATGTGTCAGTGGA-1",0
"ACGATGTGTGACTACT-1",10.2677448915704
"ACGATGTGTGTCGCTG-1",0
"ACGATGTTCGCGTAGC-1",15.4902157543412
"ACGATGTTCTCTTATG-1",13.6503875800072
"ACGCAGCAGCGGCTTC-1",0
"ACGCAGCAGCTGCGAA-1",11.09515970424
"ACGCAGCAGTGTACGG-1",16.9373425069715
"ACGCAGCCACCTCGTT-1",0
"ACGCAGCCATCGACGC-1",0
"ACGCAGCCATTACCTT-1",0
"ACGCAGCGTCCATGAT-1",14.925481651751
"ACGCAGCGTCTACCTC-1",0
"ACGCAGCGTCTGGTCG-1",12.552586327114
"ACGCAGCGTGCGATAG-1",0
"ACGCCAGCAAAGCAAT-1",11.6705672898228
"ACGCCAGCAACGCACC-1",0
"ACGCCAGCACGAGAGT-1",15.4906624156718
"ACGCCAGCAGTGAGTG-1",0
"ACGCCAGGTGCACTTA-1",0
"ACGCCAGGTGTGCGTC-1",0
"ACGCCAGTCACAGGCC-1",0
"ACGCCAGTCAGTGTTG-1",0
"ACGCCGAAGAAACGCC-1",13.8703662899822
"ACGCCGAAGATCTGCT-1",12.5696750649935
"ACGCCGACAGCCTGTG-1",15.5383857640747
"ACGCCGAGTTCCAACA-1",0
"ACGCCGATCCTATGTT-1",9.88509247844716
"ACGCCGATCGCAGGCT-1",0
"ACGCCGATCTTGTATC-1",0
"ACGGAGAAGCCAGTTT-1",12.879601168999
"ACGGAGACACACATGT-1",12.5038064081898
"ACGGAGACAGCCTGTG-1",0
"ACGGAGACAGCGTAAG-1",0
"ACGGAGACAGTAAGCG-1",0
"ACGGAGAGTGTGACGA-1",10.307738927198
"ACGGAGATCCACGAAT-1",0
"ACGGCCACACATCCAA-1",13.0014921160348
"ACGGCCACACATTCGA-1",0
"ACGGCCAGTACCGTAT-1",0
"ACGGCCAGTGTATGGG-1",0
"ACGGCCATCACGGTTA-1",0
"ACGGCCATCAGTGTTG-1",12.9914771909429
"ACGGCCATCTACTATC-1",0
"ACGGGCTAGGATCGCA-1",13.0491119633582
"ACGGGCTAGGTTCCTA-1",0
"ACGGGCTAGTGGCACA-1",0
"ACGGGCTCATCTGGTA-1",0
"ACGGGCTGTGAGGCTA-1",0
"ACGGGCTTCCGAACGC-1",25.5321644284158
"ACGGGTCAGATGCCAG-1",17.2193005247349
"ACGGGTCCATGATCCA-1",18.5465126374895
"ACGGGTCCATTAGGCT-1",14.8248100803743
"ACGGGTCCATTTCACT-1",12.0094157353492
"ACGGGTCGTTAGGGTG-1",0
"ACGGGTCTCAACACCA-1",12.0148126265347
"ACGGGTCTCCACGCAG-1",16.1634993779874
"ACGTCAAAGGGCTTCC-1",16.6362966524388
"ACGTCAAAGTGGTAAT-1",0
"ACGTCAACAACTGCGC-1",12.1693797263947
"ACGTCAACACAAGACG-1",0
"ACGTCAAGTAGCTCCG-1",0
"ACGTCAAGTGTCGCTG-1",0
"ACGTCAAGTTATGCGT-1",15.204658051457
"ACGTCAATCAACCAAC-1",16.3265450252479
"ACGTCAATCATAACCG-1",14.8047248131619
"ACGTCAATCCAGAAGG-1",0
"ACGTCAATCTAACTCT-1",0
"ACTATCTAGAGGTTAT-1",0
"ACTATCTAGATACACA-1",0
"ACTATCTAGGAGTAGA-1",11.6479706621382
"ACTATCTAGGCATGTG-1",0
"ACTATCTCAAATACAG-1",13.029436142375
"ACTATCTCAAATTGCC-1",16.3499148528998
"ACTATCTGTAGGGACT-1",0
"ACTATCTGTCGCGTGT-1",17.5723528229248
"ACTATCTGTGCACGAA-1",21.460532527488
"ACTATCTGTGGTTTCA-1",0
"ACTATCTTCGCCGTGA-1",0
"ACTGAACAGAGTGAGA-1",0
"ACTGAACAGATCCCGC-1",0
"ACTGAACAGGTGATAT-1",12.4515998924464
"ACTGAACCAAAGCGGT-1",0
"ACTGAACCAAGCGAGT-1",24.2177226986786
"ACTGAACCAATTCCTT-1",14.925481651751
"ACTGAACCAGCTGGCT-1",11.170966075015
"ACTGAACCAGTCTTCC-1",0
"ACTGAACCATTACCTT-1",14.1224130500224
"ACTGAACGTAAGCACG-1",14.0208006020422
"ACTGAACGTAATCGTC-1",12.1643443285382
"ACTGAACGTCCAGTAT-1",0
"ACTGAACGTCTGATCA-1",0
"ACTGAACTCCCACTTG-1",10.5580838138903
"ACTGAGTAGCCGGTAA-1",14.3246880024408
"ACTGAGTCAGTGGGAT-1",0
"ACTGAGTCATTTGCCC-1",15.9573435598427
"ACTGAGTGTAGAGCTG-1",16.5992753610155
"ACTGAGTGTTGTGGCC-1",15.8458343533274
"ACTGAGTTCAGGTTCA-1",0
"ACTGATGAGACAGACC-1",12.422628583388
"ACTGATGAGCGGATCA-1",13.0014921160348
"ACTGATGAGGTGCTTT-1",17.0260744781001
"ACTGATGCAGCAGTTT-1",0
"ACTGATGCATCACAAC-1",0
"ACTGATGGTCATGCAT-1",0
"ACTGATGTCACAATGC-1",0
"ACTGATGTCACTCCTG-1",0
"ACTGATGTCCCTGACT-1",11.6705672898228
"ACTGATGTCCGCTGTT-1",0
"ACTGATGTCCGGCACA-1",14.4183952237888
"ACTGATGTCCTATTCA-1",12.2618244582812
"ACTGCTCAGAGCTTCT-1",0
"ACTGCTCAGATGCCTT-1",10.6215739393201
"ACTGCTCCACACCGCA-1",0
"ACTGCTCCAGATGGGT-1",12.3259750829766
"ACTGCTCCATGCCTAA-1",12.6045260589837
"ACTGCTCGTAGGCATG-1",14.225722385475
"ACTGCTCGTATCACCA-1",0
"ACTGCTCGTCCGAAGA-1",0
"ACTGCTCTCCGAGCCA-1",0
"ACTGTCCAGAGGGCTT-1",15.4906624156718
"ACTGTCCAGCAGCGTA-1",0
"ACTGTCCAGGCATGGT-1",0
"ACTGTCCCAAGGTTTC-1",13.5665388660983
"ACTGTCCCAAGTACCT-1",14.925481651751
"ACTGTCCCAGTATCTG-1",0
"ACTGTCCCATAGAAAC-1",16.8596895494073
"ACTGTCCGTTGAGGTG-1",0
"ACTGTCCTCCACGTGG-1",0
"ACTGTCCTCCTTGGTC-1",0
"ACTGTCCTCTCTGTCG-1",0
"ACTTACTAGCGATAGC-1",0
"ACTTACTAGGGATGGG-1",0
"ACTTACTCACAGACAG-1",0
"ACTTACTCACATTTCT-1",9.9937416168321
"ACTTACTGTACTCAAC-1",0
"ACTTACTGTTCCACAA-1",0
"ACTTACTTCATCGGAT-1",0
"ACTTGTTAGACAAGCC-1",10.7875847766829
"ACTTGTTAGCTAGCCC-1",0
"ACTTGTTAGTTACCCA-1",0
"ACTTGTTCACGACGAA-1",0
"ACTTGTTCACGGCTAC-1",16.5017361496724
"ACTTGTTGTATCGCAT-1",0
"ACTTGTTGTGGTAACG-1",11.4357785236038
"ACTTGTTGTTGTGGAG-1",0
"ACTTGTTTCATCACCC-1",11.2261215524355
"ACTTTCACATGGTCAT-1",0
"ACTTTCAGTGACTACT-1",0
"ACTTTCATCGCCAGCA-1",0
"AGAATAGAGCTGAACG-1",0
"AGAATAGAGCTGTCTA-1",10.5957140744221
"AGAATAGAGGTAGCTG-1",0
"AGAATAGCATGGTCTA-1",0
"AGAATAGGTATTCTCT-1",15.123205703964
"AGAATAGGTGCGGTAA-1",0
"AGAATAGGTTAAGAAC-1",0
"AGAATAGTCAGGCCCA-1",0
"AGACGTTAGAATGTGT-1",0
"AGACGTTAGCTCCTCT-1",16.8934875718917
"AGACGTTAGTGCCAGA-1",0
"AGACGTTCAGGATCGA-1",0
"AGACGTTGTAGCTGCC-1",0
"AGACGTTGTCTGCAAT-1",0
"AGACGTTGTTCTGTTT-1",18.8729923807173
"AGACGTTTCGCATGGC-1",0
"AGACGTTTCGCTTAGA-1",0
"AGAGCGACAACTTGAC-1",10.7885674782718
"AGAGCGACAAGTACCT-1",16.5596616340485
"AGAGCGACACAACGTT-1",0
"AGAGCGACATGAGCGA-1",0
"AGAGCGAGTCAGTGGA-1",13.6620382078023
"AGAGCGAGTCGACTGC-1",0
"AGAGCGAGTTGAGTTC-1",0
"AGAGCGATCGCGTAGC-1",0
"AGAGCGATCTATCCTA-1",10.716512650925
"AGAGCGATCTCGCTTG-1",0
"AGAGCTTAGCCGTCGT-1",10.7875847766829
"AGAGCTTAGTACACCT-1",10.050053051826
"AGAGCTTAGTCATGCT-1",0
"AGAGCTTGTAGAGCTG-1",0
"AGAGCTTGTATCACCA-1",10.3132573933985
"AGAGCTTTCACTATTC-1",0
"AGAGCTTTCCTGCAGG-1",0
"AGAGCTTTCGCAAACT-1",0
"AGAGCTTTCGCTTAGA-1",11.3306276050583
"AGAGTGGAGAGCCTAG-1",0
"AGAGTGGAGGCCCTTG-1",10.5957140744221
"AGAGTGGAGGTACTCT-1",0
"AGAGTGGCACAAGACG-1",0
"AGAGTGGCACCTCGTT-1",0
"AGAGTGGCATCCGGGT-1",23.4065527498619
"AGAGTGGCATCTGGTA-1",0
"AGAGTGGGTCAGCTAT-1",0
"AGAGTGGGTCCTCCAT-1",18.8729923807173
"AGAGTGGGTCTAGTCA-1",0
"AGAGTGGGTTACCGAT-1",0
"AGATCTGAGGTGGGTT-1",0
"AGATCTGAGTCAAGGC-1",17.6483399207019
"AGATCTGCAATGTTGC-1",0
"AGATCTGTCGAATCCA-1",12.9400515693429
"AGATCTGTCTGCAGTA-1",0
"AGATTGCAGGCTACGA-1",16.3516665853894
"AGATTGCCACGACGAA-1",0
"AGATTGCCAGATGGGT-1",14.2272740736332
"AGATTGCGTAGAGCTG-1",0
"AGATTGCGTGATGTCT-1",0
"AGATTGCGTGTTCGAT-1",13.235232541734
"AGATTGCGTTCACGGC-1",0
"AGATTGCTCACTGGGC-1",0
"AGATTGCTCATCTGTT-1",0
"AGCAGCCAGCTGATAA-1",0
"AGCAGCCCACCGAAAG-1",11.3822570535936
"AGCAGCCGTCGACTGC-1",20.9259308428336
"AGCAGCCGTCGCTTTC-1",0
"AGCAGCCGTCTAACGT-1",0
"AGCAGCCGTGTGAAAT-1",0
"AGCAGCCGTTTGTTGG-1",0
"AGCAGCCTCCAAACAC-1",0
"AGCATACAGTGGTAGC-1",9.99417452112671
"AGCATACAGTTGTCGT-1",15.8458343533274
"AGCATACGTCTTCTCG-1",0
"AGCATACGTTAAGTAG-1",12.456435530444
"AGCATACTCCGTTGCT-1",11.6060634497255
"AGCCTAAAGATATGGT-1",0
"AGCCTAACAAAGCGGT-1",0
"AGCCTAACAGATAATG-1",10.8135726437382
"AGCCTAAGTACGAAAT-1",0
"AGCCTAAGTCACCTAA-1",0
"AGCCTAAGTGTGCCTG-1",0
"AGCCTAATCACCCGAG-1",0
"AGCCTAATCCAATGGT-1",15.884022393909
"AGCCTAATCCTTGGTC-1",0
"AGCCTAATCTGTGCAA-1",10.0366790809858
"AGCCTAATCTGTTTGT-1",0
"AGCGGTCAGCGAAGGG-1",0
"AGCGGTCAGGTACTCT-1",18.6744636983206
"AGCGGTCAGTGACTCT-1",10.9731070195926
"AGCGGTCCAGCCTTGG-1",0
"AGCGGTCGTCCTAGCG-1",0
"AGCGGTCGTGGTGTAG-1",12.879601168999
"AGCGGTCGTTAAGGGC-1",10.3132573933985
"AGCGGTCGTTTGCATG-1",9.9937416168321
"AGCGGTCTCCGAAGAG-1",0
"AGCGGTCTCCTCAATT-1",0
"AGCGGTCTCTGGGCCA-1",0
"AGCGTATAGAACTGTA-1",0
"AGCGTATAGCGATGAC-1",11.3660063426777
"AGCGTATAGGTACTCT-1",0
"AGCGTATGTTGAGGTG-1",0
"AGCGTATTCCAGAGGA-1",15.4906624156718
"AGCGTCGAGTTGAGTA-1",0
"AGCGTCGCAGGGATTG-1",18.5006796212246
"AGCGTCGTCTGAAAGA-1",0
"AGCTCCTAGACCTAGG-1",0
"AGCTCCTAGCGTTTAC-1",0
"AGCTCCTGTGTTTGTG-1",0
"AGCTCCTGTTGTCTTT-1",0
"AGCTCCTTCCGAATGT-1",16.3265450252479
"AGCTCCTTCTTGACGA-1",0
"AGCTCTCAGCGGATCA-1",16.3265450252479
"AGCTCTCAGCTGTTCA-1",0
"AGCTCTCAGGTGCTAG-1",0
"AGCTCTCCATACAGCT-1",15.4906624156718
"AGCTCTCGTCAGAGGT-1",11.0167458119893
"AGCTCTCGTGGGTCAA-1",0
"AGCTCTCTCACAACGT-1",0
"AGCTCTCTCTTGACGA-1",11.2144893099558
"AGCTTGAAGCATCATC-1",14.3246880024408
"AGCTTGAAGTAGCGGT-1",0
"AGCTTGAAGTTGTCGT-1",23.5731891282229
"AGCTTGACAATCCAAC-1",0
"AGCTTGACACCGATAT-1",0
"AGCTTGAGTCTACCTC-1",0
"AGCTTGAGTGCGCTTG-1",0
"AGCTTGAGTTACGCGC-1",17.6716245123827
"AGCTTGATCCTGCCAT-1",11.013784594333
"AGCTTGATCTGCAAGT-1",0
"AGGCCACAGAGTAAGG-1",0
"AGGCCACAGGGTCTCC-1",13.1800123520161
"AGGCCACAGTACTTGC-1",18.5006796212246
"AGGCCACCAGGACCCT-1",0
"AGGCCACCATCAGTCA-1",9.91688853095003
"AGGCCACTCATGCTCC-1",14.2272740736332
"AGGCCACTCATTGCGA-1",0
"AGGCCGTAGGATCGCA-1",0
"AGGCCGTCACGTAAGG-1",0
"AGGCCGTCAGCTCGAC-1",15.182767386876
"AGGCCGTCATCGTCGG-1",16.2093751984854
"AGGCCGTTCACGGTTA-1",21.0069016623919
"AGGCCGTTCGAACTGT-1",0
"AGGCCGTTCTCAAGTG-1",9.91688853095003
"AGGCCGTTCTGCTTGC-1",0
"AGGGAGTAGCCCAACC-1",0
"AGGGAGTAGGAGTACC-1",10.0426037096857
"AGGGAGTAGGCAGGTT-1",0
"AGGGAGTCACGAGAGT-1",17.9119427049722
"AGGGAGTCAGAAGCAC-1",0
"AGGGAGTCAGATCCAT-1",17.3090975097046
"AGGGAGTCATCGACGC-1",0
"AGGGAGTCATGCTAGT-1",11.5223105208242
"AGGGAGTGTCCATGAT-1",16.2589763647192
"AGGGAGTTCATAACCG-1",0
"AGGGATGAGCTCTCGG-1",0
"AGGGATGAGGAGTAGA-1",15.4906624156718
"AGGGATGAGTAGCGGT-1",13.1765378699137
"AGGGATGCAATGAATG-1",13.1505173073781
"AGGGATGCAATGGAGC-1",25.5203267824534
"AGGGATGCACAAGACG-1",11.6479706621382
"AGGGATGCACATTTCT-1",16.7734599985868
"AGGGATGCATGGTCTA-1",0
"AGGGATGGTTAAAGTG-1",11.3232125806274
"AGGGATGGTTATGCGT-1",0
"AGGGATGTCGTGACAT-1",10.7712253889761
"AGGGTGAAGATGGCGT-1",0
"AGGGTGAAGATGGGTC-1",0
"AGGGTGAAGGCTCAGA-1",13.1800123520161
"AGGGTGACACGAGAGT-1",0
"AGGGTGACAGATGGCA-1",10.8785114861766
"AGGGTGACAGATTGCT-1",0
"AGGGTGAGTACTCTCC-1",0
"AGGGTGAGTTATCGGT-1",0
"AGGGTGAGTTCTGAAC-1",15.9573435598427
"AGGGTGATCTCGCTTG-1",15.3897434330127
"AGGTCATAGAGCCCAA-1",19.1800025039697
"AGGTCATAGCCAGAAC-1",14.5583111546514
"AGGTCATAGGCATGGT-1",0
"AGGTCATAGGGAGTAA-1",0
"AGGTCATCACTCAGGC-1",12.0807959257439
"AGGTCATCACTCTGTC-1",0
"AGGTCATGTTCCACTC-1",9.99417452112671
"AGGTCATTCTCGTTTA-1",0
"AGGTCCGAGGATGCGT-1",0
"AGGTCCGGTGATGCCC-1",0
"AGGTCCGTCCATGAAC-1",0
"AGGTCCGTCGCCCTTA-1",14.2923700849875
"AGGTCCGTCTGCGTAA-1",0
"AGTAGTCAGACTGTAA-1",11.6215938887648
"AGTAGTCAGTACGACG-1",16.7466811945618
"AGTAGTCAGTTTAGGA-1",0
"AGTAGTCCAACTGGCC-1",0
"AGTAGTCGTGCAGACA-1",0
"AGTAGTCTCACCCGAG-1",0
"AGTCTTTAGGCAGTCA-1",0
"AGTCTTTCAAATCCGT-1",0
"AGTCTTTCATATACCG-1",9.88999213514769
"AGTCTTTGTGCTTCTC-1",16.5992753610155
"AGTCTTTGTGTCCTCT-1",10.9731070195926
"AGTCTTTTCGCAGGCT-1",0
"AGTCTTTTCGCGTAGC-1",10.5957140744221
"AGTCTTTTCGCTAGCG-1",0
"AGTCTTTTCGCTTGTC-1",15.123205703964
"AGTCTTTTCTGACCTC-1",0
"AGTGAGGAGATAGCAT-1",10.9731070195926
"AGTGAGGCAGGTGCCT-1",0
"AGTGAGGGTATGAAAC-1",0
"AGTGAGGGTCACTTCC-1",0
"AGTGAGGGTCGCGAAA-1",0
"AGTGAGGGTTATGTGC-1",0
"AGTGAGGTCTACTATC-1",12.5835451020823
"AGTGGGAAGCAGACTG-1",0
"AGTGGGACAAACGCGA-1",0
"AGTGGGACAAGCCGTC-1",12.9605068139373
"AGTGGGACACAGGAGT-1",0
"AGTGGGACACGAGAGT-1",9.88999213514769
"AGTGGGATCATCGATG-1",0
"AGTGGGATCCACGAAT-1",0
"AGTGGGATCCTGCAGG-1",12.7142482861552
"AGTGTCAAGAAGCCCA-1",14.9374189508212
"AGTGTCAAGCTAGTCT-1",0
"AGTGTCAAGTACGACG-1",0
"AGTGTCAAGTGAACAT-1",14.9130080847245
"AGTGTCACACCATCCT-1",0
"AGTGTCACAGTAAGCG-1",0
"AGTGTCACAGTGGAGT-1",0
"AGTGTCAGTAAACCTC-1",19.4380234603355
"AGTGTCAGTACAGCAG-1",0
"AGTGTCAGTCTCCACT-1",21.5485623799911
"AGTGTCAGTTTGACTG-1",0
"AGTGTCATCAAAGTAG-1",11.6977380402096
"AGTGTCATCCGTCAAA-1",14.7571157852961
"AGTGTCATCGTTACAG-1",14.8657091961395
"AGTGTCATCTGTCAAG-1",0
"AGTTGGTAGACTGTAA-1",0
"AGTTGGTAGTACGCGA-1",18.6744636983206
"AGTTGGTCAAATTGCC-1",0
"AGTTGGTCAGGAATGC-1",0
"AGTTGGTCATGCGCAC-1",0
"AGTTGGTGTACCGTAT-1",17.4682588769106
"AGTTGGTGTATGCTTG-1",0
"AGTTGGTGTCAGGACA-1",0
"AGTTGGTGTTCAGACT-1",10.5529891618544
"AGTTGGTTCAGTACGT-1",11.2144893099558
"AGTTGGTTCCTCAACC-1",0
"AGTTGGTTCGTACCGG-1",0
"AGTTGGTTCTGTCCGT-1",14.925481651751
"ATAACGCAGTTGAGTA-1",0
"ATAACGCCACGTGAGA-1",19.1800025039697
"ATAACGCGTGAACCTT-1",0
"ATAACGCGTGTCCTCT-1",0
"ATAACGCGTGTGAAAT-1",0
"ATAACGCTCTCCGGTT-1",0
"ATAAGAGAGTCCGGTC-1",0
"ATAAGAGCAACTGCGC-1",0
"ATAAGAGCAGTATCTG-1",10.5529891618544
"ATAAGAGGTGACGCCT-1",0
"ATAAGAGGTTAAAGTG-1",0
"ATAAGAGTCAGCACAT-1",10.0426037096857
"ATAAGAGTCAGTGCAT-1",0
"ATAGACCAGAGAGCTC-1",19.0952159707913
"ATAGACCAGCCCAATT-1",0
"ATAGACCCAAGCCATT-1",0
"ATAGACCCATCTGGTA-1",0
"ATAGACCGTATATGGA-1",10.0892352742591
"ATAGACCGTGGACGAT-1",13.0491119633582
"ATAGACCGTGGCGAAT-1",10.3132573933985
"ATAGACCGTTTCGCTC-1",11.6060634497255
"ATCACGAAGAACTCGG-1",0
"ATCACGAAGACACGAC-1",0
"ATCACGAAGTTACCCA-1",11.3822570535936
"ATCACGACAAGACACG-1",10.0877549649845
"ATCACGACAAGCGTAG-1",0
"ATCACGACACACATGT-1",0
"ATCACGACACCACCAG-1",0
"ATCACGACACGGTAAG-1",0
"ATCACGACAGCGAACA-1",0
"ATCACGATCCCGACTT-1",0
"ATCACGATCGGTGTCG-1",0
"ATCATCTAGCCTATGT-1",0
"ATCATCTAGGCCATAG-1",15.9573435598427
"ATCATCTAGTACTTGC-1",11.3232125806274
"ATCATCTCAGACGCCT-1",13.3804169148562
"ATCATCTCATCCGTGG-1",0
"ATCATCTGTATTACCG-1",10.0352575549111
"ATCATCTGTCACTTCC-1",0
"ATCATCTTCAGCGACC-1",0
"ATCATCTTCCTCAACC-1",10.9731070195926
"ATCATGGCAAGCGTAG-1",0
"ATCATGGCAAGGTTCT-1",0
"ATCATGGCACTACAGT-1",16.3516665853894
"ATCATGGGTAAGGGAA-1",15.0485778337645
"ATCATGGGTTGTGGCC-1",10.716512650925
"ATCATGGTCAATAAGG-1",0
"ATCATGGTCCAATGGT-1",0
"ATCATGGTCGCCATAA-1",11.4357785236038
"ATCATGGTCGGTTAAC-1",0
"ATCCACCAGCTAGTCT-1",15.1904827521714
"ATCCACCAGGCTCTTA-1",0
"ATCCACCCAAACGTGG-1",0
"ATCCACCCAGTTAACC-1",0
"ATCCACCGTCCGAAGA-1",16.3499148528998
"ATCCACCGTTTGTTTC-1",0
"ATCCACCTCCTGCTTG-1",12.422628583388
"ATCCACCTCCTTAATC-1",0
"ATCCACCTCTGGTATG-1",0
"ATCCGAAAGCGATGAC-1",0
"ATCCGAAAGCTAGGCA-1",10.5135723727489
"ATCCGAACAAACGTGG-1",0
"ATCCGAACAACAACCT-1",14.925481651751
"ATCCGAACAAGGACTG-1",10.5957140744221
"ATCCGAACACCCATTC-1",0
"ATCCGAACACGGTAGA-1",14.925481651751
"ATCCGAAGTAGCGCTC-1",0
"ATCCGAAGTCATTAGC-1",12.0094157353492
"ATCCGAAGTCTCTTAT-1",0
"ATCCGAATCCAACCAA-1",14.1019245568185
"ATCCGAATCCTTGACC-1",0
"ATCCGAATCTTGTCAT-1",0
"ATCGAGTAGACTTTCG-1",15.884022393909
"ATCGAGTCATCCGGGT-1",14.8248100803743
"ATCGAGTGTCCCTTGT-1",11.170966075015
"ATCGAGTGTCTCCCTA-1",0
"ATCGAGTTCATGCATG-1",0
"ATCGAGTTCCTGCCAT-1",15.884022393909
"ATCTACTAGGTGTGGT-1",11.545194139287
"ATCTACTCAGCTGTAT-1",10.4968013096484
"ATCTACTCAGTACACT-1",12.1799696693265
"ATCTACTCATGACATC-1",10.3132573933985
"ATCTACTGTAAGTAGT-1",0
"ATCTACTGTGTCGCTG-1",0
"ATCTACTTCCGCGTTT-1",0
"ATCTACTTCGCAAGCC-1",10.7732834133337
"ATCTACTTCTATCGCC-1",12.5696750649935
"ATCTACTTCTCTAAGG-1",0
"ATCTGCCAGGCTCAGA-1",15.1563645764067
"ATCTGCCGTACAGTTC-1",12.5369922558123
"ATCTGCCGTTGTGGAG-1",16.3265450252479
"ATCTGCCTCAGAGACG-1",14.225722385475
"ATCTGCCTCAGCTGGC-1",12.1799696693265
"ATCTGCCTCGTACGGC-1",16.6362966524388
"ATCTGCCTCTCGAGTA-1",11.7788305841597
"ATCTGCCTCTGAGTGT-1",15.1563645764067
"ATCTGCCTCTTGTATC-1",0
"ATGAGGGAGGTCGGAT-1",11.4202544901779
"ATGAGGGCATGACGGA-1",15.6688827967816
"ATGAGGGCATTAGGCT-1",0
"ATGAGGGTCACATGCA-1",0
"ATGAGGGTCAGTCCCT-1",0
"ATGCGATAGTCAATAG-1",0
"ATGCGATCATGTTGAC-1",0
"ATGCGATGTGCAGTAG-1",12.3938796473318
"ATGCGATGTGCATCTA-1",23.4065527498619
"ATGCGATTCCCAAGAT-1",16.3265450252479
"ATGCGATTCGCCATAA-1",14.3679458077875
"ATGGGAGAGCAATATG-1",15.4906624156718
"ATGGGAGAGCCACGCT-1",0
"ATGGGAGAGGTGATAT-1",0
"ATGGGAGCACCAGGTC-1",0
"ATGGGAGCACTATCTT-1",15.3897434330127
"ATGGGAGCAGCATACT-1",14.6294478992188
"ATGGGAGCATAGAAAC-1",10.8198975831177
"ATGGGAGCATTACCTT-1",11.3232125806274
"ATGTGTGAGCGAAGGG-1",0
"ATGTGTGAGGGTTTCT-1",0
"ATGTGTGAGTTGAGTA-1",14.3246880024408
"ATGTGTGCACGGCGTT-1",0
"ATGTGTGCACGGTTTA-1",10.8820613406443
"ATGTGTGCAGTATAAG-1",0
"ATGTGTGTCACGCGGT-1",12.0094157353492
"ATTACTCAGATGTGTA-1",0
"ATTACTCAGCGTAATA-1",17.2727511274714
"ATTACTCAGGTGCACA-1",11.3471939133854
"ATTACTCAGTGAAGTT-1",10.0352575549111
"ATTACTCCAAACTGTC-1",0
"ATTACTCCACCATCCT-1",0
"ATTACTCCAGACTCGC-1",0
"ATTACTCCATATGCTG-1",18.5465126374895
"ATTACTCCATCGGTTA-1",0
"ATTACTCCATTGCGGC-1",0
"ATTACTCGTTAAAGAC-1",0
"ATTACTCTCCGAACGC-1",11.909193656886
"ATTATCCAGAGTACCG-1",0
"ATTATCCAGCTTATCG-1",9.90165347458233
"ATTATCCCACAAGCCC-1",0
"ATTATCCCATATGAGA-1",10.1142504975609
"ATTATCCCATCTGGTA-1",0
"ATTATCCGTCGTTGTA-1",0
"ATTATCCGTCTCTCTG-1",0
"ATTATCCTCAACGGGA-1",0
"ATTATCCTCCGCGCAA-1",0
"ATTATCCTCTCCGGTT-1",0
"ATTCTACGTCACTTCC-1",14.8248100803743
"ATTCTACGTCTAGTCA-1",10.9169132758894
"ATTCTACGTTGTCGCG-1",0
"ATTGGACAGCAGATCG-1",10.0366790809858
"ATTGGACAGGGCATGT-1",17.2727511274714
"ATTGGACAGTGGACGT-1",0
"ATTGGACCAAGACACG-1",18.6744636983206
"ATTGGACGTAATAGCA-1",13.6046795394932
"ATTGGACTCCTGCTTG-1",11.6958854398892
"ATTGGACTCGGCGCAT-1",10.0366790809858
"ATTGGACTCGTTTGCC-1",0
"ATTGGTGAGAATGTTG-1",0
"ATTGGTGCAAGCTGAG-1",10.6165743219483
"ATTGGTGCAGCAGTTT-1",10.8135726437382
"ATTGGTGGTTGAGTTC-1",12.9914771909429
"ATTGGTGTCAAAGTAG-1",0
"ATTGGTGTCGGAAACG-1",14.925481651751
"ATTTCTGAGGGATACC-1",10.0352575549111
"ATTTCTGAGGGATCTG-1",0
"ATTTCTGAGGTGTTAA-1",13.8499289498158
"ATTTCTGAGTCGAGTG-1",15.7242527004816
"ATTTCTGAGTTCGCAT-1",14.4637064733935
"ATTTCTGCAAGGTGTG-1",0
"ATTTCTGGTAGCTCCG-1",0
"ATTTCTGGTGCACGAA-1",18.1883732947393
"ATTTCTGGTTGCCTCT-1",16.9583279864047
"ATTTCTGTCAAAGTAG-1",11.7174201285024
"ATTTCTGTCAGCTCGG-1",0
"ATTTCTGTCTTGGGTA-1",16.3876940818295
"CAACCAAAGAAACGCC-1",0
"CAACCAAAGAGGGCTT-1",0
"CAACCAAAGCTGAAAT-1",15.1904827521714
"CAACCAAAGGACAGCT-1",0
"CAACCAAAGGGAGTAA-1",16.7858191547128
"CAACCAACATACGCTA-1",0
"CAACCTCAGTAATCCC-1",0
"CAACCTCCAGACGCAA-1",0
"CAACCTCGTGAGTGAC-1",10.9386798905869
"CAACCTCGTTCCACGG-1",0
"CAACCTCTCATACGGT-1",14.8205826731138
"CAACCTCTCCGATATG-1",0
"CAACCTCTCCTTTACA-1",0
"CAACCTCTCTCTAGGA-1",18.0176302463876
"CAACTAGAGAATAGGG-1",0
"CAACTAGAGGATGCGT-1",9.89357158115376
"CAACTAGCACCATCCT-1",11.6705672898228
"CAACTAGCAGACTCGC-1",10.8135726437382
"CAACTAGCAGTTCATG-1",10.0816754704049
"CAACTAGGTACGCACC-1",0
"CAACTAGTCAGGCCCA-1",0
"CAAGAAAAGAAGGACA-1",13.0491119633582
"CAAGAAAAGACGCACA-1",12.2535140408469
"CAAGAAAAGGCCCTTG-1",10.0816754704049
"CAAGAAAAGGTGATAT-1",12.3938796473318
"CAAGAAAAGTCGATAA-1",12.8896446861517
"CAAGAAAAGTGGAGTC-1",0
"CAAGAAAAGTGTACCT-1",13.3051751779938
"CAAGAAACACGGTGTC-1",0
"CAAGAAATCTGCTTGC-1",0
"CAAGATCAGCTGAAAT-1",10.6949655509139
"CAAGATCGTAAGAGGA-1",10.0877549649845
"CAAGATCGTGCCTTGG-1",11.0942744558398
"CAAGATCTCAACACCA-1",0
"CAAGATCTCTCGATGA-1",10.5957140744221
"CAAGGCCAGGAGTCTG-1",0
"CAAGGCCAGGCTATCT-1",0
"CAAGGCCCACGGTAAG-1",0
"CAAGGCCCATGTTCCC-1",0
"CAAGGCCGTCCGTCAG-1",0
"CAAGGCCTCAACGGGA-1",25.5303604806381
"CAAGGCCTCCTTGACC-1",10.7875847766829
"CAAGGCCTCGTGACAT-1",0
"CAAGTTGAGACAGGCT-1",0
"CAAGTTGAGATGTCGG-1",10.716512650925
"CAAGTTGAGCGTCAAG-1",11.929643823756
"CAAGTTGAGCGTTTAC-1",0
"CAAGTTGCACATTAGC-1",0
"CAAGTTGCACGCTTTC-1",0
"CAAGTTGCACGGTGTC-1",0
"CAAGTTGCATTCTTAC-1",12.5038064081898
"CAAGTTGGTACTCAAC-1",0
"CAAGTTGGTCAGGACA-1",0
"CAAGTTGGTCGGCACT-1",0
"CAAGTTGTCAACGAAA-1",0
"CAAGTTGTCACCACCT-1",18.6620776778682
"CAAGTTGTCATTGCCC-1",9.91688853095003
"CAAGTTGTCGAATCCA-1",0
"CAAGTTGTCTACTTAC-1",0
"CACAAACAGGGCTCTC-1",14.11086945517
"CACAAACAGGGCTTGA-1",12.2133891388872
"CACAAACAGTGACATA-1",11.9532469918762
"CACAAACCAACTGCGC-1",10.0366790809858
"CACAAACCAATAAGCA-1",10.5580838138903
"CACAAACCAATCAGAA-1",0
"CACAAACCACTTAACG-1",0
"CACAAACCATGAACCT-1",0
"CACAAACCATGGTCAT-1",11.3660063426777
"CACAAACGTCAACTGT-1",0
"CACAAACGTCAGAATA-1",0
"CACAAACTCTTCGGTC-1",11.3232125806274
"CACAAACTCTTGGGTA-1",0
"CACACAAAGCGACGTA-1",0
"CACACAAAGGGAGTAA-1",15.1563645764067
"CACACAACAAACGTGG-1",0
"CACACAACACATGACT-1",10.7885674782718
"CACACAACATCGATTG-1",14.9027439910575
"CACACAACATTGGGCC-1",17.2193005247349
"CACACAAGTACGACCC-1",0
"CACACAAGTCAGTGGA-1",11.3660063426777
"CACACAAGTCATCGGC-1",10.5439093586852
"CACACAAGTTTACTCT-1",0
"CACACAATCCACGTGG-1",0
"CACACAATCCACGTTC-1",15.7109967048028
"CACACAATCGGCGCAT-1",0
"CACACCTAGAGACTAT-1",12.7410461983976
"CACACCTAGGACATTA-1",0
"CACACCTAGTGTGAAT-1",0
"CACACCTCACTGAAGG-1",11.4357785236038
"CACACCTCATAGGATA-1",19.7186616019812
"CACACCTCATAGTAAG-1",0
"CACACCTCATTGGGCC-1",10.0366790809858
"CACACCTGTACAGCAG-1",0
"CACACCTGTACCGCTG-1",0
"CACACCTGTCCAAGTT-1",0
"CACACCTGTGGACGAT-1",0
"CACACCTGTGGTCTCG-1",11.6215938887648
"CACACCTTCATGTCTT-1",0
"CACACCTTCTGGCGAC-1",0
"CACACTCAGGGAAACA-1",0
"CACACTCCAACACCTA-1",0
"CACACTCCAAGGGTCA-1",0
"CACACTCGTGACGCCT-1",0
"CACACTCGTTTGTGTG-1",0
"CACAGGCAGCCATCGC-1",0
"CACAGGCAGGGATGGG-1",15.4553914807005
"CACAGGCCAAGAGTCG-1",13.235232541734
"CACAGGCCAATGGAGC-1",0
"CACAGGCGTCTAGGTT-1",0
"CACAGGCGTTACGCGC-1",10.0426037096857
"CACAGGCTCGGGAGTA-1",0
"CACAGGCTCTATGTGG-1",0
"CACAGTAAGACGCAAC-1",0
"CACAGTAAGACGCACA-1",12.4576106916864
"CACAGTAAGTGGGCTA-1",15.0485778337645
"CACAGTACAACTGGCC-1",14.2272740736332
"CACAGTACATCGGACC-1",0
"CACAGTAGTTCCATGA-1",15.9573435598427
"CACATAGAGCCCAATT-1",0
"CACATAGAGTGTACTC-1",9.88509247844716
"CACATAGCACTTCTGC-1",0
"CACATAGCAGGGTATG-1",0
"CACATAGTCCTTGCCA-1",10.1770277111941
"CACATAGTCGGCGCAT-1",0
"CACATTTAGCAGATCG-1",10.9169132758894
"CACATTTAGGGCACTA-1",15.7109967048028
"CACATTTCACGGCGTT-1",0
"CACATTTCATTACCTT-1",0
"CACATTTGTCGAACAG-1",0
"CACATTTGTGTTGAGG-1",0
"CACATTTTCCAGAGGA-1",16.1634993779874
"CACATTTTCCGCATCT-1",0
"CACATTTTCTACTATC-1",0
"CACATTTTCTGTGCAA-1",0
"CACCACTAGCCACGTC-1",0
"CACCACTAGTGGTAAT-1",0
"CACCACTAGTTACCCA-1",0
"CACCACTCAAGCCCAC-1",15.884022393909
"CACCACTCAGTTCATG-1",0
"CACCACTGTTATTCTC-1",0
"CACCACTTCACCGGGT-1",0
"CACCACTTCGAATCCA-1",18.6744636983206
"CACCACTTCGACCAGC-1",0
"CACCACTTCTAACCGA-1",0
"CACCACTTCTTTAGTC-1",11.3660063426777
"CACCAGGCACATTAGC-1",15.9573435598427
"CACCAGGCACTGCCAG-1",0
"CACCAGGCATAAAGGT-1",14.3886008798643
"CACCAGGCATGAACCT-1",0
"CACCAGGGTGAAATCA-1",10.8595568679681
"CACCAGGGTGTTTGGT-1",11.6977380402096
"CACCAGGGTTATCACG-1",0
"CACCAGGTCATGTAGC-1",14.9722696676969
"CACCAGGTCTGCTTGC-1",0
"CACCTTGAGACTTGAA-1",13.1800123520161
"CACCTTGAGTCAATAG-1",20.9257706184005
"CACCTTGCAGGCGATA-1",0
"CACCTTGCATTCCTGC-1",0
"CACCTTGGTCATTAGC-1",15.7242527004816
"CACCTTGGTGATGTCT-1",11.3174159683491
"CACCTTGGTTATGTGC-1",0
"CACCTTGTCAACCATG-1",0
"CACCTTGTCATTATCC-1",18.5006796212246
"CACCTTGTCCAAAGTC-1",15.6688827967816
"CACCTTGTCTCACATT-1",0
"CACTCCAAGACAAGCC-1",0
"CACTCCAAGGTACTCT-1",10.4617339173863
"CACTCCACAATGGACG-1",0
"CACTCCAGTACATGTC-1",0
"CACTCCAGTTGTCGCG-1",16.5992753610155
"CACTCCATCAACACAC-1",10.8198975831177
"CACTCCATCCCAGGTG-1",24.2177226986786
"CAGAATCAGAAACCTA-1",0
"CAGAATCAGCCAACAG-1",18.8729923807173
"CAGAATCAGCTGGAAC-1",16.5017361496724
"CAGAATCAGGACTGGT-1",0
"CAGAATCAGTATCGAA-1",17.4682588769106
"CAGAATCCACAGAGGT-1",14.5583111546514
"CAGAATCCAGGGTACA-1",0
"CAGAATCGTAAGTGTA-1",10.2328620907081
"CAGAATCGTAATCACC-1",19.444494513849
"CAGAATCTCAGTTTGG-1",0
"CAGAATCTCGCAAGCC-1",10.6949655509139
"CAGAATCTCGGTCCGA-1",0
"CAGAATCTCTTGCAAG-1",0
"CAGAATCTCTTGTACT-1",0
"CAGAGAGAGAATTGTG-1",15.3897434330127
"CAGAGAGAGCAATATG-1",0
"CAGAGAGCAAGAAGAG-1",11.6977380402096
"CAGAGAGCACCAGATT-1",19.1800025039697
"CAGAGAGGTAATCACC-1",15.1563645764067
"CAGAGAGGTAGCTGCC-1",0
"CAGAGAGGTAGGACAC-1",15.4906624156718
"CAGAGAGGTATAGGGC-1",0
"CAGAGAGGTCCGAATT-1",16.1634993779874
"CAGAGAGGTTGAGGTG-1",19.0952159707913
"CAGAGAGTCACCCGAG-1",0
"CAGAGAGTCATAACCG-1",11.170966075015
"CAGAGAGTCCGAACGC-1",16.5992753610155
"CAGAGAGTCTGGTATG-1",19.444494513849
"CAGATCAAGAGACGAA-1",22.106052200017
"CAGATCAAGCACCGTC-1",0
"CAGATCAAGCTTCGCG-1",0
"CAGATCAAGGATTCGG-1",0
"CAGATCAAGTGTACCT-1",0
"CAGATCAAGTTTAGGA-1",0
"CAGATCACAATAACGA-1",0
"CAGATCACACACCGAC-1",0
"CAGATCACACGGTAAG-1",0
"CAGATCACACTCTGTC-1",0
"CAGATCACAGCATACT-1",0
"CAGATCACAGTGGGAT-1",12.6045260589837
"CAGATCAGTACCAGTT-1",0
"CAGATCAGTGCGGTAA-1",0
"CAGATCATCTGATTCT-1",0
"CAGCAGCAGATGCCAG-1",10.0366790809858
"CAGCAGCAGGGAACGG-1",10.7875847766829
"CAGCAGCCACCTATCC-1",0
"CAGCAGCCATCACAAC-1",0
"CAGCAGCTCAACACTG-1",0
"CAGCAGCTCGAACTGT-1",0
"CAGCAGCTCGCCGTGA-1",25.6546595954107
"CAGCATAAGAGACGAA-1",17.3090975097046
"CAGCATAGTCTAGGTT-1",23.4434025175545
"CAGCATAGTTTACTCT-1",15.8458343533274
"CAGCATATCACGAAGG-1",0
"CAGCATATCAGGCAAG-1",17.2749469149111
"CAGCATATCCTTAATC-1",10.0426037096857
"CAGCCGAAGCATCATC-1",11.7174201285024
"CAGCCGAAGTTTCCTT-1",0
"CAGCCGACACGTGAGA-1",24.2177226986786
"CAGCCGACATCAGTCA-1",10.8198975831177
"CAGCCGAGTGATGTCT-1",0
"CAGCCGATCACCAGGC-1",19.091946184187
"CAGCCGATCCTCAATT-1",0
"CAGCGACAGAAACGCC-1",10.0877549649845
"CAGCGACAGCGTCAAG-1",14.925481651751
"CAGCGACCAAACGTGG-1",17.0669154076242
"CAGCGACCAAAGCGGT-1",10.3132573933985
"CAGCGACCACGTCAGC-1",0
"CAGCGACCATGGGACA-1",11.5929439061664
"CAGCGACGTCTGATTG-1",11.9845424259338
"CAGCGACGTGGACGAT-1",0
"CAGCGACGTGGTTTCA-1",0
"CAGCGACGTTCGGCAC-1",12.8896446861517
"CAGCGACTCCGCAAGC-1",16.1634993779874
"CAGCGACTCTGGGCCA-1",0
"CAGCTAAAGATGTGTA-1",10.6477799456062
"CAGCTAAAGCAGACTG-1",0
"CAGCTAAAGCTGTTCA-1",13.6008057762486
"CAGCTAAAGGAGCGTT-1",0
"CAGCTAACACAGATTC-1",0
"CAGCTAACATCAGTAC-1",0
"CAGCTAAGTAATCGTC-1",14.8205826731138
"CAGCTAAGTCTCACCT-1",10.2328620907081
"CAGCTAAGTTCGTCTC-1",0
"CAGCTAATCCACGCAG-1",0
"CAGCTAATCCCTAACC-1",19.3029625474563
"CAGCTAATCTGGTTCC-1",12.7665539955692
"CAGCTAATCTTAGCCC-1",0
"CAGCTAATCTTCGGTC-1",14.5122587453464
"CAGCTGGAGACACTAA-1",13.6381910513349
"CAGCTGGAGATCCTGT-1",0
"CAGCTGGCACCAACCG-1",16.5017361496724
"CAGCTGGCAGTGGAGT-1",0
"CAGCTGGCATGCATGT-1",0
"CAGCTGGTCTACCTGC-1",0
"CAGGTGCAGAGACGAA-1",15.123205703964
"CAGGTGCAGATCCTGT-1",11.7174201285024
"CAGGTGCAGGCATGTG-1",0
"CAGGTGCCAGGAACGT-1",15.7109967048028
"CAGGTGCCATAGTAAG-1",12.2133891388872
"CAGGTGCCATCGGAAG-1",0
"CAGGTGCTCAGTTGAC-1",12.5369922558123
"CAGGTGCTCCAAGTAC-1",15.5488774591674
"CAGGTGCTCTTGTATC-1",10.7942545010831
"CAGTAACAGATATGGT-1",0
"CAGTAACAGATGGCGT-1",0
"CAGTAACCAATCACAC-1",17.6483399207019
"CAGTAACCACTCGACG-1",14.3886008798643
"CAGTAACGTGATAAGT-1",17.3988801752705
"CAGTAACGTGCACCAC-1",0
"CAGTAACTCAGAGGTG-1",0
"CAGTAACTCGTACGGC-1",10.6477799456062
"CAGTAACTCGTGACAT-1",0
"CAGTAACTCTGCCAGG-1",0
"CAGTCCTAGAATCTCC-1",0
"CAGTCCTAGATCTGCT-1",10.9169132758894
"CAGTCCTCAGTATAAG-1",25.5321644284158
"CAGTCCTTCAACACGT-1",0
"CAGTCCTTCCATGAGT-1",16.3499148528998
"CAGTCCTTCCCGACTT-1",10.8198975831177
"CAGTCCTTCCCTTGTG-1",0
"CAGTCCTTCGAACGGA-1",0
"CAGTCCTTCGGTTCGG-1",0
"CAGTCCTTCTACTTAC-1",0
"CATATGGAGAGATGAG-1",0
"CATATGGAGGCATGGT-1",0
"CATATGGAGTATTGGA-1",14.3679458077875
"CATATGGCAAGCGTAG-1",0
"CATATGGGTCGCATAT-1",0
"CATATGGTCATTATCC-1",0
"CATATGGTCATTGCGA-1",0
"CATATTCCACCACCAG-1",0
"CATATTCGTGACTACT-1",10.5135723727489
"CATATTCGTGGTACAG-1",12.879601168999
"CATATTCGTGTGACGA-1",12.4106266636313
"CATATTCTCACAGGCC-1",13.8957400177175
"CATATTCTCGCAAACT-1",12.2709581608602
"CATCAAGAGAACTCGG-1",16.3516665853894
"CATCAAGAGATGGCGT-1",12.879601168999
"CATCAAGAGCCGCCTA-1",14.1913235596426
"CATCAAGCACGAAACG-1",13.6046795394932
"CATCAAGCAGCCTTTC-1",0
"CATCAAGCATGGAATA-1",12.0148126265347
"CATCAAGGTTACTGAC-1",0
"CATCAAGGTTCCATGA-1",15.4906624156718
"CATCAAGTCTAAGCCA-1",0
"CATCAAGTCTGACCTC-1",0
"CATCAGAAGCTAGTCT-1",19.1482671860844
"CATCAGACAAGCCATT-1",0
"CATCAGACAATGACCT-1",10.8216059696858
"CATCAGACACGGCCAT-1",0
"CATCAGACAGACAGGT-1",0
"CATCAGACATAACCTG-1",0
"CATCAGAGTAATTGGA-1",0
"CATCAGAGTACATGTC-1",11.6705672898228
"CATCAGAGTGTTAAGA-1",0
"CATCAGAGTTCAACCA-1",0
"CATCAGATCGTTGACA-1",14.9947972388489
"CATCCACGTAAAGTCA-1",14.807852213877
"CATCCACGTACCGTAT-1",10.0426037096857
"CATCCACGTGCCTGTG-1",12.7142482861552
"CATCCACGTTTAAGCC-1",16.0621525155027
"CATCGAAAGAGTACAT-1",16.7858191547128
"CATCGAAAGCTGTCTA-1",0
"CATCGAACAAGAGGCT-1",0
"CATCGAACAAGCTGAG-1",0
"CATCGAACACATTTCT-1",0
"CATCGAACATAAAGGT-1",0
"CATCGAAGTAGTACCT-1",0
"CATCGAAGTCCGACGT-1",0
"CATCGAAGTGCACTTA-1",10.5580838138903
"CATCGAATCAAACCAC-1",0
"CATCGAATCCGCGGTA-1",0
"CATCGAATCCGTAGTA-1",0
"CATCGGGAGAAGCCCA-1",0
"CATCGGGAGCGAGAAA-1",14.1224130500224
"CATCGGGAGGGTGTGT-1",0
"CATCGGGAGGTGTTAA-1",10.8595568679681
"CATCGGGAGTGACTCT-1",0
"CATCGGGCACTCAGGC-1",11.7174201285024
"CATCGGGCAGACGCTC-1",0
"CATCGGGCATCACAAC-1",12.8896446861517
"CATCGGGGTCCTCTTG-1",17.4116586172492
"CATCGGGGTGAGGGAG-1",13.6351289580721
"CATCGGGGTTCGAATC-1",0
"CATCGGGTCAGGATCT-1",14.7216381091655
"CATCGGGTCCACGAAT-1",0
"CATCGGGTCGATGAGG-1",11.7174201285024
"CATGACAAGACCACGA-1",0
"CATGACAAGCTCCTCT-1",0
"CATGACAAGTAACCCT-1",0
"CATGACAAGTATCTCG-1",14.11086945517
"CATGACAGTCGTCTTC-1",10.8216059696858
"CATGACAGTGAACCTT-1",12.815747877903
"CATGACATCAATAAGG-1",0
"CATGACATCTAACTGG-1",0
"CATGCCTAGACCTAGG-1",0
"CATGCCTAGAGTCTGG-1",0
"CATGCCTCACCACCAG-1",0
"CATGCCTGTCAAAGCG-1",0
"CATGCCTGTCGATTGT-1",0
"CATGCCTTCCACGACG-1",0
"CATGCCTTCCTCATTA-1",16.3699813855079
"CATGCCTTCGCATGAT-1",15.884022393909
"CATGGCGAGAGCTGGT-1",10.307738927198
"CATGGCGAGTACGACG-1",0
"CATGGCGTCCAAAGTC-1",0
"CATGGCGTCCCTTGTG-1",11.6977380402096
"CATGGCGTCGGCCGAT-1",0
"CATGGCGTCTCAAACG-1",10.8198975831177
"CATGGCGTCTGCCCTA-1",12.275096724237
"CATTATCAGACCCACC-1",0
"CATTATCAGTCCCACG-1",0
"CATTATCCAAGTCTGT-1",17.4116586172492
"CATTATCCAGGGCATA-1",16.580151721904
"CATTATCGTCAATGTC-1",0
"CATTATCTCACAAACC-1",0
"CATTATCTCAGATAAG-1",0
"CATTATCTCGCGTTTC-1",0
"CATTATCTCGTTGCCT-1",0
"CATTATCTCTATCCCG-1",13.029436142375
"CATTATCTCTTAACCT-1",0
"CATTCGCAGGTGCTAG-1",16.3532692920527
"CATTCGCCAAGGGTCA-1",17.5723528229248
"CATTCGCCAGCCTATA-1",0
"CATTCGCCATACAGCT-1",10.7732834133337
"CATTCGCCATGGATGG-1",10.2328620907081
"CATTCGCCATGTCTCC-1",0
"CATTCGCCATTCACTT-1",0
"CATTCGCGTAGCACGA-1",11.6977380402096
"CATTCGCTCATCACCC-1",13.1924890699879
"CCAATCCAGACCACGA-1",0
"CCAATCCAGATATGGT-1",0
"CCAATCCAGTCGAGTG-1",0
"CCAATCCAGTCGTTTG-1",11.5223105208242
"CCAATCCAGTTTAGGA-1",0
"CCAATCCCAAGCGAGT-1",0
"CCAATCCTCGGACAAG-1",0
"CCACCTAAGGATGGTC-1",14.0838629272972
"CCACCTAAGTCGAGTG-1",0
"CCACCTAAGTGGGATC-1",0
"CCACCTAAGTGTGGCA-1",0
"CCACCTACAACAACCT-1",11.1193613781053
"CCACCTACAAGCCGCT-1",0
"CCACCTACAATCTACG-1",14.8205826731138
"CCACCTAGTAGTACCT-1",10.8198975831177
"CCACCTAGTCGCGTGT-1",0
"CCACCTAGTGGGTCAA-1",0
"CCACCTATCAGTTGAC-1",0
"CCACCTATCTGATACG-1",0
"CCACGGAAGGGAACGG-1",0
"CCACGGACATGTCGAT-1",12.9321036621378
"CCACGGAGTAAGGGCT-1",17.2193005247349
"CCACGGAGTCAGATAA-1",0
"CCACGGAGTCCGTGAC-1",16.7858191547128
"CCACGGAGTGTAATGA-1",16.9583279864047
"CCACGGAGTTCTGAAC-1",0
"CCACGGATCACATAGC-1",0
"CCACGGATCCACGTGG-1",0
"CCACGGATCTACTATC-1",0
"CCACGGATCTAGAGTC-1",10.2328620907081
"CCACTACAGAGTACCG-1",0
"CCACTACAGCTTTGGT-1",15.1563645764067
"CCACTACCAGCAGTTT-1",25.6546595954107
"CCACTACCAGTAGAGC-1",0
"CCACTACGTCCGAATT-1",0
"CCACTACGTCTCAACA-1",0
"CCACTACGTGACAAAT-1",11.3267930936442
"CCACTACGTGACCAAG-1",0
"CCACTACGTGCACGAA-1",0
"CCACTACTCACTCTTA-1",0
"CCACTACTCCGCATCT-1",13.706428524098
"CCACTACTCGGAAATA-1",10.804330141504
"CCACTACTCTCGTATT-1",0
"CCACTACTCTCGTTTA-1",0
"CCAGCGAAGCCCAACC-1",0
"CCAGCGACATCGGGTC-1",21.5995564383739
"CCAGCGACATGTCCTC-1",12.2909571525359
"CCAGCGAGTAGGCATG-1",0
"CCAGCGAGTCCGTTAA-1",0
"CCAGCGATCAGAAATG-1",0
"CCATGTCAGCGATCCC-1",13.8703662899822
"CCATGTCAGGTCGGAT-1",0
"CCATGTCAGGTTACCT-1",13.0491119633582
"CCATGTCCAAGCTGGA-1",0
"CCATGTCCACATCCGG-1",0
"CCATGTCGTCCAGTAT-1",14.4910795932822
"CCATGTCTCCAAGTAC-1",0
"CCATGTCTCTTGTATC-1",0
"CCATTCGCAGTACACT-1",15.9573435598427
"CCATTCGCAGTTTACG-1",0
"CCATTCGGTAATCGTC-1",0
"CCATTCGGTATTACCG-1",0
"CCCAATCAGTCACGCC-1",0
"CCCAATCCAGGTGGAT-1",10.7885674782718
"CCCAATCGTGAAGGCT-1",0
"CCCAATCGTTGGAGGT-1",10.6215739393201
"CCCAATCTCACATGCA-1",0
"CCCAATCTCCAGTATG-1",0
"CCCAATCTCGGAGCAA-1",16.1634993779874
"CCCAGTTAGAATAGGG-1",19.1800025039697
"CCCAGTTAGATCCCGC-1",0
"CCCAGTTAGCGTGAAC-1",0
"CCCAGTTAGGAATCGC-1",0
"CCCAGTTAGTCCGGTC-1",15.9289558465299
"CCCAGTTAGTTTGCGT-1",0
"CCCAGTTGTACATGTC-1",16.9063876211418
"CCCAGTTGTCTGCAAT-1",0
"CCCAGTTTCTGAAAGA-1",12.3938796473318
"CCCATACAGGGTTCCC-1",0
"CCCATACAGTGTTTGC-1",16.6659603794313
"CCCATACCAAAGGTGC-1",0
"CCCATACCAACACCCG-1",0
"CCCATACCAGCAGTTT-1",0
"CCCATACGTATTACCG-1",11.6060634497255
"CCCATACGTCAATACC-1",10.9819496091399
"CCCATACGTCTAGTCA-1",0
"CCCATACGTTGAGTTC-1",0
"CCCATACTCAATAAGG-1",0
"CCCATACTCAGCGACC-1",14.8248100803743
"CCCATACTCATCACCC-1",10.0366790809858
"CCCATACTCCGTAGGC-1",9.91688853095003
"CCCTCCTAGGAATCGC-1",12.7142482861552
"CCCTCCTCAGCTTAAC-1",10.5439093586852
"CCCTCCTCATATGAGA-1",0
"CCCTCCTCATCACGTA-1",0
"CCCTCCTGTATGGTTC-1",10.6425647671926
"CCCTCCTGTTAGATGA-1",15.123205703964
"CCCTCCTTCAATCACG-1",9.88509247844716
"CCCTCCTTCCGCAGTG-1",13.706428524098
"CCGGGATAGCTTCGCG-1",10.3677734692452
"CCGGGATAGGCGACAT-1",0
"CCGGGATAGGCTAGGT-1",10.716512650925
"CCGGGATCACAGTCGC-1",0
"CCGGGATGTATAGGTA-1",17.5993062437782
"CCGGGATTCAGAGCTT-1",15.6688827967816
"CCGGGATTCGCTAGCG-1",19.0952159707913
"CCGGGATTCGCTTGTC-1",9.90165347458233
"CCGGTAGAGCGTCTAT-1",0
"CCGGTAGAGTACGCCC-1",0
"CCGGTAGCACATAACC-1",18.5006796212246
"CCGGTAGCACGCATCG-1",0
"CCGGTAGGTACTTCTT-1",0
"CCGGTAGGTCAAACTC-1",16.815079256129
"CCGGTAGTCGTCCGTT-1",0
"CCGTACTAGAGAACAG-1",12.9605068139373
"CCGTACTAGTCCGTAT-1",10.0366790809858
"CCGTACTCAAGCCCAC-1",10.1455428531447
"CCGTACTCAAGCGAGT-1",16.6362966524388
"CCGTACTCATCCCACT-1",0
"CCGTACTGTACAGCAG-1",10.1142504975609
"CCGTACTGTGCGGTAA-1",10.0352575549111
"CCGTACTTCGTTACAG-1",0
"CCGTGGAAGACGCACA-1",0
"CCGTGGAAGAGTTGGC-1",0
"CCGTGGAAGGTGATAT-1",0
"CCGTGGAAGGTTCCTA-1",0
"CCGTGGACAGCCTTGG-1",25.5321644284158
"CCGTGGAGTTCCATGA-1",0
"CCGTGGATCTAACTTC-1",0
"CCGTTCAAGCGTAATA-1",0
"CCGTTCAAGTACGATA-1",16.2477288525652
"CCGTTCAAGTAGATGT-1",0
"CCGTTCACAGGATCGA-1",16.2093751984854
"CCGTTCAGTATAGGGC-1",16.3265450252479
"CCGTTCAGTCGCGAAA-1",0
"CCGTTCATCGTACCGG-1",0
"CCTAAAGAGAGTTGGC-1",0
"CCTAAAGCAAACCTAC-1",0
"CCTAAAGCATGTCTCC-1",0
"CCTAAAGGTACTCAAC-1",10.6425647671926
"CCTAAAGGTCGGCACT-1",13.3051751779938
"CCTAAAGGTGTAATGA-1",21.5995564383739
"CCTAAAGTCACCGTAA-1",0
"CCTAAAGTCAGCGATT-1",10.5529891618544
"CCTAAAGTCGGCGCTA-1",11.6575577354099
"CCTAAAGTCGGTCCGA-1",11.6705672898228
"CCTACACAGGACCACA-1",10.7885674782718
"CCTACACAGGGTGTTG-1",12.5126033826107
"CCTACACCAGTAAGAT-1",0
"CCTACACGTATAGTAG-1",10.8135726437382
"CCTACACGTCCGAACC-1",11.5712828972244
"CCTACACGTGGGTCAA-1",0
"CCTACACGTTTGACTG-1",0
"CCTACACTCGGCGCTA-1",15.1563645764067
"CCTACACTCGTGACAT-1",9.87879124472332
"CCTACCAAGATAGGAG-1",0
"CCTACCAAGCAAATCA-1",12.0094157353492
"CCTACCAAGCGTAGTG-1",14.306230465937
"CCTACCAAGTGCGATG-1",0
"CCTACCAGTATCAGTC-1",0
"CCTACCAGTCTCTCTG-1",0
"CCTACCAGTCTTTCAT-1",10.7885674782718
"CCTACCATCAGCACAT-1",12.552586327114
"CCTACCATCGCCAGCA-1",0
"CCTAGCTAGCAAATCA-1",0
"CCTAGCTAGCTCCTCT-1",0
"CCTAGCTAGGTTACCT-1",0
"CCTAGCTAGTACGCGA-1",11.1193613781053
"CCTAGCTCAATGAATG-1",0
"CCTAGCTCAATGGTCT-1",16.698327638843
"CCTAGCTCACATCCAA-1",10.9014771428621
"CCTAGCTCAGCCAGAA-1",9.97672300686213
"CCTAGCTGTAGAAAGG-1",11.6215938887648
"CCTAGCTGTCACCCAG-1",0
"CCTAGCTGTCTGATTG-1",0
"CCTAGCTTCACGATGT-1",0
"CCTAGCTTCGTAGGAG-1",0
"CCTATTAAGAATTCCC-1",11.5712828972244
"CCTATTAAGCAGGCTA-1",11.9532469918762
"CCTATTAAGCAGGTCA-1",0
"CCTATTAAGGGAGTAA-1",16.5992753610155
"CCTATTAAGGTAGCCA-1",12.9035761538275
"CCTATTACACAACTGT-1",0
"CCTATTACACATCCGG-1",12.3441216498881
"CCTATTAGTCAATACC-1",0
"CCTATTATCATCACCC-1",12.7644512500745
"CCTATTATCTGCGACG-1",17.4116586172492
"CCTCAGTAGCTAACTC-1",0
"CCTCAGTCAGGTGGAT-1",0
"CCTCAGTGTCCATCCT-1",11.6538140720531
"CCTCAGTGTCCGACGT-1",25.5203267824534
"CCTCAGTGTCTTGTCC-1",0
"CCTCAGTGTGGGTATG-1",10.0366790809858
"CCTCTGAAGTATCGAA-1",0
"CCTCTGAAGTGGGTTG-1",0
"CCTCTGACAAGCTGTT-1",0
"CCTCTGACACCGATAT-1",11.9532469918762
"CCTCTGACAGATGAGC-1",10.3132573933985
"CCTCTGAGTCAATACC-1",0
"CCTCTGAGTCCGAACC-1",19.7186616019812
"CCTCTGAGTCGTGGCT-1",0
"CCTCTGAGTCTGATTG-1",0
"CCTTACGCAAGCGTAG-1",19.0975019408226
"CCTTACGCACCAACCG-1",0
"CCTTACGGTCATCCCT-1",0
"CCTTACGGTCCTCTTG-1",0
"CCTTACGTCACAACGT-1",0
"CCTTACGTCATCTGCC-1",0
"CCTTACGTCGGAGGTA-1",0
"CCTTCCCAGAGACTAT-1",11.4357785236038
"CCTTCCCAGCTAGGCA-1",0
"CCTTCCCAGGACGAAA-1",12.0094157353492
"CCTTCCCAGGGCATGT-1",0
"CCTTCCCAGGTACTCT-1",0
"CCTTCCCCATGATCCA-1",0
"CCTTCCCTCAAGGCTT-1",0
"CCTTCCCTCTATCCTA-1",13.3804169148562
"CCTTCCCTCTATCGCC-1",15.4906624156718
"CCTTCGAAGGCGCTCT-1",12.4449018124974
"CCTTCGACAACACCCG-1",16.9583279864047
"CCTTCGACAGCGATCC-1",0
"CCTTCGAGTAAGCACG-1",0
"CCTTCGAGTCCATGAT-1",0
"CCTTCGAGTGTGACCC-1",0
"CCTTCGAGTTGGTGGA-1",15.6688827967816
"CCTTCGATCACAGTAC-1",12.815747877903
"CCTTCGATCCTATGTT-1",21.5995564383739
"CCTTCGATCGCACTCT-1",0
"CCTTTCTAGACGCTTT-1",11.7873564804086
"CCTTTCTAGGGCACTA-1",0
"CCTTTCTAGTGGAGTC-1",0
"CCTTTCTCAGACAAGC-1",0
"CCTTTCTCATCACGAT-1",0
"CCTTTCTCATGCCCGA-1",0
"CCTTTCTTCCCACTTG-1",14.9774329748219
"CCTTTCTTCTTTACGT-1",0
"CGAACATCACATGACT-1",9.91688853095003
"CGAACATCACTTGGAT-1",0
"CGAACATCAGTCCTTC-1",16.6808843318673
"CGAACATGTCTGATTG-1",10.0816754704049
"CGAACATGTGCTGTAT-1",0
"CGAACATTCTCAAACG-1",0
"CGAATGTAGAGGTTAT-1",0
"CGAATGTAGCGATAGC-1",10.0352575549111
"CGAATGTAGTTCGCAT-1",10.5572212318122
"CGAATGTCAATGCCAT-1",0
"CGAATGTGTCTAGTCA-1",0
"CGAATGTGTCTCACCT-1",15.0267877996751
"CGAATGTTCAACACAC-1",12.4106266636313
"CGAATGTTCATCACCC-1",0
"CGAATGTTCTGTACGA-1",0
"CGACCTTAGCTACCGC-1",0
"CGACCTTAGCTAGTCT-1",11.6479706621382
"CGACCTTCAAAGTGCG-1",18.8729923807173
"CGACCTTCACGAAATA-1",0
"CGACCTTGTAAGTGTA-1",13.3967106640947
"CGACCTTGTCAGAATA-1",12.9605068139373
"CGACCTTGTCTCCCTA-1",20.6361665450501
"CGACCTTGTCTCTTAT-1",0
"CGACCTTTCCGCGTTT-1",0
"CGACCTTTCGTTTATC-1",0
"CGACCTTTCTCCAGGG-1",23.5731891282229
"CGACTTCAGACACGAC-1",9.91688853095003
"CGACTTCAGGTAGCCA-1",0
"CGACTTCAGTCTTGCA-1",0
"CGACTTCCAATGGACG-1",0
"CGACTTCGTGGTGTAG-1",0
"CGACTTCGTTGAGTTC-1",0
"CGACTTCTCACTTACT-1",13.1505173073781
"CGACTTCTCTCGCTTG-1",14.9722696676969
"CGAGAAGAGAAACGCC-1",13.4438407403017
"CGAGAAGAGCCAACAG-1",0
"CGAGAAGAGCGTGTCC-1",14.5941440030241
"CGAGAAGCAAGTTCTG-1",0
"CGAGAAGCACATCCGG-1",15.6688827967816
"CGAGAAGCAGGCTGAA-1",0
"CGAGAAGTCGGATGGA-1",0
"CGAGCACAGCCAGAAC-1",11.4894978371011
"CGAGCACCACATGTGT-1",0
"CGAGCACGTAGCGTCC-1",0
"CGAGCACGTAGCGTGA-1",9.91688853095003
"CGAGCACGTCAGATAA-1",11.5942125541494
"CGAGCACGTGCCTTGG-1",12.5038064081898
"CGAGCACTCCCGGATG-1",0
"CGAGCACTCCGCTGTT-1",10.0816754704049
"CGAGCACTCGTGACAT-1",11.1193613781053
"CGAGCCAAGCTAGCCC-1",0
"CGAGCCAGTATATCCG-1",15.6688827967816
"CGAGCCAGTCAAGCGA-1",0
"CGATCGGAGAGCCTAG-1",16.7858191547128
"CGATCGGAGTACGATA-1",0
"CGATCGGCAAACGCGA-1",0
"CGATCGGCAAGCGATG-1",20.9257706184005
"CGATCGGCAATACGCT-1",0
"CGATCGGCAGTTAACC-1",10.6425647671926
"CGATCGGCATACTCTT-1",12.0094157353492
"CGATCGGGTCGACTGC-1",0
"CGATCGGTCAACGGGA-1",15.1563645764067
"CGATCGGTCTAGCACA-1",0
"CGATGGCAGCCGTCGT-1",0
"CGATGGCAGTCCAGGA-1",0
"CGATGGCCACTTAACG-1",13.0404013856313
"CGATGGCCAGCGTAAG-1",11.4357785236038
"CGATGGCCATCATCCC-1",14.925481651751
"CGATGGCTCCTAGAAC-1",0
"CGATGGCTCGCTAGCG-1",16.2589763647192
"CGATGGCTCTGACCTC-1",0
"CGATGTAAGGCAATTA-1",10.9731070195926
"CGATGTAAGTTTGCGT-1",0
"CGATGTACACAGGCCT-1",21.460532527488
"CGATGTACAGGTCTCG-1",0
"CGATGTAGTCCAGTGC-1",16.7466811945618
"CGATGTAGTCTAGGTT-1",0
"CGATGTAGTGTGCCTG-1",0
"CGATGTAGTTTGCATG-1",12.4576106916864
"CGATTGAAGATGTGGC-1",0
"CGATTGACAGACGCAA-1",0
"CGATTGAGTATGGTTC-1",11.6538140720531
"CGATTGAGTTCAGACT-1",0
"CGATTGATCATGGTCA-1",0
"CGATTGATCTGCGGCA-1",0
"CGCCAAGAGAATGTTG-1",0
"CGCCAAGAGACCTTTG-1",0
"CGCCAAGAGATCGGGT-1",0
"CGCCAAGAGATCTGAA-1",0
"CGCCAAGAGCGTGTCC-1",0
"CGCCAAGGTCTAGGTT-1",0
"CGCCAAGTCAGGATCT-1",11.6538140720531
"CGCCAAGTCCACTCCA-1",14.5122587453464
"CGCCAAGTCTTGTTTG-1",0
"CGCGGTAAGCTAGCCC-1",14.3580243457105
"CGCGGTAAGGGTTCCC-1",0
"CGCGGTACAAACTGCT-1",0
"CGCGGTACAATGGAAT-1",10.5439093586852
"CGCGGTACAGCTGTTA-1",0
"CGCGGTAGTCAAGCGA-1",0
"CGCGGTAGTGAGGCTA-1",0
"CGCGGTAGTTTGCATG-1",11.5223105208242
"CGCGTTTAGTTATCGC-1",0
"CGCGTTTCAACAACCT-1",0
"CGCGTTTCAAGCGAGT-1",0
"CGCGTTTCAATGGACG-1",0
"CGCGTTTCACGGTGTC-1",13.5836605268942
"CGCGTTTGTGCTGTAT-1",0
"CGCGTTTGTGGACGAT-1",0
"CGCGTTTTCAAACCGT-1",0
"CGCGTTTTCAGCCTAA-1",12.0807959257439
"CGCGTTTTCCTATGTT-1",15.884022393909
"CGCGTTTTCGTGGTCG-1",15.0485778337645
"CGCTATCAGAAACCGC-1",12.2660709367694
"CGCTATCAGTCATCCA-1",17.8898135783618
"CGCTATCCAAGCGAGT-1",12.0408647370736
"CGCTATCCAGTCGATT-1",0
"CGCTATCCATCGACGC-1",0
"CGCTATCCATTTCAGG-1",0
"CGCTATCGTACCGAGA-1",0
"CGCTATCGTTCGAATC-1",13.0014921160348
"CGCTATCGTTTCGCTC-1",0
"CGCTATCTCGTTACAG-1",0
"CGCTGGAAGGACATTA-1",19.091946184187
"CGCTGGAAGGGCACTA-1",0
"CGCTGGAAGGTGATAT-1",0
"CGCTGGACAGACTCGC-1",11.170966075015
"CGCTGGAGTGTAATGA-1",0
"CGCTGGAGTTCTGGTA-1",14.7571157852961
"CGCTGGATCCGAAGAG-1",10.1690593332684
"CGCTGGATCCGTTGCT-1",0
"CGCTGGATCGTAGGAG-1",14.9722696676969
"CGCTGGATCGTTACAG-1",10.0816754704049
"CGCTTCAAGAAGGGTA-1",12.2133891388872
"CGCTTCAAGGTCGGAT-1",10.9386798905869
"CGCTTCACACGGTGTC-1",11.3496221224258
"CGCTTCACAGACAAGC-1",0
"CGCTTCACATCACCCT-1",13.1505173073781
"CGCTTCAGTCGCGGTT-1",0
"CGCTTCATCTTAGAGC-1",15.9268036455679
"CGGACACAGCGATATA-1",11.3232125806274
"CGGACACAGCGATGAC-1",24.2177226986786
"CGGACACAGCTTCGCG-1",0
"CGGACACAGGTAAACT-1",10.5957140744221
"CGGACACAGTAGCCGA-1",12.5702774765001
"CGGACACCACAGGAGT-1",0
"CGGACACCATTCACTT-1",10.9169132758894
"CGGACACGTGAGCGAT-1",0
"CGGACACGTGCTCTTC-1",0
"CGGACACGTGTGACCC-1",14.306230465937
"CGGACGTAGGTTACCT-1",10.2869826322511
"CGGACGTCATGGGACA-1",18.8729923807173
"CGGACGTGTGAAAGAG-1",0
"CGGACGTGTTGGTAAA-1",0
"CGGACGTTCATGTGGT-1",0
"CGGACGTTCTGTCCGT-1",0
"CGGACTGAGGAGCGAG-1",11.6538140720531
"CGGACTGAGGAGTCTG-1",16.6808843318673
"CGGACTGAGTGGTAGC-1",12.8896446861517
"CGGACTGCAACTTGAC-1",16.5992753610155
"CGGACTGCAATGACCT-1",11.1193613781053
"CGGACTGCACAACGTT-1",18.5006796212246
"CGGACTGCACGCCAGT-1",0
"CGGACTGCAGTATGCT-1",14.9441814730929
"CGGACTGGTAAAGGAG-1",0
"CGGACTGGTATAAACG-1",14.1019245568185
"CGGACTGGTGTAAGTA-1",11.4320641624866
"CGGACTGGTGTGGTTT-1",0
"CGGACTGGTTGACGTT-1",0
"CGGACTGTCCATGCTC-1",13.8957400177175
"CGGACTGTCCGTCAAA-1",0
"CGGACTGTCGTTTGCC-1",14.8248100803743
"CGGAGCTAGTTTAGGA-1",0
"CGGAGCTGTAGAAAGG-1",0
"CGGAGCTTCACTTATC-1",14.560627165683
"CGGAGCTTCATGTAGC-1",11.156356932949
"CGGAGCTTCCACGAAT-1",0
"CGGAGTCAGTGCGATG-1",0
"CGGAGTCAGTGTGAAT-1",0
"CGGAGTCCAGTGGGAT-1",0
"CGGAGTCCATTATCTC-1",13.1800123520161
"CGGAGTCGTAGCTGCC-1",12.2660709367694
"CGGAGTCGTGTTCGAT-1",0
"CGGAGTCTCCCAGGTG-1",10.7885674782718
"CGGAGTCTCCGTAGTA-1",0
"CGGCTAGAGAAACGCC-1",0
"CGGCTAGAGCACCGTC-1",0
"CGGCTAGAGCTAAACA-1",0
"CGGCTAGCAGACAAAT-1",13.029436142375
"CGGCTAGGTAACGCGA-1",0
"CGGCTAGGTTCATGGT-1",0
"CGGCTAGTCAAAGACA-1",11.6479706621382
"CGGCTAGTCGTGGGAA-1",16.5017361496724
"CGGCTAGTCTTGTTTG-1",10.7885674782718
"CGGGTCAAGAGTCGGT-1",11.6930906845041
"CGGGTCAAGCACACAG-1",17.3988801752705
"CGGGTCAAGCTAACTC-1",0
"CGGGTCAAGGACACCA-1",0
"CGGGTCAAGTATGACA-1",11.3822570535936
"CGGGTCACAATGACCT-1",13.0491119633582
"CGGGTCACACCGAAAG-1",13.706428524098
"CGGGTCACAGCCACCA-1",0
"CGGGTCACATACAGCT-1",0
"CGGGTCACATCCTTGC-1",0
"CGGGTCAGTAGCGCTC-1",0
"CGGGTCAGTCGATTGT-1",11.6705672898228
"CGGGTCAGTGCAACTT-1",0
"CGGGTCAGTTGTTTGG-1",24.2177226986786
"CGGGTCATCAACACCA-1",18.6744636983206
"CGGGTCATCACCTTAT-1",0
"CGGGTCATCCACGACG-1",0
"CGGTTAACAGGACCCT-1",11.8297790278299
"CGGTTAACATGTCCTC-1",0
"CGGTTAACATTCCTGC-1",0
"CGGTTAAGTCGACTGC-1",0
"CGGTTAATCCGGCACA-1",14.9027439910575
"CGGTTAATCCTTTCGG-1",14.8205826731138
"CGGTTAATCTTATCTG-1",17.5723528229248
"CGTAGCGAGATGTAAC-1",9.99417452112671
"CGTAGCGAGGCAATTA-1",0
"CGTAGCGCAAGCGCTC-1",15.884022393909
"CGTAGCGTCCAACCAA-1",0
"CGTAGCGTCGGCGGTT-1",15.4906624156718
"CGTAGGCAGGGCTCTC-1",0
"CGTAGGCCAAGCGATG-1",0
"CGTAGGCCACTAAGTC-1",0
"CGTAGGCCAGAGTGTG-1",12.9400515693429
"CGTAGGCCATCCCATC-1",18.6744636983206
"CGTAGGCGTATTAGCC-1",12.5612458540578
"CGTAGGCGTCAATACC-1",0
"CGTAGGCGTGGCGAAT-1",14.9947972388489
"CGTAGGCTCCAGAAGG-1",0
"CGTCACTAGTCATGCT-1",11.1559521845064
"CGTCACTCAAAGCGGT-1",0
"CGTCACTCAGGTCCAC-1",0
"CGTCACTCAGTCACTA-1",0
"CGTCACTTCCTTGACC-1",0
"CGTCACTTCGGTGTTA-1",0
"CGTCACTTCTGTGCAA-1",12.5038064081898
"CGTCACTTCTTGAGAC-1",0
"CGTCAGGAGCTGTTCA-1",0
"CGTCAGGCAAAGCAAT-1",0
"CGTCAGGCAAAGCGGT-1",12.3938796473318
"CGTCAGGCAACACGCC-1",0
"CGTCAGGCATCCGCGA-1",10.5529891618544
"CGTCAGGGTCAGCTAT-1",14.3425912749607
"CGTCAGGGTCGTTGTA-1",0
"CGTCAGGGTGTAAGTA-1",0
"CGTCAGGTCCACTGGG-1",16.9063876211418
"CGTCAGGTCGACAGCC-1",0
"CGTCAGGTCGGGAGTA-1",0
"CGTCCATAGACCACGA-1",0
"CGTCCATAGCGATTCT-1",16.3690171296198
"CGTCCATAGGCTATCT-1",0
"CGTCCATAGTCTCAAC-1",0
"CGTCCATCACGACTCG-1",0
"CGTCCATCATTCACTT-1",10.7885674782718
"CGTCCATGTCTAGCGC-1",22.2932303322954
"CGTCCATGTGATAAAC-1",10.0791868752093
"CGTCCATGTTTGGGCC-1",14.8205826731138
"CGTCCATGTTTGTGTG-1",0
"CGTCCATTCAACACCA-1",10.0366790809858
"CGTCCATTCATTCACT-1",16.580151721904
"CGTCTACAGTGCGTGA-1",0
"CGTCTACGTAGTAGTA-1",0
"CGTCTACTCGAGCCCA-1",11.6705672898228
"CGTCTACTCGCCATAA-1",10.8198975831177
"CGTCTACTCGGCCGAT-1",0
"CGTCTACTCGTCCAGG-1",0
"CGTGAGCAGATCTGAA-1",13.6046795394932
"CGTGAGCAGCAATCTC-1",0
"CGTGAGCAGCGGATCA-1",12.8471021837901
"CGTGAGCAGCTAGTGG-1",0
"CGTGAGCAGCTTCGCG-1",11.929643823756
"CGTGAGCAGGGCACTA-1",0
"CGTGAGCAGGGTGTGT-1",10.0352575549111
"CGTGAGCAGTGGAGAA-1",16.3120514560142
"CGTGAGCCAAGCCGCT-1",13.8957400177175
"CGTGAGCCACGTAAGG-1",0
"CGTGAGCCATACGCCG-1",16.5017361496724
"CGTGAGCGTAGATTAG-1",0
"CGTGAGCGTCTCTTAT-1",0
"CGTGAGCTCACAAACC-1",0
"CGTGAGCTCCAAATGC-1",0
"CGTGAGCTCCGAGCCA-1",11.7174201285024
"CGTGAGCTCGTTGCCT-1",14.925481651751
"CGTGAGCTCTGGGCCA-1",0
"CGTGTAAAGATAGTCA-1",17.0217640355633
"CGTGTAAAGGTGTTAA-1",11.3232125806274
"CGTGTAAAGTACATGA-1",0
"CGTGTAACATGGGACA-1",0
"CGTGTAAGTGTCTGAT-1",0
"CGTGTAATCTACTATC-1",0
"CGTGTAATCTCGATGA-1",0
"CGTGTAATCTTTAGTC-1",0
"CGTGTCTAGGCGCTCT-1",22.2932303322954
"CGTGTCTAGGGATGGG-1",0
"CGTGTCTCAGACAAAT-1",0
"CGTGTCTCAGACACTT-1",0
"CGTGTCTGTAAGAGGA-1",0
"CGTGTCTGTATATGAG-1",15.6688827967816
"CGTGTCTGTCAAAGCG-1",0
"CGTGTCTGTTCCGTCT-1",0
"CGTGTCTTCAATCACG-1",12.4530406598916
"CGTGTCTTCAGAGGTG-1",0
"CGTGTCTTCATAGCAC-1",0
"CGTGTCTTCCGAACGC-1",0
"CGTGTCTTCGGCATCG-1",13.7764370995618
"CGTGTCTTCGTGGACC-1",0
"CGTGTCTTCTACTTAC-1",0
"CGTGTCTTCTGAGTGT-1",0
"CGTTAGAAGATCTGAA-1",0
"CGTTAGAAGGCCCTTG-1",0
"CGTTAGACACGAAAGC-1",12.9605068139373
"CGTTAGACAGCTTCGG-1",0
"CGTTAGAGTTTAAGCC-1",13.3967106640947
"CGTTAGATCACTTATC-1",10.1770277111941
"CGTTAGATCAGCCTAA-1",0
"CGTTCTGAGAAGGGTA-1",0
"CGTTCTGAGTGAACAT-1",0
"CGTTCTGCAGCTCGCA-1",11.7174201285024
"CGTTCTGCATTGGCGC-1",12.0440303430301
"CGTTCTGGTGAGGGTT-1",21.5995564383739
"CGTTCTGTCTGATTCT-1",10.0366790809858
"CGTTGGGAGCTAGTTC-1",11.6538140720531
"CGTTGGGAGGATGCGT-1",0
"CGTTGGGCACATTAGC-1",0
"CGTTGGGCAGACAGGT-1",12.8896446861517
"CGTTGGGGTTCCCGAG-1",0
"CGTTGGGTCATGCTCC-1",18.8468756139109
"CGTTGGGTCCATGAAC-1",0
"CGTTGGGTCTACCAGA-1",13.8957400177175
"CTAACTTAGTCCTCCT-1",15.204658051457
"CTAACTTCAATAGCAA-1",14.1019245568185
"CTAACTTCAATCGGTT-1",23.4226610100744
"CTAACTTGTGAGGCTA-1",12.879601168999
"CTAACTTTCGTACGGC-1",11.8297790278299
"CTAACTTTCTGGCGTG-1",10.0366790809858
"CTAAGACAGGGAAACA-1",0
"CTAAGACAGTACATGA-1",14.77326657748
"CTAAGACAGTTCGCGC-1",21.6384352115266
"CTAAGACCAAGTAATG-1",0
"CTAAGACCAGTAAGAT-1",0
"CTAAGACCATGCAATC-1",0
"CTAAGACGTAAGGATT-1",0
"CTAAGACGTATCAGTC-1",0
"CTAAGACGTCACCTAA-1",0
"CTAAGACTCGTTGCCT-1",0
"CTAAGACTCTTACCGC-1",0
"CTAAGACTCTTGAGGT-1",16.5017361496724
"CTAATGGAGCAATCTC-1",0
"CTAATGGAGCGCTCCA-1",10.3132573933985
"CTAATGGAGCTCCCAG-1",0
"CTAATGGAGCTGAAAT-1",12.4444310962094
"CTAATGGAGTTAGGTA-1",0
"CTAATGGCATGGAATA-1",12.3938796473318
"CTAATGGGTACCGCTG-1",0
"CTAATGGGTCTAGCGC-1",14.9774329748219
"CTAATGGGTGAGGGAG-1",0
"CTAATGGGTTGGTGGA-1",0
"CTAATGGTCATGCTCC-1",16.4177173216933
"CTAATGGTCCACTGGG-1",0
"CTAATGGTCCGTTGCT-1",13.8703662899822
"CTAATGGTCCTAGAAC-1",12.0148126265347
"CTACACCAGTGCGATG-1",10.131669462593
"CTACACCCACGGACAA-1",19.312095810786
"CTACACCGTAATAGCA-1",0
"CTACACCGTCTGATTG-1",0
"CTACACCGTTCGTCTC-1",21.5995564383739
"CTACACCTCAGAAATG-1",9.88509247844716
"CTACACCTCGGCTTGG-1",11.0167458119893
"CTACACCTCGGTCCGA-1",0
"CTACACCTCTCGCATC-1",14.5941440030241
"CTACACCTCTCTGCTG-1",13.1505173073781
"CTACATTAGATCACGG-1",0
"CTACATTCACTCGACG-1",0
"CTACATTCATTTCACT-1",13.1505173073781
"CTACATTGTGATGATA-1",0
"CTACATTGTTCGAATC-1",0
"CTACATTTCAACGCTA-1",0
"CTACATTTCGCCATAA-1",19.312095810786
"CTACATTTCTAGCACA-1",12.5696750649935
"CTACCCACACAGAGGT-1",0
"CTACCCACACGACGAA-1",10.7885674782718
"CTACCCACATGGTTGT-1",0
"CTACCCAGTATCTGCA-1",0
"CTACCCAGTATGAATG-1",16.9583279864047
"CTACCCAGTCAGAAGC-1",0
"CTACCCAGTGTGACCC-1",0
"CTACCCAGTTATGTGC-1",11.3822570535936
"CTACCCATCTACGAGT-1",0
"CTACGTCAGGTGCAAC-1",0
"CTACGTCAGTGCGATG-1",16.3265450252479
"CTACGTCAGTTGTCGT-1",14.0083382613977
"CTACGTCCATATACCG-1",0
"CTACGTCGTATATGGA-1",0
"CTACGTCGTGTGGTTT-1",0
"CTACGTCTCAAAGTAG-1",19.0952159707913
"CTACGTCTCACGACTA-1",11.5712828972244
"CTACGTCTCACGGTTA-1",15.123205703964
"CTACGTCTCCTAGAAC-1",10.8135726437382
"CTAGAGTAGCTGTCTA-1",9.99417452112671
"CTAGAGTAGGATCGCA-1",14.545474889607
"CTAGAGTAGTCCATAC-1",0
"CTAGAGTCACATTAGC-1",0
"CTAGAGTCAGTATGCT-1",18.8729923807173
"CTAGAGTCATACTCTT-1",11.3267930936442
"CTAGAGTCATGTAAGA-1",10.7875847766829
"CTAGAGTGTGACCAAG-1",15.4906624156718
"CTAGAGTTCAACACCA-1",13.2808462425
"CTAGAGTTCCGTCAAA-1",0
"CTAGAGTTCCTAAGTG-1",10.5439093586852
"CTAGAGTTCGCCAGCA-1",0
"CTAGAGTTCGCTTAGA-1",12.5038064081898
"CTAGAGTTCGTGACAT-1",0
"CTAGAGTTCTGATTCT-1",11.4202544901779
"CTAGCCTCACCAGATT-1",0
"CTAGCCTGTATATCCG-1",16.3265450252479
"CTAGCCTGTGATGCCC-1",12.552586327114
"CTAGCCTTCGGGAGTA-1",10.9731070195926
"CTAGTGAAGCTGGAAC-1",15.8458343533274
"CTAGTGAAGTGTACCT-1",12.1436262889453
"CTAGTGACAAGTCTAC-1",0
"CTAGTGACAGGATCGA-1",0
"CTAGTGAGTTATGCGT-1",0
"CTAGTGATCAGTTGAC-1",0
"CTAGTGATCCAGTAGT-1",14.925481651751
"CTCACACAGCTAAGAT-1",0
"CTCACACAGCTGCCCA-1",0
"CTCACACAGGATGCGT-1",11.2134883581482
"CTCACACCACGTAAGG-1",0
"CTCACACCACTGTTAG-1",13.6503875800072
"CTCACACCATATACGC-1",0
"CTCACACGTGCTGTAT-1",16.5312947608237
"CTCACACGTTCCATGA-1",0
"CTCACACGTTTGGGCC-1",0
"CTCACACTCACCGGGT-1",10.7875847766829
"CTCACACTCATCGGAT-1",12.2834556201195
"CTCACACTCCGCGCAA-1",18.9438605204896
"CTCACACTCTAACCGA-1",0
"CTCAGAAAGAGCTGCA-1",12.9914771909429
"CTCAGAAAGGAGTAGA-1",13.0491119633582
"CTCAGAACAACGCACC-1",10.8595568679681
"CTCAGAACAAGCGATG-1",0
"CTCAGAACAGGGCATA-1",17.1764381078726
"CTCAGAAGTGACGGTA-1",0
"CTCAGAATCTTAACCT-1",0
"CTCATTAAGAACTGTA-1",0
"CTCATTACATGGTCAT-1",0
"CTCATTAGTGTAACGG-1",0
"CTCATTAGTTTACTCT-1",12.0148126265347
"CTCCTAGCAAGTACCT-1",0
"CTCCTAGCAATTCCTT-1",14.4183952237888
"CTCCTAGCACTGTCGG-1",0
"CTCCTAGCAGTCCTTC-1",0
"CTCCTAGCATAACCTG-1",0
"CTCCTAGCATGCGCAC-1",0
"CTCCTAGGTAGAAAGG-1",0
"CTCCTAGGTCCGAGTC-1",10.2795231514719
"CTCCTAGGTCTAGCCG-1",13.706428524098
"CTCCTAGGTGTTTGTG-1",0
"CTCCTAGGTTCGTGAT-1",15.884022393909
"CTCCTAGGTTGTTTGG-1",20.2414040916736
"CTCCTAGTCACTTACT-1",0
"CTCCTAGTCTCATTCA-1",0
"CTCGAAAAGCCCAACC-1",10.6807378579671
"CTCGAAAAGCTATGCT-1",11.2450120110194
"CTCGAAAAGGCCCTTG-1",10.6425647671926
"CTCGAAAAGGGCTTCC-1",12.6254957654173
"CTCGAAACAAGCCGTC-1",0
"CTCGAAACACATTAGC-1",11.6930906845041
"CTCGAAACACCGAAAG-1",0
"CTCGAAACACGGCTAC-1",12.3938796473318
"CTCGAAACAGTAAGAT-1",12.0094157353492
"CTCGAGGAGCCATCGC-1",0
"CTCGAGGAGGGCTTCC-1",10.0877549649845
"CTCGAGGCAGATAATG-1",17.4682588769106
"CTCGAGGGTATTCTCT-1",15.9289558465299
"CTCGAGGGTGCCTGGT-1",11.1193613781053
"CTCGGAGAGTCCCACG-1",0
"CTCGGAGCACTTCTGC-1",0
"CTCGGAGCAGCTGCAC-1",0
"CTCGGAGCAGGATCGA-1",10.8050152356107
"CTCGGAGGTAGCCTAT-1",10.8198975831177
"CTCGGAGGTCATGCCG-1",0
"CTCGGAGTCAAACGGG-1",0
"CTCGGAGTCACATACG-1",15.8458343533274
"CTCGGAGTCAGCTTAG-1",10.8198975831177
"CTCGGGAAGACCTAGG-1",13.1505173073781
"CTCGGGACACAGCCCA-1",14.3246880024408
"CTCGGGACATAAAGGT-1",0
"CTCGGGACATCCCACT-1",14.5122587453464
"CTCGGGACATGTCGAT-1",0
"CTCGGGAGTCGCGTGT-1",0
"CTCGGGAGTGACTACT-1",16.5992753610155
"CTCGGGAGTTACGACT-1",12.0807959257439
"CTCGGGATCCGTACAA-1",0
"CTCGGGATCCTTGACC-1",13.3804169148562
"CTCGGGATCTTGTTTG-1",13.2583270240381
"CTCGTACAGCGATAGC-1",0
"CTCGTACCAGCGTAAG-1",19.0952159707913
"CTCGTACCATAGTAAG-1",0
"CTCGTACGTAGAGTGC-1",14.925481651751
"CTCGTACGTATCACCA-1",19.444494513849
"CTCGTACGTGCAGTAG-1",0
"CTCGTACTCAAAGTAG-1",12.9914771909429
"CTCGTACTCAATCTCT-1",0
"CTCGTACTCGTTGCCT-1",11.2134883581482
"CTCGTACTCTGGTTCC-1",0
"CTCGTCAAGATGCCTT-1",0
"CTCGTCAAGTGGAGTC-1",18.6744636983206
"CTCGTCAAGTTTGCGT-1",0
"CTCGTCACAACGATCT-1",10.9169132758894
"CTCGTCACACATCCGG-1",12.9400515693429
"CTCGTCACAGTCGTGC-1",10.4968013096484
"CTCGTCAGTCTCATCC-1",0
"CTCGTCAGTCTCCATC-1",10.1770277111941
"CTCGTCAGTGAGCGAT-1",12.1535503203231
"CTCGTCAGTTGACGTT-1",0
"CTCGTCAGTTGGGACA-1",0
"CTCGTCATCACTTATC-1",0
"CTCGTCATCGACCAGC-1",0
"CTCGTCATCTGCTGTC-1",0
"CTCTAATCACCAGGTC-1",0
"CTCTAATCACGGTGTC-1",10.9014771428621
"CTCTAATCAGGAATCG-1",0
"CTCTAATGTCCAAGTT-1",0
"CTCTACGAGCTAAACA-1",11.6538140720531
"CTCTACGAGCTAGTGG-1",0
"CTCTACGAGTACGCCC-1",17.3166503302772
"CTCTACGAGTAGGCCA-1",0
"CTCTACGCAATAACGA-1",10.8050152356107
"CTCTACGCAGACGCTC-1",0
"CTCTACGCATGACATC-1",11.3660063426777
"CTCTACGTCATGTCTT-1",10.9014771428621
"CTCTACGTCCCTAATT-1",15.2820435041059
"CTCTACGTCGGCATCG-1",0
"CTCTACGTCGGTCTAA-1",13.4173141184808
"CTCTGGTAGCGTTCCG-1",0
"CTCTGGTAGGCATGGT-1",16.3120514560142
"CTCTGGTAGTGCCAGA-1",0
"CTCTGGTCACAAGCCC-1",15.4553914807005
"CTCTGGTCAGCCTTTC-1",0
"CTCTGGTTCATCTGTT-1",0
"CTCTGGTTCTTGTACT-1",0
"CTGAAACAGATCCCGC-1",14.7571157852961
"CTGAAACAGGTGCTAG-1",0
"CTGAAACAGTCCGTAT-1",10.5957140744221
"CTGAAACAGTGTCTCA-1",0
"CTGAAACGTCATCGGC-1",11.909193656886
"CTGAAACGTTAAAGAC-1",10.0426037096857
"CTGAAACTCATACGGT-1",10.2751544262091
"CTGAAGTAGTGCGTGA-1",12.767509393199
"CTGAAGTCAGCTGTAT-1",17.4682588769106
"CTGAAGTGTTAAAGTG-1",0
"CTGAAGTTCAAGCCTA-1",17.5723528229248
"CTGAAGTTCGGATGTT-1",12.8583150815298
"CTGATAGAGGGAGTAA-1",20.8819588235922
"CTGATAGAGTGCAAGC-1",0
"CTGATAGCAGCCTTTC-1",10.7885674782718
"CTGATAGCATCCCATC-1",0
"CTGATAGCATCTCCCA-1",0
"CTGATAGGTCAAAGCG-1",0
"CTGATAGGTCGCTTTC-1",0
"CTGATAGGTTACGACT-1",0
"CTGATAGTCGCGATCG-1",0
"CTGATCCAGGCATTGG-1",15.8458343533274
"CTGATCCAGGTGACCA-1",0
"CTGATCCCACAGAGGT-1",15.4553914807005
"CTGATCCCAGGCTGAA-1",0
"CTGATCCGTGCCTGGT-1",0
"CTGATCCGTTATCCGA-1",0
"CTGATCCGTTGTGGCC-1",25.6546595954107
"CTGCCTAAGGGTCTCC-1",0
"CTGCCTAAGGTGATAT-1",0
"CTGCCTAAGTACGCGA-1",0
"CTGCCTAAGTGCGTGA-1",11.4202544901779
"CTGCCTACATCCCACT-1",13.3051751779938
"CTGCCTATCAATAAGG-1",0
"CTGCGGAAGAAGGACA-1",0
"CTGCGGAAGAGCTGGT-1",15.123205703964
"CTGCGGAAGATGAGAG-1",10.3132573933985
"CTGCGGACAGGTCGTC-1",0
"CTGCGGACATGTCTCC-1",0
"CTGCGGAGTCACTTCC-1",14.8657315800737
"CTGCGGAGTCGTGGCT-1",10.6746392879797
"CTGCGGAGTTCTGTTT-1",17.0260744781001
"CTGCGGAGTTGGACCC-1",11.503804210684
"CTGCGGATCGCCTGTT-1",17.6483399207019
"CTGCGGATCTTACCGC-1",0
"CTGCTGTAGGGTGTTG-1",17.3090975097046
"CTGCTGTAGTACCGGA-1",0
"CTGCTGTAGTGGAGAA-1",10.4617339173863
"CTGCTGTCACATCTTT-1",0
"CTGCTGTGTTAAAGAC-1",12.5696750649935
"CTGCTGTTCTCCAACC-1",0
"CTGCTGTTCTTACCGC-1",12.3259750829766
"CTGGTCTAGCGTTGCC-1",16.815079256129
"CTGGTCTAGGACAGCT-1",0
"CTGGTCTAGGGCTTGA-1",13.3051751779938
"CTGGTCTAGTCGAGTG-1",0
"CTGGTCTCAAAGGAAG-1",11.6479706621382
"CTGGTCTCACCAGTTA-1",0
"CTGGTCTGTACCTACA-1",24.2177226986786
"CTGGTCTGTACGCTGC-1",10.3215244840244
"CTGGTCTGTCCGCTGA-1",0
"CTGGTCTGTCCGTTAA-1",0
"CTGGTCTGTTCATGGT-1",0
"CTGGTCTGTTCGTGAT-1",0
"CTGGTCTTCAACGGGA-1",0
"CTGGTCTTCACTTACT-1",0
"CTGGTCTTCTTACCTA-1",0
"CTGTGCTGTATATCCG-1",0
"CTGTGCTGTCATCCCT-1",0
"CTGTGCTGTCCCTACT-1",0
"CTGTGCTGTCGGCACT-1",0
"CTGTGCTTCCATTCTA-1",0
"CTGTTTAAGAAACCGC-1",0
"CTGTTTAAGATCGATA-1",10.0352575549111
"CTGTTTAAGGAGTTGC-1",0
"CTGTTTAGTCAAAGCG-1",0
"CTGTTTATCAGCCTAA-1",0
"CTGTTTATCATTTGGG-1",0
"CTGTTTATCTCCAGGG-1",14.3886008798643
"CTGTTTATCTCTTGAT-1",13.8957400177175
"CTGTTTATCTTCTGGC-1",10.5439093586852
"CTTAACTAGCCAGTAG-1",13.0491119633582
"CTTAACTAGGCTCTTA-1",0
"CTTAACTAGGTGCACA-1",0
"CTTAACTAGTCTCGGC-1",0
"CTTACCGAGCGCTTAT-1",16.5992753610155
"CTTACCGAGGCTACGA-1",23.519342065479
"CTTACCGCAGATCTGT-1",22.106052200017
"CTTACCGCAGTCAGAG-1",13.3051751779938
"CTTACCGGTCCTGCTT-1",13.706428524098
"CTTACCGGTCGCCATG-1",15.4906624156718
"CTTACCGGTCTACCTC-1",11.6060634497255
"CTTACCGTCGGACAAG-1",0
"CTTAGGAAGCCCAACC-1",0
"CTTAGGACACGACGAA-1",10.5932549054223
"CTTAGGAGTTATGTGC-1",10.9042055192871
"CTTAGGATCCCATTTA-1",14.5122587453464
"CTTAGGATCTTTACAC-1",0
"CTTCTCTAGAACTCGG-1",0
"CTTCTCTAGAGTGAGA-1",0
"CTTCTCTAGCAGGCTA-1",10.8595568679681
"CTTCTCTAGTTAACGA-1",0
"CTTCTCTCAAAGGTGC-1",0
"CTTCTCTGTAACGACG-1",0
"CTTCTCTGTGCATCTA-1",19.312095810786
"CTTCTCTTCGAGCCCA-1",10.8216059696858
"CTTGGCTAGCGATATA-1",0
"CTTGGCTAGTACGTTC-1",0
"CTTGGCTCATTACCTT-1",12.3938796473318
"CTTGGCTGTCTCCATC-1",0
"CTTGGCTTCCCTAATT-1",0
"CTTGGCTTCGCGTAGC-1",0
"CTTGGCTTCTCGTTTA-1",10.3215244840244
"CTTTGCGAGCAAATCA-1",0
"CTTTGCGAGCGTTCCG-1",13.8957400177175
"CTTTGCGAGTATCTCG-1",11.3471939133854
"CTTTGCGCAATTCCTT-1",13.0014921160348
"CTTTGCGCACTTAAGC-1",0
"CTTTGCGCAGACGCAA-1",0
"CTTTGCGGTAGAGGAA-1",0
"CTTTGCGTCCAGGGCT-1",13.706428524098
"GAAACTCAGAGACGAA-1",0
"GAAACTCAGAGGTTAT-1",0
"GAAACTCAGCAGCCTC-1",12.9605068139373
"GAAACTCAGCCCAGCT-1",11.4202544901779
"GAAACTCAGCTAAACA-1",14.0208006020422
"GAAACTCAGTGCTGCC-1",0
"GAAACTCCAAGCCCAC-1",19.0952159707913
"GAAACTCCACATGACT-1",11.3660063426777
"GAAACTCCAGACACTT-1",21.460532527488
"GAAACTCCATGGATGG-1",0
"GAAACTCGTACTCGCG-1",0
"GAAACTCGTAGCGATG-1",10.0877549649845
"GAAACTCGTGTGAAAT-1",0
"GAAACTCGTTTGTGTG-1",0
"GAAATGAAGCCAGTTT-1",0
"GAAATGAAGCTAGTCT-1",12.7644512500745
"GAAATGAAGTACGTAA-1",0
"GAAATGATCATGCTCC-1",13.5836605268942
"GAAATGATCCTCGCAT-1",11.909193656886
"GAACATCAGATGGCGT-1",0
"GAACATCCAACAACCT-1",0
"GAACATCCACATCTTT-1",11.4984751883172
"GAACATCCACCTATCC-1",12.0094157353492
"GAACATCCACGGACAA-1",0
"GAACATCCATGCTAGT-1",10.0816754704049
"GAACATCGTACGACCC-1",0
"GAACATCGTGGACGAT-1",0
"GAACATCGTTCCCGAG-1",10.8077552601805
"GAACATCTCCAAGTAC-1",0
"GAACATCTCGATCCCT-1",14.2272740736332
"GAACATCTCTCCAACC-1",15.1904827521714
"GAACCTAAGAACTGTA-1",15.7242527004816
"GAACCTAAGAGCAATT-1",16.7858191547128
"GAACCTAAGCCAGTAG-1",0
"GAACCTACAAGGACAC-1",15.884022393909
"GAACCTACAGACACTT-1",0
"GAACCTAGTACCAGTT-1",0
"GAACCTAGTGTCAATC-1",0
"GAACCTATCACGATGT-1",0
"GAACGGAAGACGCAAC-1",11.3822570535936
"GAACGGAAGTAATCCC-1",14.2923700849875
"GAACGGAAGTCAATAG-1",0
"GAACGGAAGTGGACGT-1",0
"GAACGGACACAGCGTC-1",16.4177173216933
"GAACGGACACCTCGTT-1",0
"GAACGGACACTTAACG-1",0
"GAACGGAGTAGCGTAG-1",14.2272740736332
"GAACGGAGTCAGAGGT-1",0
"GAACGGAGTGGCGAAT-1",0
"GAACGGATCACTCCTG-1",0
"GAACGGATCCACGAAT-1",13.392645975832
"GAACGGATCGTAGGAG-1",16.0218432156225
"GAACGGATCTGTCAAG-1",0
"GAAGCAGAGACTAAGT-1",0
"GAAGCAGAGAGACGAA-1",13.0491119633582
"GAAGCAGAGCCACGCT-1",11.6930906845041
"GAAGCAGAGTTCGCGC-1",0
"GAAGCAGCAATCCGAT-1",14.4183952237888
"GAAGCAGCAGATCTGT-1",21.3152155394014
"GAAGCAGCAGATGAGC-1",0
"GAAGCAGCATGAACCT-1",11.5712828972244
"GAAGCAGCATGGAATA-1",0
"GAAGCAGGTAACGCGA-1",0
"GAAGCAGGTCATACTG-1",10.3132573933985
"GAAGCAGTCCTAGTGA-1",12.5865203825557
"GAAGCAGTCTTATCTG-1",10.307738927198
"GAATAAGCAAGGTGTG-1",10.9731070195926
"GAATAAGCAGACAAGC-1",11.929643823756
"GAATAAGCATGCAACT-1",0
"GAATAAGGTCCGTTAA-1",11.909193656886
"GAATAAGGTGAGTGAC-1",0
"GAATAAGGTTCCCTTG-1",0
"GAATAAGTCGTTTAGG-1",14.306230465937
"GAATGAAAGAGTCTGG-1",11.4357785236038
"GAATGAAAGCTTATCG-1",9.97672300686213
"GAATGAAAGGCATGTG-1",0
"GAATGAACAAACGCGA-1",12.0094157353492
"GAATGAACAGTGAGTG-1",11.5666982540808
"GAATGAACATCATCCC-1",0
"GAATGAAGTCAACATC-1",14.4183952237888
"GAATGAAGTCTCACCT-1",13.8957400177175
"GAATGAAGTGGCAAAC-1",19.4380234603355
"GAATGAAGTTGCGTTA-1",17.2383007466655
"GAATGAATCAGTTAGC-1",9.88509247844716
"GAATGAATCCTGCCAT-1",14.5941440030241
"GACACGCAGACGCACA-1",12.2620511470674
"GACACGCAGAGTAATC-1",0
"GACACGCAGCCAACAG-1",0
"GACACGCAGGAGTTTA-1",16.5992753610155
"GACACGCAGGGCATGT-1",0
"GACACGCAGGTGCACA-1",0
"GACACGCAGTCCAGGA-1",15.0777340520234
"GACACGCAGTGGGATC-1",13.3051751779938
"GACACGCAGTGGGTTG-1",9.88509247844716
"GACACGCCAAGCGTAG-1",13.5665388660983
"GACACGCCAAGGACAC-1",10.1770277111941
"GACACGCCAGACGCTC-1",0
"GACACGCCATCCTTGC-1",11.7174201285024
"GACACGCGTTCACGGC-1",0
"GACACGCTCATGTAGC-1",0
"GACAGAGAGTACGATA-1",13.8957400177175
"GACAGAGCAACGATCT-1",0
"GACAGAGCAAGTCTAC-1",0
"GACAGAGCAGCTCCGA-1",0
"GACAGAGCAGCTGGCT-1",0
"GACAGAGTCAAACAAG-1",0
"GACAGAGTCAGAGACG-1",0
"GACAGAGTCCTTCAAT-1",11.6538140720531
"GACAGAGTCCTTGCCA-1",0
"GACAGAGTCTTCATGT-1",0
"GACCAATAGAAGGGTA-1",17.3166503302772
"GACCAATAGCTACCGC-1",0
"GACCAATAGCTACCTA-1",0
"GACCAATCAGGTGCCT-1",12.5696750649935
"GACCAATCATGCGCAC-1",12.5126033826107
"GACCAATGTACAGTTC-1",0
"GACCAATGTCGCTTCT-1",0
"GACCAATTCCGATATG-1",10.8198975831177
"GACCAATTCGAATGGG-1",0
"GACCAATTCGTCACGG-1",0
"GACCTGGCATCACAAC-1",12.9914771909429
"GACCTGGCATGTCTCC-1",14.7128891710146
"GACCTGGCATTGGCGC-1",15.9289558465299
"GACCTGGGTAAAGGAG-1",12.9605068139373
"GACCTGGGTCCAGTTA-1",13.3433074438018
"GACCTGGGTGCAGTAG-1",0
"GACCTGGTCATAGCAC-1",9.91688853095003
"GACCTGGTCCTTGCCA-1",17.4682588769106
"GACCTGGTCGCATGAT-1",0
"GACCTGGTCGTCACGG-1",18.8468756139109
"GACGCGTAGTGGTAAT-1",16.7858191547128
"GACGCGTAGTTGTAGA-1",10.2677448915704
"GACGCGTGTAAAGGAG-1",0
"GACGCGTGTGTGAAAT-1",18.5006796212246
"GACGCGTGTTAAGACA-1",11.503804210684
"GACGCGTTCAAACCGT-1",19.312095810786
"GACGCGTTCCAAATGC-1",10.7732834133337
"GACGCGTTCCGCGGTA-1",0
"GACGCGTTCCTACAGA-1",17.6483399207019
"GACGCGTTCTCCGGTT-1",0
"GACGGCTAGAAGATTC-1",0
"GACGGCTAGAGCTGGT-1",0
"GACGGCTCAAGGTTTC-1",0
"GACGGCTCACCGCTAG-1",11.1193613781053
"GACGGCTCATGAACCT-1",0
"GACGGCTCATGCAACT-1",10.9731070195926
"GACGGCTGTGTGTGCC-1",0
"GACGGCTGTTATGTGC-1",10.6788530275955
"GACGGCTGTTTGGCGC-1",14.11086945517
"GACGGCTTCTATCGCC-1",17.0260744781001
"GACGTGCAGGCAAAGA-1",0
"GACGTGCAGGGTGTGT-1",0
"GACGTGCAGGTGTTAA-1",0
"GACGTGCCAGGTCGTC-1",0
"GACGTGCGTAACGTTC-1",0
"GACGTGCTCACCTCGT-1",0
"GACGTTAAGCTACCGC-1",13.1800123520161
"GACGTTAAGGCAAAGA-1",0
"GACGTTAAGTCAAGCG-1",0
"GACGTTACAAGCCATT-1",10.9042055192871
"GACGTTACAAGGTTTC-1",0
"GACGTTACAGACACTT-1",12.552586327114
"GACGTTAGTATCTGCA-1",0
"GACGTTAGTTTGACAC-1",17.2193005247349
"GACGTTAGTTTGACTG-1",0
"GACGTTATCACAGGCC-1",0
"GACGTTATCATTGCGA-1",0
"GACGTTATCCCGGATG-1",0
"GACGTTATCCGAAGAG-1",0
"GACGTTATCGCGTTTC-1",19.444494513849
"GACGTTATCTGTCCGT-1",12.1799696693265
"GACTAACAGACAGAGA-1",0
"GACTAACAGTGGAGAA-1",17.0669154076242
"GACTAACCAAATCCGT-1",0
"GACTAACGTCTAGTCA-1",13.6381910513349
"GACTAACGTGCAACTT-1",0
"GACTAACGTTCAGACT-1",10.5588202307771
"GACTAACTCCTTTCTC-1",0
"GACTAACTCTTGCCGT-1",0
"GACTAACTCTTTACAC-1",10.9731070195926
"GACTACAAGATATGGT-1",0
"GACTACACAAATCCGT-1",12.5964451701033
"GACTACAGTGCTGTAT-1",0
"GACTACATCAGCCTAA-1",13.2548856442282
"GACTACATCAGGTAAA-1",0
"GACTACATCTGCAGTA-1",0
"GACTGCGAGCGTAGTG-1",0
"GACTGCGAGTTGTAGA-1",0
"GACTGCGCACTTAACG-1",10.804330141504
"GACTGCGCATGTTCCC-1",12.8896446861517
"GACTGCGGTACGCACC-1",15.5383857640747
"GACTGCGGTTCTCATT-1",13.8703662899822
"GACTGCGTCAACACAC-1",0
"GACTGCGTCACGACTA-1",0
"GACTGCGTCGCCCTTA-1",0
"GACTGCGTCTCAAACG-1",0
"GAGCAGAGTAGGGTAC-1",0
"GAGCAGAGTCAGATAA-1",12.0148126265347
"GAGCAGAGTCATATGC-1",13.2257833583546
"GAGCAGAGTGAGCGAT-1",0
"GAGCAGAGTGTAACGG-1",13.235232541734
"GAGCAGAGTGTGACCC-1",0
"GAGCAGAGTTCGGGCT-1",0
"GAGCAGAGTTTAAGCC-1",0
"GAGCAGAGTTTGCATG-1",11.7174201285024
"GAGGTGAAGCAACGGT-1",0
"GAGGTGAAGGCTCTTA-1",0
"GAGGTGAAGTGGTAGC-1",0
"GAGGTGAAGTTGTAGA-1",0
"GAGGTGACACTGTCGG-1",0
"GAGGTGACATCCTTGC-1",0
"GAGGTGACATGCATGT-1",0
"GAGGTGAGTACCTACA-1",0
"GAGGTGAGTCATTAGC-1",10.8216059696858
"GAGGTGAGTTCCTCCA-1",0
"GAGGTGATCATCGCTC-1",10.8362329253426
"GAGGTGATCTAGAGTC-1",0
"GAGGTGATCTCTAGGA-1",15.123205703964
"GAGGTGATCTGCTGTC-1",20.5955075934523
"GAGGTGATCTGGGCCA-1",16.3499148528998
"GAGTCCGAGGACAGAA-1",0
"GAGTCCGAGGCATGTG-1",0
"GAGTCCGAGGCGTACA-1",18.6620776778682
"GAGTCCGCAAACCCAT-1",0
"GAGTCCGGTCAAGCGA-1",11.6705672898228
"GAGTCCGGTGACCAAG-1",15.1563645764067
"GAGTCCGGTGACTCAT-1",10.4617339173863
"GAGTCCGGTGTGACCC-1",10.6165743219483
"GAGTCCGGTTCGGGCT-1",0
"GAGTCCGGTTTGCATG-1",0
"GAGTCCGTCGGCGCAT-1",0
"GAGTCCGTCTGATTCT-1",0
"GATCAGTAGATGTCGG-1",20.9494633636243
"GATCAGTAGTGGTAGC-1",0
"GATCAGTGTATATGAG-1",11.7174201285024
"GATCAGTGTCTGCGGT-1",21.2786879622356
"GATCAGTGTTATGCGT-1",0
"GATCAGTGTTGTACAC-1",10.3215244840244
"GATCGATAGAATGTTG-1",19.444494513849
"GATCGATAGAGCTGCA-1",0
"GATCGATAGCATGGCA-1",0
"GATCGATCAAGCGAGT-1",0
"GATCGATCAAGCGTAG-1",12.1693797263947
"GATCGATGTCAACATC-1",0
"GATCGATGTTGCCTCT-1",0
"GATCGATTCCGCATCT-1",15.1904827521714
"GATCGCGAGATAGTCA-1",10.7712253889761
"GATCGCGAGCCTTGAT-1",10.7885674782718
"GATCGCGAGGAGCGTT-1",10.6425647671926
"GATCGCGCAGGTCGTC-1",24.2177226986786
"GATCGCGGTACAGCAG-1",13.0491119633582
"GATCGCGGTGAGTATA-1",0
"GATCGCGGTTGTCGCG-1",0
"GATCGCGTCACTCCTG-1",0
"GATCGTAAGACATAAC-1",13.5665388660983
"GATCGTAAGCTCAACT-1",0
"GATCGTACATAACCTG-1",13.4797145621525
"GATCGTAGTGGCTCCA-1",0
"GATCGTATCATATCGG-1",0
"GATCGTATCATGTCCC-1",0
"GATCGTATCTTACCGC-1",10.9169132758894
"GATCTAGAGCGTCTAT-1",10.7875847766829
"GATCTAGAGTGGAGAA-1",15.182767386876
"GATCTAGCAACACCTA-1",0
"GATCTAGCAAGGGTCA-1",0
"GATCTAGGTCTAAAGA-1",19.4380234603355
"GATCTAGGTCTCACCT-1",0
"GATCTAGGTCTCTTTA-1",0
"GATCTAGTCACATAGC-1",12.456435530444
"GATCTAGTCTAAGCCA-1",20.9494633636243
"GATGAAAAGAGTAATC-1",10.7875847766829
"GATGAAAAGCTCCCAG-1",25.5203267824534
"GATGAAACACGGTAGA-1",0
"GATGAAACAGCTGTAT-1",0
"GATGAAAGTGGGTATG-1",13.5665388660983
"GATGAAATCACCCTCA-1",12.3259750829766
"GATGAAATCACTCCTG-1",0
"GATGAAATCAGCAACT-1",0
"GATGAAATCGAGAGCA-1",0
"GATGAGGAGATCCCGC-1",15.6688827967816
"GATGAGGAGTTCGATC-1",0
"GATGAGGCACCAGTTA-1",0
"GATGAGGGTATCACCA-1",0
"GATGAGGGTATTCGTG-1",0
"GATGAGGGTCGCGTGT-1",24.2177226986786
"GATGAGGGTGATGATA-1",19.4380234603355
"GATGAGGTCACAGGCC-1",14.3886008798643
"GATGAGGTCACATAGC-1",21.7493306119095
"GATGAGGTCCCTTGTG-1",11.6930906845041
"GATGAGGTCTGCTGTC-1",0
"GATGCTAAGACTAAGT-1",0
"GATGCTAAGGATGCGT-1",0
"GATGCTAAGGCTCTTA-1",0
"GATGCTAAGGGAACGG-1",0
"GATGCTAAGTATCTCG-1",15.123205703964
"GATGCTAAGTCTCGGC-1",0
"GATGCTACATGTTGAC-1",0
"GATGCTACATTGCGGC-1",17.9237062093892
"GATGCTAGTCTCCATC-1",0
"GATGCTAGTGGAAAGA-1",0
"GATGCTAGTTAGGGTG-1",0
"GATGCTATCCTGTACC-1",0
"GATGCTATCGGCGCTA-1",13.6351289580721
"GATTCAGAGAAACCTA-1",12.7644512500745
"GATTCAGAGAGTGACC-1",0
"GATTCAGAGATTACCC-1",0
"GATTCAGAGGGTCGAT-1",0
"GATTCAGAGGTCGGAT-1",0
"GATTCAGAGTCAATAG-1",0
"GATTCAGCAAGTTGTC-1",13.5665388660983
"GATTCAGCAATTCCTT-1",0
"GATTCAGCAGGGTACA-1",13.4438407403017
"GATTCAGCATCGACGC-1",10.2328620907081
"GATTCAGCATTATCTC-1",14.807852213877
"GATTCAGGTAAATACG-1",0
"GATTCAGTCAACTCTT-1",0
"GCAAACTAGATGTTAG-1",0
"GCAAACTAGTCATGCT-1",0
"GCAAACTAGTCTCAAC-1",10.8792461332247
"GCAAACTCACAGGTTT-1",0
"GCAAACTGTCAGATAA-1",14.2272740736332
"GCAAACTGTCTCCATC-1",0
"GCAAACTTCGTGGTCG-1",10.9731070195926
"GCAATCAAGGGATCTG-1",0
"GCAATCAAGTATCTCG-1",11.6609157869425
"GCAATCAAGTGGGTTG-1",0
"GCAATCACAGCTTAAC-1",12.1535503203231
"GCAATCACATGTCGAT-1",12.5612458540578
"GCAATCACATTCCTCG-1",10.3132573933985
"GCAATCAGTAGGAGTC-1",0
"GCAATCAGTATAATGG-1",0
"GCAATCAGTTCTCATT-1",0
"GCAATCAGTTCTGGTA-1",0
"GCACATAAGAGCTATA-1",17.4682588769106
"GCACATAAGATGTTAG-1",0
"GCACATAAGCCTTGAT-1",0
"GCACATAAGGAGTACC-1",0
"GCACATAAGTGAAGTT-1",12.7837493133649
"GCACATACACCACGTG-1",0
"GCACATACAGCTGTAT-1",0
"GCACATACAGGAACGT-1",0
"GCACATAGTCATCGGC-1",16.5992753610155
"GCACATAGTCCGAATT-1",0
"GCACATAGTCTCTTTA-1",0
"GCACATAGTGCGCTTG-1",0
"GCACATATCACCTCGT-1",0
"GCACATATCTGGTTCC-1",0
"GCACTCTCAAGACACG-1",10.0366790809858
"GCACTCTCAATCACAC-1",18.6744636983206
"GCACTCTCATTTCAGG-1",12.0807959257439
"GCACTCTGTAAACCTC-1",14.2272740736332
"GCACTCTGTACCAGTT-1",15.7242527004816
"GCACTCTGTAGAAAGG-1",13.4797145621525
"GCACTCTGTCGAACAG-1",0
"GCACTCTGTCTAGGTT-1",0
"GCACTCTTCAACTCTT-1",12.3259750829766
"GCACTCTTCCCTAATT-1",9.99417452112671
"GCACTCTTCTGCCCTA-1",0
"GCAGCCAAGCTGATAA-1",12.7644512500745
"GCAGCCACATGAGCGA-1",0
"GCAGCCAGTAATCGTC-1",0
"GCAGCCAGTGTCGCTG-1",18.8729923807173
"GCAGCCATCAGTTGAC-1",14.2272740736332
"GCAGCCATCCCAACGG-1",0
"GCAGCCATCCGTACAA-1",0
"GCAGTTAAGTCCATAC-1",0
"GCAGTTAAGTCCGTAT-1",10.2328620907081
"GCAGTTAAGTTAACGA-1",15.9573435598427
"GCAGTTAGTGGACGAT-1",16.7528649251753
"GCAGTTAGTTATTCTC-1",10.4617339173863
"GCAGTTATCGCGATCG-1",15.1825618318667
"GCATACAAGATCTGCT-1",0
"GCATACAAGCAACGGT-1",0
"GCATACACAACGCACC-1",0
"GCATACACAAGGACTG-1",25.6546595954107
"GCATACACAAGTCTGT-1",9.97672300686213
"GCATACACAGTCAGCC-1",0
"GCATACACATCCTAGA-1",13.6351289580721
"GCATACACATCGGAAG-1",10.9386798905869
"GCATACAGTCCGAACC-1",0
"GCATACAGTTCTGGTA-1",0
"GCATACATCCACGACG-1",0
"GCATGATAGAATGTTG-1",0
"GCATGATAGAGTAATC-1",0
"GCATGATAGCTGATAA-1",11.1139190496347
"GCATGATAGGACCACA-1",0
"GCATGATAGGCTAGCA-1",10.716512650925
"GCATGATAGTCAAGCG-1",0
"GCATGATAGTGGAGAA-1",18.6744636983206
"GCATGATCACACCGAC-1",0
"GCATGATCACATTTCT-1",0
"GCATGATGTCCCTACT-1",11.6479706621382
"GCATGATGTTGCGCAC-1",17.4682588769106
"GCATGATTCGTGGACC-1",0
"GCATGCGAGCATGGCA-1",10.5349258886427
"GCATGCGAGTCCAGGA-1",0
"GCATGCGCACTGCCAG-1",0
"GCATGCGGTAAGGATT-1",0
"GCATGCGGTCCTCTTG-1",0
"GCATGCGGTGTGAAAT-1",10.6425647671926
"GCATGCGTCCGCGGTA-1",0
"GCATGTAAGAACTGTA-1",11.3232125806274
"GCATGTAAGACAGACC-1",0
"GCATGTAAGTACTTGC-1",11.9529094705889
"GCATGTAAGTGCAAGC-1",0
"GCATGTACAACACGCC-1",18.8729923807173
"GCATGTATCACGAAGG-1",0
"GCCAAATCAAACTGTC-1",10.1474557412017
"GCCAAATCAAGGGTCA-1",0
"GCCAAATCAAGTTCTG-1",0
"GCCAAATCATAACCTG-1",10.7885674782718
"GCCAAATGTATAAACG-1",17.9237062093892
"GCCAAATGTGTTTGGT-1",18.6744636983206
"GCCAAATGTTTCGCTC-1",17.4046776606236
"GCCAAATTCAGGTAAA-1",0
"GCCAAATTCCGAGCCA-1",0
"GCCAAATTCCGCGGTA-1",0
"GCCAAATTCGGCTACG-1",9.9937416168321
"GCCTCTAAGAGTACCG-1",19.1800025039697
"GCCTCTAAGCCATCGC-1",0
"GCCTCTAAGCCGCCTA-1",12.0440303430301
"GCCTCTAAGCGATAGC-1",10.9169132758894
"GCCTCTAAGCTGCAAG-1",10.8216059696858
"GCCTCTAAGCTTCGCG-1",0
"GCCTCTAAGTCACGCC-1",10.8050152356107
"GCCTCTACAAGACGTG-1",0
"GCCTCTACAGCTATTG-1",14.5564793565991
"GCCTCTAGTAAGGATT-1",0
"GCCTCTAGTGATGATA-1",13.4797145621525
"GCCTCTAGTTAAGGGC-1",0
"GCCTCTATCAGCGACC-1",0
"GCCTCTATCCGATATG-1",11.4984751883172
"GCCTCTATCGAATCCA-1",0
"GCCTCTATCGAGCCCA-1",12.7644512500745
"GCCTCTATCGCTGATA-1",9.97672300686213
"GCCTCTATCTTTAGGG-1",0
"GCGACCAAGAGGTTAT-1",0
"GCGACCACACTTACGA-1",0
"GCGACCAGTCAGGACA-1",0
"GCGACCAGTCTAGAGG-1",12.4530406598916
"GCGACCATCAACGGGA-1",12.815747877903
"GCGACCATCCCGGATG-1",12.8896446861517
"GCGACCATCTACTCAT-1",12.3417783968062
"GCGAGAAAGGTTCCTA-1",12.2899734126419
"GCGAGAAAGTACGATA-1",11.6930906845041
"GCGAGAAAGTGTCTCA-1",0
"GCGAGAACAAGCCCAC-1",10.3700764301569
"GCGAGAACACTGAAGG-1",0
"GCGAGAAGTAGCGCTC-1",15.1563645764067
"GCGAGAAGTCCCTACT-1",14.925481651751
"GCGAGAATCCTTTCGG-1",0
"GCGAGAATCGAGAGCA-1",0
"GCGAGAATCGCACTCT-1",16.3120514560142
"GCGCAACAGTCCTCCT-1",10.7875847766829
"GCGCAACAGTGTACGG-1",20.9494633636243
"GCGCAACCAAGTCTGT-1",0
"GCGCAACCAGCCACCA-1",10.5957140744221
"GCGCAACGTAGCGCTC-1",0
"GCGCAACGTCCCTTGT-1",10.716512650925
"GCGCAACGTCCTAGCG-1",10.8216059696858
"GCGCAACGTCGACTAT-1",0
"GCGCAACGTCTAGAGG-1",11.5942125541494
"GCGCAACTCAATACCG-1",0
"GCGCAGTCACATCCAA-1",17.5723528229248
"GCGCAGTCATTACCTT-1",11.1559521845064
"GCGCAGTGTTAGGGTG-1",0
"GCGCAGTTCGATCCCT-1",0
"GCGCAGTTCGCGGATC-1",14.7216381091655
"GCGCCAAAGACATAAC-1",16.1634993779874
"GCGCCAAAGGACAGCT-1",12.456435530444
"GCGCCAAAGGCCCTTG-1",0
"GCGCCAAAGGGCTTCC-1",10.7875847766829
"GCGCCAAAGGTACTCT-1",13.7812761144415
"GCGCCAACATAACCTG-1",0
"GCGCCAACATTGGGCC-1",14.9441814730929
"GCGCCAAGTACTTGAC-1",15.884022393909
"GCGCCAAGTCGGCACT-1",0
"GCGCCAAGTGAAAGAG-1",0
"GCGCCAAGTTGTACAC-1",16.3876940818295
"GCGCCAATCCGTTGCT-1",0
"GCGCGATAGAAGGTTT-1",9.9937416168321
"GCGCGATAGCAGGTCA-1",0
"GCGCGATAGTGAATTG-1",0
"GCGCGATAGTTTGCGT-1",17.4682588769106
"GCGCGATCAGCTCGAC-1",0
"GCGCGATGTAAGTAGT-1",0
"GCGCGATGTCACTTCC-1",14.9441814730929
"GCGCGATGTTACCAGT-1",14.5122587453464
"GCGCGATTCAGTTAGC-1",12.3884746084677
"GCGCGATTCGTTTAGG-1",11.1193613781053
"GCGGGTTAGAAACGAG-1",17.2383007466655
"GCGGGTTAGCTATGCT-1",16.9583279864047
"GCGGGTTAGTGTGAAT-1",0
"GCGGGTTCACGCGAAA-1",0
"GCGGGTTCAGGCAGTA-1",12.456435530444
"GCGGGTTCAGTAACGG-1",0
"GCGGGTTGTGAGTATA-1",10.131669462593
"GCGGGTTGTGGCGAAT-1",12.4582870296534
"GCGGGTTTCCAAAGTC-1",14.3246880024408
"GCGGGTTTCCTTTCTC-1",0
"GCGGGTTTCTCCAACC-1",0
"GCGGGTTTCTTGAGGT-1",11.929643823756
"GCGGGTTTCTTGTATC-1",0
"GCTCCTACAAACTGTC-1",18.5006796212246
"GCTCCTACACCAGGTC-1",14.9441814730929
"GCTCCTACACCGATAT-1",18.9438605204896
"GCTCCTACAGGGTACA-1",0
"GCTCCTACATTAGCCA-1",15.123205703964
"GCTCCTAGTCAGGACA-1",15.5488774591674
"GCTCCTAGTCCGTCAG-1",0
"GCTCCTATCAGCCTAA-1",10.7875847766829
"GCTCCTATCCCTAATT-1",0
"GCTCTGTAGAGGTAGA-1",0
"GCTCTGTAGCTGAACG-1",0
"GCTCTGTAGGAGTCTG-1",0
"GCTCTGTAGTGCTGCC-1",9.9937416168321
"GCTCTGTAGTGGACGT-1",0
"GCTCTGTTCACCTCGT-1",0
"GCTGCAGAGCGTGAGT-1",13.706428524098
"GCTGCAGAGTCAAGCG-1",0
"GCTGCAGAGTCCCACG-1",11.2134883581482
"GCTGCAGCAATTGCTG-1",10.716512650925
"GCTGCAGCATGCCCGA-1",17.0669154076242
"GCTGCAGCATGCCTAA-1",0
"GCTGCAGGTAAACCTC-1",0
"GCTGCAGGTACGAAAT-1",0
"GCTGCAGGTAGCGCAA-1",11.3162910672093
"GCTGCAGGTCACCCAG-1",0
"GCTGCAGGTCATGCCG-1",18.8729923807173
"GCTGCGAAGGAATGGA-1",11.8297790278299
"GCTGCGAGTCTAACGT-1",0
"GCTGCGAGTGTTTGGT-1",10.0426037096857
"GCTGCGATCTCCTATA-1",11.156356932949
"GCTGCGATCTTGTTTG-1",10.980669247925
"GCTGCTTAGAATTGTG-1",0
"GCTGCTTAGGCAATTA-1",10.3132573933985
"GCTGCTTCATCACGTA-1",0
"GCTGCTTCATCCAACA-1",16.1634993779874
"GCTGCTTCATGCCTAA-1",0
"GCTGCTTCATGGTCAT-1",0
"GCTGCTTGTAACGACG-1",0
"GCTGCTTGTAATCGTC-1",0
"GCTGCTTGTAGGGACT-1",16.2589763647192
"GCTGCTTGTGAAAGAG-1",0
"GCTGCTTTCCGGGTGT-1",10.1715445611524
"GCTGGGTAGACCCACC-1",0
"GCTGGGTAGCCACGCT-1",0
"GCTGGGTAGTCGCCGT-1",17.2234824704191
"GCTGGGTAGTCTCAAC-1",0
"GCTGGGTCACGGCTAC-1",0
"GCTGGGTCAGCCAATT-1",0
"GCTGGGTGTACAGTTC-1",0
"GCTGGGTGTACCGTTA-1",12.6416405767812
"GCTGGGTGTCGAGTTT-1",0
"GCTGGGTGTCTCCACT-1",9.89810289047551
"GCTGGGTGTGCCTGTG-1",0
"GCTGGGTTCAGCTTAG-1",0
"GCTGGGTTCCTTAATC-1",16.2477288525652
"GCTTCCAAGAAACCTA-1",15.4906624156718
"GCTTCCACACCACCAG-1",0
"GCTTCCACAGGTCGTC-1",0
"GCTTCCACAGTGAGTG-1",0
"GCTTCCAGTATAGGTA-1",0
"GCTTCCAGTTCAGCGC-1",14.8205826731138
"GCTTCCATCGTCCAGG-1",0
"GCTTGAAAGATGGCGT-1",14.306230465937
"GCTTGAAAGCCGTCGT-1",0
"GCTTGAACAAACCTAC-1",0
"GCTTGAACACGGTGTC-1",0
"GCTTGAACATCGGAAG-1",12.3854753314793
"GCTTGAAGTGCGGTAA-1",11.0496554996103
"GCTTGAAGTTCTCATT-1",0
"GCTTGAATCAGGATCT-1",0
"GGAAAGCAGGCAGGTT-1",0
"GGAAAGCCAAACGCGA-1",12.9400515693429
"GGAAAGCCAAGTACCT-1",11.7174201285024
"GGAAAGCGTAAGCACG-1",0
"GGAAAGCGTCCTCCAT-1",25.5321644284158
"GGAAAGCGTCGCGTGT-1",10.5932549054223
"GGAAAGCGTGCTTCTC-1",14.0838629272972
"GGAAAGCTCCAGAGGA-1",13.8957400177175
"GGAACTTAGAGTAAGG-1",16.3924145392929
"GGAACTTCAATGTAAG-1",0
"GGAACTTCACAGGAGT-1",0
"GGAACTTCACCTCGTT-1",12.9605068139373
"GGAACTTGTCTCTTTA-1",18.2279058730614
"GGAACTTTCATTGCCC-1",0
"GGAACTTTCATTTGGG-1",0
"GGAACTTTCCGTCATC-1",0
"GGAACTTTCCTCAACC-1",0
"GGAACTTTCGGATGTT-1",0
"GGAATAAAGGTACTCT-1",10.0366790809858
"GGAATAAAGTGTCCAT-1",11.4320641624866
"GGAATAACAGCGTCCA-1",0
"GGAATAAGTCTGGTCG-1",11.929643823756
"GGAATAAGTGCAGGTA-1",13.2548856442282
"GGAATAATCAGCACAT-1",14.3886008798643
"GGAATAATCTTTACGT-1",0
"GGACAAGAGGTACTCT-1",10.8820613406443
"GGACAAGCAACGATGG-1",11.2261215524355
"GGACAAGCAGTCGTGC-1",15.9779501181333
"GGACAAGCATGGGACA-1",0
"GGACAAGGTATAAACG-1",10.5529891618544
"GGACAAGGTATGAAAC-1",0
"GGACAAGGTCGGCATC-1",0
"GGACAAGGTTATGCGT-1",0
"GGACAAGTCTAACGGT-1",0
"GGACAGAAGCTAGTCT-1",0
"GGACAGAAGTACTTGC-1",0
"GGACAGACAACACGCC-1",15.7109967048028
"GGACAGACACAAGCCC-1",0
"GGACAGAGTAAGTGGC-1",13.0491119633582
"GGACAGAGTCTTTCAT-1",0
"GGACAGAGTGAGGGAG-1",11.8639436790173
"GGACAGAGTTCCACAA-1",0
"GGACAGATCAACGCTA-1",0
"GGACATTAGAGGGCTT-1",0
"GGACATTAGCCACGTC-1",0
"GGACATTCAAACGCGA-1",17.6483399207019
"GGACATTCAATGACCT-1",0
"GGACATTCACCAGCAC-1",0
"GGACATTGTTCTGGTA-1",12.7644512500745
"GGACATTTCCTCTAGC-1",0
"GGACGTCAGTACTTGC-1",19.091946184187
"GGACGTCAGTGGTAAT-1",25.5321644284158
"GGACGTCCACAGTCGC-1",0
"GGACGTCGTGAGGGAG-1",0
"GGACGTCGTGGCGAAT-1",11.3267930936442
"GGACGTCGTTACGGAG-1",0
"GGACGTCGTTTAAGCC-1",0
"GGACGTCTCCACTCCA-1",0
"GGACGTCTCGCAAACT-1",15.3897434330127
"GGACGTCTCTCCAGGG-1",0
"GGACGTCTCTCGAGTA-1",9.97672300686213
"GGACGTCTCTGGTGTA-1",10.9731070195926
"GGACGTCTCTTCGAGA-1",0
"GGAGCAAAGAACTCGG-1",10.3677734692452
"GGAGCAAAGACTGTAA-1",0
"GGAGCAAAGCCGCCTA-1",0
"GGAGCAAAGCTAAACA-1",16.1634993779874
"GGAGCAAAGTACGCCC-1",10.0352575549111
"GGAGCAACAAGCTGTT-1",10.1770277111941
"GGAGCAACAATGGACG-1",0
"GGAGCAACAATTCCTT-1",15.1116685859587
"GGAGCAACATGCTGGC-1",0
"GGAGCAAGTGAGTATA-1",16.5515454592303
"GGAGCAAGTTACTGAC-1",11.0167458119893
"GGAGCAATCAAGATCC-1",15.1563645764067
"GGAGCAATCCCATTTA-1",0
"GGATGTTCAAACTGTC-1",16.1634993779874
"GGATGTTTCATCACCC-1",12.9831351842722
"GGATGTTTCATGCATG-1",0
"GGATGTTTCCTACAGA-1",13.0491119633582
"GGATGTTTCCTCTAGC-1",13.706428524098
"GGATTACAGATCCCAT-1",11.3822570535936
"GGATTACAGCTTCGCG-1",16.580151721904
"GGATTACAGGCTAGCA-1",14.8010738365917
"GGATTACAGTATCTCG-1",12.6589122991592
"GGATTACCAAGCGTAG-1",18.2279058730614
"GGATTACCACATCCGG-1",0
"GGATTACCAGCGTAAG-1",13.4438407403017
"GGATTACGTAATAGCA-1",0
"GGATTACGTACACCGC-1",11.5929439061664
"GGATTACGTCTCTTTA-1",10.3700764301569
"GGATTACGTTGAGGTG-1",0
"GGATTACTCGCGCCAA-1",9.88999213514769
"GGATTACTCGGCGCAT-1",0
"GGATTACTCTGCCCTA-1",11.5712828972244
"GGCAATTCAATCGGTT-1",15.4553914807005
"GGCAATTCACGGCGTT-1",10.0877549649845
"GGCAATTCATCACCCT-1",0
"GGCAATTGTCGATTGT-1",0
"GGCAATTTCACTTACT-1",0
"GGCAATTTCAGCACAT-1",12.7644512500745
"GGCAATTTCTCCGGTT-1",0
"GGCCGATAGTGTCTCA-1",14.7128891710146
"GGCCGATCACGGACAA-1",0
"GGCCGATGTAGGACAC-1",12.5944481711906
"GGCCGATGTCACTGGC-1",15.123205703964
"GGCCGATGTCCCTACT-1",0
"GGCCGATTCACCGTAA-1",0
"GGCCGATTCCGCGCAA-1",0
"GGCGACTAGAGCTGGT-1",12.4449018124974
"GGCGACTAGGACCACA-1",14.9374189508212
"GGCGACTAGGTTACCT-1",18.8729923807173
"GGCGACTCAAAGCGGT-1",14.3425912749607
"GGCGACTCAAGAGTCG-1",17.1764381078726
"GGCGACTCACCAGGTC-1",0
"GGCGACTCATTGTGCA-1",15.884022393909
"GGCGACTTCAGAAATG-1",21.5485623799911
"GGCGACTTCAGAGACG-1",13.0491119633582
"GGCGACTTCCAGATCA-1",0
"GGCGACTTCTCTAGGA-1",10.5957140744221
"GGCGTGTAGCTAGCCC-1",0
"GGCGTGTAGGGTATCG-1",0
"GGCGTGTCAGGTCCAC-1",16.6263978356827
"GGCGTGTCAGTATAAG-1",0
"GGCGTGTCATCGTCGG-1",0
"GGCGTGTCATGGAATA-1",10.9386798905869
"GGCGTGTGTCTCCCTA-1",0
"GGCGTGTTCTTGAGGT-1",0
"GGCTCGAAGCCGTCGT-1",10.6746392879797
"GGCTCGAAGGTAAACT-1",15.0956078524389
"GGCTCGACAAGAAGAG-1",18.8729923807173
"GGCTCGACAATAGCAA-1",18.7312759635004
"GGCTCGACATGGTCAT-1",11.5712828972244
"GGCTCGAGTATATCCG-1",12.1014980380516
"GGCTCGAGTTACGTCA-1",0
"GGCTCGAGTTAGGGTG-1",17.4116586172492
"GGCTCGATCTGCAAGT-1",12.7665539955692
"GGCTGGTAGAAGAAGC-1",10.5932549054223
"GGCTGGTAGACCCACC-1",15.123205703964
"GGCTGGTCAAGGACAC-1",10.5439093586852
"GGCTGGTCACTGCCAG-1",16.3516665853894
"GGCTGGTCATTTCAGG-1",0
"GGCTGGTGTATTCTCT-1",10.5439093586852
"GGCTGGTGTCGCATCG-1",20.6361665450501
"GGCTGGTGTCTAGTGT-1",11.0167458119893
"GGCTGGTGTTATGCGT-1",0
"GGGAATGAGCGTTGCC-1",0
"GGGAATGAGTAGGTGC-1",0
"GGGAATGGTAAGGGAA-1",12.5369922558123
"GGGAATGTCAACGAAA-1",0
"GGGAATGTCCAGTATG-1",0
"GGGAATGTCCGGGTGT-1",0
"GGGACCTAGATGTAAC-1",0
"GGGACCTAGTCTTGCA-1",16.7858191547128
"GGGACCTCAATCAGAA-1",11.8818903673842
"GGGACCTCACTGAAGG-1",18.6744636983206
"GGGAGATAGTACGACG-1",11.3267930936442
"GGGAGATCAAAGTGCG-1",11.2261215524355
"GGGAGATCAAATCCGT-1",11.5712828972244
"GGGAGATCAAGGACTG-1",11.929643823756
"GGGAGATCACGCGAAA-1",0
"GGGAGATGTAGCGCAA-1",13.0228965173024
"GGGAGATTCAACGGGA-1",0
"GGGAGATTCATCACCC-1",0
"GGGATGAAGTGACATA-1",0
"GGGATGACATCATCCC-1",12.7644512500745
"GGGATGAGTCACCCAG-1",14.545474889607
"GGGATGAGTGGAAAGA-1",0
"GGGATGAGTTACGACT-1",0
"GGGATGAGTTGGTAAA-1",9.88509247844716
"GGGATGATCAGTTAGC-1",0
"GGGATGATCTATCCTA-1",0
"GGGATGATCTTTAGGG-1",0
"GGGCACTAGTCTCGGC-1",0
"GGGCACTCATCTCCCA-1",12.0807959257439
"GGGCACTTCACCTCGT-1",15.182767386876
"GGGCACTTCTGAGGGA-1",0
"GGGCATCCAATGTAAG-1",0
"GGGCATCCAGTCTTCC-1",12.4426000896998
"GGGCATCGTGGCGAAT-1",18.0176302463876
"GGGCATCTCACAGTAC-1",0
"GGGCATCTCCCTTGTG-1",15.4906624156718
"GGGCATCTCCGGCACA-1",15.3669190573879
"GGGCATCTCTGTCCGT-1",0
"GGGCATCTCTTATCTG-1",0
"GGGTCTGAGAAGATTC-1",11.170966075015
"GGGTCTGAGATCCCGC-1",18.6744636983206
"GGGTCTGAGCCAACAG-1",0
"GGGTCTGCACAGGCCT-1",0
"GGGTCTGCACCAGGTC-1",0
"GGGTCTGGTCTGGTCG-1",13.3804169148562
"GGGTCTGGTGATGATA-1",0
"GGGTCTGGTGTGACCC-1",0
"GGGTCTGTCAACTCTT-1",0
"GGGTCTGTCACTCCTG-1",12.3938796473318
"GGGTCTGTCCGTAGTA-1",15.9289558465299
"GGGTTGCAGACAGAGA-1",0
"GGGTTGCAGACCTTTG-1",0
"GGGTTGCAGATCGATA-1",0
"GGGTTGCAGGGTGTTG-1",15.2861118347075
"GGGTTGCAGGTGGGTT-1",11.3660063426777
"GGGTTGCCAATAACGA-1",0
"GGGTTGCCACGCCAGT-1",14.9774329748219
"GGGTTGCCATTAACCG-1",12.7644512500745
"GGGTTGCGTACATCCA-1",0
"GGGTTGCGTAGCGCAA-1",13.1800123520161
"GGGTTGCGTCCTCCAT-1",16.6659603794313
"GGGTTGCGTCGAGTTT-1",0
"GGGTTGCGTGAGTATA-1",11.5712828972244
"GGGTTGCGTGTGACCC-1",11.5929439061664
"GGGTTGCTCGTACCGG-1",0
"GGTATTGAGCACCGTC-1",0
"GGTATTGAGCTATGCT-1",10.6425647671926
"GGTATTGCACATCCAA-1",0
"GGTATTGCAGCTTCGG-1",25.5321644284158
"GGTATTGGTTCCGTCT-1",11.3496221224258
"GGTATTGTCAGAAATG-1",18.2279058730614
"GGTATTGTCCATTCTA-1",21.5995564383739
"GGTATTGTCGCCAGCA-1",0
"GGTGAAGAGACACGAC-1",0
"GGTGAAGAGATCCGAG-1",0
"GGTGAAGCAAGGTGTG-1",12.1535503203231
"GGTGAAGCACTCGACG-1",0
"GGTGAAGCAGTATGCT-1",0
"GGTGAAGGTATGAAAC-1",0
"GGTGAAGGTCAGAATA-1",0
"GGTGAAGGTGGTACAG-1",0
"GGTGAAGGTGTATGGG-1",10.1008674708004
"GGTGAAGGTGTCTGAT-1",11.5712828972244
"GGTGAAGGTGTGGTTT-1",11.9888199898134
"GGTGAAGGTGTGTGCC-1",0
"GGTGAAGTCACGATGT-1",12.4576106916864
"GGTGAAGTCACTCTTA-1",0
"GGTGAAGTCTGGCGTG-1",0
"GGTGCGTAGGTGATTA-1",10.5103689079902
"GGTGCGTAGTACGATA-1",14.7128891710146
"GGTGCGTCACTTAAGC-1",0
"GGTGCGTCAGCTGTAT-1",10.6949655509139
"GGTGCGTGTTCGTTGA-1",0
"GGTGCGTTCCGTACAA-1",0
"GGTGCGTTCTTGACGA-1",0
"GGTGTTAAGGGCTCTC-1",0
"GGTGTTAAGTAGCGGT-1",18.0176302463876
"GGTGTTAAGTGGGATC-1",10.7875847766829
"GGTGTTAAGTTATCGC-1",21.5485623799911
"GGTGTTACAAATCCGT-1",13.5665388660983
"GGTGTTACACGGATAG-1",0
"GGTGTTAGTAATCACC-1",14.306230465937
"GGTGTTAGTAGCAAAT-1",0
"GGTGTTAGTGTATGGG-1",12.7837493133649
"GGTGTTAGTTGAACTC-1",0
"GGTGTTATCGGACAAG-1",18.6744636983206
"GGTGTTATCGGTGTTA-1",0
"GGTGTTATCTACTTAC-1",0
"GTAACGTAGGTGACCA-1",0
"GTAACGTCACAGGCCT-1",15.1825618318667
"GTAACGTGTACCATCA-1",0
"GTAACGTGTGAGTATA-1",10.366377009322
"GTAACGTGTTACGGAG-1",0
"GTAACGTGTTAGGGTG-1",12.2620511470674
"GTAACGTTCGGTCCGA-1",10.2677448915704
"GTAACGTTCTCATTCA-1",0
"GTAACTGAGTGGGTTG-1",0
"GTAACTGCAATGGAAT-1",0
"GTAACTGCACAGGCCT-1",0
"GTAACTGCAGGATCGA-1",11.6930906845041
"GTAACTGCATCGGGTC-1",0
"GTAACTGGTATTACCG-1",13.0404013856313
"GTAACTGTCACGGTTA-1",0
"GTAACTGTCTACTATC-1",0
"GTACGTAAGGTGCTTT-1",14.3901746281934
"GTACGTACAGGAATGC-1",17.6483399207019
"GTACGTACATGGATGG-1",16.1634993779874
"GTACGTAGTGAGTGAC-1",0
"GTACGTAGTTGGTAAA-1",11.4320641624866
"GTACGTATCACCTCGT-1",13.3224220532208
"GTACGTATCATCGGAT-1",0
"GTACGTATCCACTGGG-1",12.5865203825557
"GTACTCCAGGCAGTCA-1",16.7734599985868
"GTACTCCCAATAGCGG-1",11.4202544901779
"GTACTCCCACAGGTTT-1",0
"GTACTCCTCACCTTAT-1",0
"GTACTCCTCATTGCCC-1",0
"GTACTCCTCCTTCAAT-1",18.0464292082837
"GTACTTTCAGTTAACC-1",13.8957400177175
"GTACTTTCATGTCGAT-1",0
"GTACTTTTCCGAAGAG-1",10.804330141504
"GTAGGCCAGCAATCTC-1",12.879601168999
"GTAGGCCCATTCGACA-1",15.9289558465299
"GTAGGCCGTAACGCGA-1",0
"GTAGGCCGTAAGGGCT-1",0
"GTAGGCCGTACGACCC-1",11.6538140720531
"GTAGGCCGTTCAGGCC-1",0
"GTAGGCCGTTGATTGC-1",0
"GTAGGCCTCAGCACAT-1",13.2808462425
"GTAGTCAAGAATGTGT-1",0
"GTAGTCAAGATGCCTT-1",10.5439093586852
"GTAGTCAAGGACGAAA-1",0
"GTAGTCAAGTGAAGAG-1",17.6483399207019
"GTAGTCATCGTCACGG-1",0
"GTAGTCATCTGAAAGA-1",12.0440303430301
"GTATCTTAGAAACCAT-1",11.9532469918762
"GTATCTTAGGCTATCT-1",0
"GTATCTTAGTTGTCGT-1",13.0158645030704
"GTATCTTCACACCGCA-1",0
"GTATCTTCACGAAGCA-1",0
"GTATCTTGTTCGCTAA-1",0
"GTATCTTTCATGCTCC-1",0
"GTATCTTTCATGTAGC-1",0
"GTATTCTAGAAACCAT-1",14.2272740736332
"GTATTCTAGACAAAGG-1",0
"GTATTCTCAAAGTCAA-1",16.6659603794313
"GTATTCTCAACAACCT-1",0
"GTATTCTCAACTTGAC-1",11.4320641624866
"GTATTCTCAATAAGCA-1",0
"GTATTCTCAGGGTTAG-1",20.2414040916736
"GTATTCTCATACTACG-1",0
"GTATTCTCATGGTAGG-1",0
"GTATTCTGTAGTGAAT-1",0
"GTATTCTGTCTAGAGG-1",0
"GTCAAGTCATATGCTG-1",19.4380234603355
"GTCAAGTCATGGTTGT-1",0
"GTCAAGTGTCAGCTAT-1",0
"GTCAAGTGTTCCACTC-1",11.3232125806274
"GTCACAAAGCCGATTT-1",10.0352575549111
"GTCACAAAGTGGAGTC-1",0
"GTCACAACAGGTGGAT-1",0
"GTCACAAGTAAACGCG-1",18.5006796212246
"GTCACAATCAGGATCT-1",12.7142482861552
"GTCACAATCAGTTGAC-1",0
"GTCACAATCATGCATG-1",0
"GTCACGGAGATCACGG-1",11.7174201285024
"GTCACGGCATATACCG-1",17.0260744781001
"GTCACGGGTGAGTGAC-1",0
"GTCACGGGTGTGGCTC-1",10.7885674782718
"GTCACGGTCGAGAGCA-1",0
"GTCACGGTCTACCTGC-1",0
"GTCATTTAGAGACTAT-1",13.4173141184808
"GTCATTTCACGTGAGA-1",0
"GTCATTTGTAGAAGGA-1",10.2328620907081
"GTCATTTGTCAGATAA-1",0
"GTCATTTTCCAGAGGA-1",0
"GTCCTCAAGCCCAACC-1",0
"GTCCTCAAGTAGATGT-1",11.3660063426777
"GTCCTCAAGTGGGCTA-1",10.8198975831177
"GTCCTCACAATCACAC-1",10.5932549054223
"GTCCTCAGTGGAAAGA-1",10.0352575549111
"GTCCTCATCAAAGACA-1",0
"GTCCTCATCGTCCGTT-1",0
"GTCGGGTCACTGAAGG-1",0
"GTCGGGTCACTTCGAA-1",9.9937416168321
"GTCGGGTCATGAAGTA-1",0
"GTCGGGTGTCTCACCT-1",0
"GTCGGGTGTGTGACGA-1",0
"GTCGGGTGTGTGTGCC-1",0
"GTCGGGTGTTACGTCA-1",17.9352586804202
"GTCGGGTTCTGCTGTC-1",0
"GTCGGGTTCTGTGCAA-1",0
"GTCGTAAAGAGATGAG-1",15.123205703964
"GTCGTAAAGCTGCAAG-1",18.0514386499546
"GTCGTAAAGGCGACAT-1",0
"GTCGTAACATCACGAT-1",12.0148126265347
"GTCGTAAGTATCACCA-1",14.9130080847245
"GTCGTAATCCAAGTAC-1",0
"GTCTCGTAGACCACGA-1",9.97672300686213
"GTCTCGTCAGGAACGT-1",14.545474889607
"GTCTCGTGTGGTAACG-1",14.9027439910575
"GTCTCGTGTTTGGCGC-1",0
"GTCTCGTTCACCGGGT-1",0
"GTCTCGTTCAGTGCAT-1",0
"GTCTTCGAGACAAGCC-1",14.2272740736332
"GTCTTCGAGGAATGGA-1",0
"GTCTTCGAGTCAAGCG-1",0
"GTCTTCGCACATGGGA-1",14.7128891710146
"GTCTTCGCACCAGGTC-1",0
"GTCTTCGCAGACGCAA-1",10.0352575549111
"GTCTTCGCATAACCTG-1",11.3232125806274
"GTCTTCGCATCGATGT-1",0
"GTCTTCGGTCTAGTGT-1",12.507283159578
"GTCTTCGTCTCGATGA-1",17.2411971669616
"GTGAAGGAGAGCTGGT-1",14.3886008798643
"GTGAAGGAGATCGGGT-1",16.7734599985868
"GTGAAGGAGCCAGTTT-1",0
"GTGAAGGAGTGTTGAA-1",10.2328620907081
"GTGAAGGCAAAGGCGT-1",0
"GTGAAGGCACTTAAGC-1",0
"GTGAAGGCAGATTGCT-1",0
"GTGAAGGGTATATGGA-1",17.4116586172492
"GTGAAGGGTCTCTCTG-1",18.6744636983206
"GTGAAGGTCTCCTATA-1",14.9027439910575
"GTGCAGCAGACATAAC-1",10.5957140744221
"GTGCAGCAGTGGTCCC-1",0
"GTGCAGCCACATCTTT-1",14.3246880024408
"GTGCAGCGTGAGTATA-1",0
"GTGCAGCTCTTAGAGC-1",0
"GTGCATAAGGCATGGT-1",0
"GTGCATAGTTTGTTGG-1",11.09515970424
"GTGCATATCAGAGCTT-1",0
"GTGCATATCATCATTC-1",16.3265450252479
"GTGCATATCTGCGTAA-1",12.3938796473318
"GTGCGGTAGCAATCTC-1",0
"GTGCGGTAGGACAGAA-1",0
"GTGCGGTCAAAGGTGC-1",9.99417452112671
"GTGCGGTGTTCAGACT-1",0
"GTGCGGTGTTCTGTTT-1",0
"GTGCGGTTCATCTGCC-1",25.6546595954107
"GTGCGGTTCCAGGGCT-1",0
"GTGCGGTTCGGATGGA-1",0
"GTGCGGTTCTCGTTTA-1",0
"GTGCGGTTCTGCTGTC-1",10.8216059696858
"GTGCTTCAGCCAGTTT-1",0
"GTGCTTCAGGATTCGG-1",0
"GTGCTTCAGTACACCT-1",0
"GTGCTTCCACTTAACG-1",12.6912556683443
"GTGCTTCCAGCTATTG-1",0
"GTGCTTCGTAGAGTGC-1",0
"GTGCTTCTCACAATGC-1",0
"GTGCTTCTCACTTCAT-1",0
"GTGGGTCAGACCGGAT-1",0
"GTGGGTCAGACTGTAA-1",0
"GTGGGTCAGCCGTCGT-1",16.9583279864047
"GTGGGTCCACCAACCG-1",10.5702275366274
"GTGGGTCCACCACCAG-1",17.6483399207019
"GTGTGCGAGACCGGAT-1",11.3660063426777
"GTGTGCGAGACTTGAA-1",0
"GTGTGCGCAGGTCGTC-1",0
"GTGTGCGGTGAGCGAT-1",25.5321644284158
"GTGTGCGTCAGTCAGT-1",0
"GTGTGCGTCCCTTGTG-1",11.6215938887648
"GTGTGCGTCTAACTTC-1",0
"GTGTTAGAGGACAGAA-1",10.5957140744221
"GTGTTAGAGGCATGGT-1",10.5529891618544
"GTGTTAGAGTGGAGAA-1",25.6546595954107
"GTGTTAGAGTTTGCGT-1",0
"GTGTTAGCAATGGAAT-1",10.6165743219483
"GTGTTAGCACCACCAG-1",17.2383007466655
"GTGTTAGGTGCCTGGT-1",13.7885342224216
"GTGTTAGGTGGAAAGA-1",0
"GTGTTAGGTTCCATGA-1",0
"GTGTTAGGTTGGGACA-1",0
"GTTAAGCAGAGCTGCA-1",10.8198975831177
"GTTAAGCAGATAGCAT-1",0
"GTTAAGCAGCTAACAA-1",0
"GTTAAGCAGGCTACGA-1",0
"GTTAAGCAGTGTACCT-1",0
"GTTAAGCAGTTTGCGT-1",12.7644512500745
"GTTAAGCCATTCACTT-1",15.204658051457
"GTTAAGCGTACTCGCG-1",0
"GTTAAGCGTCTAGGTT-1",0
"GTTAAGCGTGGCAAAC-1",0
"GTTAAGCGTTGCTCCT-1",0
"GTTAAGCTCCTTTCGG-1",0
"GTTACAGAGAGCTATA-1",0
"GTTACAGAGTACGATA-1",0
"GTTACAGCAGACGCCT-1",0
"GTTACAGCATCGGTTA-1",0
"GTTACAGGTATGGTTC-1",12.9400515693429
"GTTACAGGTCGACTGC-1",10.6013130915856
"GTTACAGGTCTAGGTT-1",0
"GTTCATTAGCGATGAC-1",0
"GTTCATTCATATACGC-1",0
"GTTCATTCATTGGCGC-1",11.6479706621382
"GTTCATTGTGCACGAA-1",0
"GTTCATTGTGTTAAGA-1",0
"GTTCATTGTTCAGTAC-1",0
"GTTCGGGAGACGACGT-1",13.1800123520161
"GTTCGGGAGCTAAGAT-1",0
"GTTCGGGAGTGTCTCA-1",0
"GTTCGGGGTAGGGTAC-1",9.88509247844716
"GTTCGGGGTGCAGGTA-1",11.6538140720531
"GTTCGGGTCCACGCAG-1",10.3132573933985
"GTTCGGGTCTACTTAC-1",18.0514386499546
"GTTCTCGAGACCACGA-1",10.9169132758894
"GTTCTCGAGCGATGAC-1",10.6425647671926
"GTTCTCGAGGCCATAG-1",16.7858191547128
"GTTCTCGCATCGGACC-1",10.6215739393201
"GTTCTCGGTAAGGGAA-1",0
"GTTCTCGGTAGCGTAG-1",13.7764370995618
"GTTCTCGGTCCGTGAC-1",0
"GTTCTCGGTGTTAAGA-1",13.5665388660983
"GTTCTCGTCAACGCTA-1",11.4202544901779
"GTTCTCGTCCTGTACC-1",0
"GTTTCTACAAACCTAC-1",0
"GTTTCTACAAGAAAGG-1",0
"GTTTCTAGTGTTGGGA-1",12.2834556201195
"GTTTCTATCCCAACGG-1",24.2177226986786
"GTTTCTATCCGTAGTA-1",18.8729923807173
"GTTTCTATCGGCATCG-1",11.6930906845041
"TAAACCGGTACTTAGC-1",9.91688853095003
"TAAACCGTCACTCTTA-1",12.552586327114
"TAAACCGTCAGGCGAA-1",16.7734599985868
"TAAACCGTCCGTTGTC-1",0
"TAAACCGTCTTCCTTC-1",17.6483399207019
"TAAGAGACAAGTTGTC-1",11.909193656886
"TAAGAGAGTATATCCG-1",12.5038064081898
"TAAGAGATCAATCACG-1",25.5321644284158
"TAAGAGATCTAACGGT-1",0
"TAAGAGATCTTTCCTC-1",16.7858191547128
"TAAGCGTAGTGGACGT-1",14.4571844403556
"TAAGCGTAGTGTCTCA-1",0
"TAAGCGTCAGCTTCGG-1",10.0366790809858
"TAAGCGTCAGGTGGAT-1",18.8468756139109
"TAAGCGTGTCCTGCTT-1",16.1634993779874
"TAAGCGTGTGCCTGGT-1",0
"TAAGCGTGTTGTTTGG-1",10.0352575549111
"TAAGCGTTCCTCATTA-1",0
"TAAGCGTTCGGCGCAT-1",0
"TAAGCGTTCTCGCATC-1",0
"TAAGTGCAGGCTAGGT-1",11.2111287676782
"TAAGTGCAGTAGCGGT-1",0
"TAAGTGCCAACGCACC-1",0
"TAAGTGCCATACAGCT-1",12.8034832843778
"TAAGTGCGTAAACACA-1",0
"TAAGTGCGTCTCACCT-1",11.3660063426777
"TAAGTGCGTTCAGACT-1",0
"TAAGTGCTCACCCTCA-1",10.1770277111941
"TAAGTGCTCACTGGGC-1",15.884022393909
"TAAGTGCTCTGGCGTG-1",11.3232125806274
"TACACGACACCCATTC-1",16.3499148528998
"TACACGAGTGATAAAC-1",0
"TACACGATCTGTCTCG-1",0
"TACAGTGAGATGCGAC-1",15.9573435598427
"TACAGTGAGCGTTGCC-1",16.1634993779874
"TACAGTGAGTGTACGG-1",13.2548856442282
"TACAGTGCAGGAATCG-1",0
"TACAGTGCAGGTGCCT-1",10.1715445611524
"TACAGTGGTACTCAAC-1",0
"TACAGTGGTTGGACCC-1",0
"TACCTATAGAGCTGGT-1",24.2177226986786
"TACCTATAGAGTTGGC-1",0
"TACCTATAGGCTCATT-1",0
"TACCTATAGTTAGCGG-1",0
"TACCTATCAAGCTGGA-1",0
"TACCTATGTAAATGAC-1",15.9573435598427
"TACCTATGTAGAGTGC-1",13.5671087877191
"TACCTATGTCACCTAA-1",9.90165347458233
"TACCTATGTGTTGAGG-1",0
"TACCTATGTTAAAGAC-1",12.5612458540578
"TACCTATTCTATGTGG-1",0
"TACCTATTCTTCCTTC-1",0
"TACCTTAAGAGGTTGC-1",0
"TACCTTAAGTCAAGCG-1",13.5665388660983
"TACCTTAAGTGGTCCC-1",0
"TACCTTACAACTGGCC-1",0
"TACCTTACAAGGGTCA-1",0
"TACCTTACACTCAGGC-1",0
"TACCTTACATCTACGA-1",0
"TACCTTAGTAGCGTCC-1",0
"TACCTTAGTCTCCACT-1",10.3510778050021
"TACGGATAGATGGCGT-1",12.7644512500745
"TACGGATAGGTACTCT-1",16.6300199397447
"TACGGATCAGGGATTG-1",0
"TACGGATCATCACCCT-1",0
"TACGGATGTCTAGCCG-1",0
"TACGGATTCGGTGTCG-1",18.6744636983206
"TACGGATTCTACTATC-1",0
"TACGGGCAGGATGCGT-1",0
"TACGGGCAGGGAACGG-1",18.5006796212246
"TACGGGCAGTATTGGA-1",0
"TACGGGCAGTCAAGCG-1",0
"TACGGGCCAAGAAGAG-1",0
"TACGGGCCACCAGATT-1",13.7764370995618
"TACGGGCCATCAGTAC-1",0
"TACGGGCGTAAGGGCT-1",11.6958854398892
"TACGGGCGTCTGATTG-1",10.307738927198
"TACGGGCGTGATGTGG-1",0
"TACGGGCTCACCTTAT-1",0
"TACGGGCTCAGCTCTC-1",0
"TACGGGCTCCACGAAT-1",17.2234824704191
"TACGGGCTCCTATTCA-1",0
"TACGGGCTCGGTGTTA-1",0
"TACGGTAAGATATGGT-1",13.3051751779938
"TACGGTAAGCCGATTT-1",10.3132573933985
"TACGGTAAGTCATGCT-1",0
"TACGGTAAGTGCCATT-1",0
"TACGGTACACAGGCCT-1",16.5017361496724
"TACGGTACATTTCAGG-1",14.3901746281934
"TACGGTAGTATATCCG-1",0
"TACGGTAGTCACTTCC-1",0
"TACGGTAGTGCAGGTA-1",13.6620382078023
"TACGGTAGTGGGTATG-1",14.9027439910575
"TACGGTATCGCAGGCT-1",15.6765447079613
"TACGGTATCGGACAAG-1",13.6008057762486
"TACGGTATCGTTTATC-1",13.4797145621525
"TACTCATAGTCACGCC-1",10.716512650925
"TACTCATCAATCTACG-1",0
"TACTCATCACGGTAGA-1",18.5006796212246
"TACTCATCACTTCTGC-1",12.2620511470674
"TACTCATCATCCGTGG-1",0
"TACTCATCATGTCGAT-1",0
"TACTCATGTACAGCAG-1",0
"TACTCATGTCTTCAAG-1",10.6425647671926
"TACTCATTCCTTTCTC-1",0
"TACTCGCAGGCGACAT-1",0
"TACTCGCGTCAGAAGC-1",0
"TACTCGCGTCTGATTG-1",14.7246198525645
"TACTCGCGTGTAACGG-1",0
"TACTCGCGTTGAGTTC-1",16.3265450252479
"TACTCGCTCAACGGGA-1",0
"TACTCGCTCCGAATGT-1",12.3259750829766
"TACTTACAGACTAGGC-1",12.8896446861517
"TACTTACAGCTGAACG-1",0
"TACTTACAGTACACCT-1",0
"TACTTACAGTACGCCC-1",10.8216059696858
"TACTTACAGTGATCGG-1",0
"TACTTACCAAGCCGTC-1",12.0408647370736
"TACTTACCACAGGTTT-1",0
"TACTTACTCGCGTTTC-1",14.0208006020422
"TACTTGTAGCGATATA-1",0
"TACTTGTAGTAATCCC-1",20.3158578185598
"TACTTGTCAAACAACA-1",0
"TACTTGTCATGCAACT-1",0
"TACTTGTGTAGCACGA-1",0
"TACTTGTGTATAAACG-1",14.9027439910575
"TACTTGTGTTCCACAA-1",10.8595568679681
"TACTTGTTCTGCAGTA-1",0
"TAGACCAAGAGACGAA-1",17.6483399207019
"TAGACCAAGCCTCGTG-1",12.1535503203231
"TAGACCAAGTCGATAA-1",0
"TAGACCACAACACCCG-1",13.3804169148562
"TAGACCAGTAGATTAG-1",10.0877549649845
"TAGACCAGTTCATGGT-1",0
"TAGACCATCACTTCAT-1",0
"TAGACCATCGTCACGG-1",0
"TAGACCATCTCCAGGG-1",14.7571157852961
"TAGAGCTAGAATTCCC-1",0
"TAGAGCTAGTATTGGA-1",15.6688827967816
"TAGAGCTCACTGAAGG-1",0
"TAGAGCTGTACTTGAC-1",0
"TAGAGCTGTCTAAAGA-1",0
"TAGCCGGAGACTGGGT-1",0
"TAGCCGGAGTCCCACG-1",0
"TAGCCGGAGTGACATA-1",10.2869826322511
"TAGCCGGCAGCAGTTT-1",0
"TAGCCGGGTACAGTGG-1",14.3246880024408
"TAGCCGGGTACCATCA-1",0
"TAGCCGGGTCGCGAAA-1",17.4682588769106
"TAGCCGGTCACGACTA-1",0
"TAGGCATAGAACTGTA-1",0
"TAGGCATAGCTAGGCA-1",0
"TAGGCATAGTCGTACT-1",11.4357785236038
"TAGGCATAGTTTAGGA-1",0
"TAGGCATCAAGCCTAT-1",0
"TAGGCATCAGACGCAA-1",10.7875847766829
"TAGGCATGTACGAAAT-1",0
"TAGGCATGTCCAGTTA-1",0
"TAGGCATGTTCCACTC-1",13.6008057762486
"TAGGCATTCCCTAACC-1",11.3660063426777
"TAGGCATTCGCTAGCG-1",0
"TAGGCATTCGTAGATC-1",0
"TAGGCATTCTTCATGT-1",10.8820613406443
"TAGTGGTAGATCACGG-1",0
"TAGTGGTAGCTGTTCA-1",16.6300199397447
"TAGTGGTCAGTATAAG-1",0
"TAGTGGTGTAGCGTAG-1",0
"TAGTGGTTCAGCATGT-1",0
"TAGTGGTTCGGCGCAT-1",0
"TAGTGGTTCTCAAGTG-1",0
"TAGTGGTTCTGGGCCA-1",13.4478077847205
"TAGTGGTTCTTTAGTC-1",11.0765668382467
"TAGTTGGAGATAGGAG-1",15.204658051457
"TAGTTGGCAGACGCAA-1",10.1715445611524
"TAGTTGGCATGCGCAC-1",11.7174201285024
"TAGTTGGGTATGGTTC-1",0
"TAGTTGGTCCGAATGT-1",13.7764370995618
"TAGTTGGTCTACTCAT-1",14.9027439910575
"TAGTTGGTCTCTAAGG-1",0
"TAGTTGGTCTGATACG-1",13.4438407403017
"TATCAGGAGAGTAAGG-1",0
"TATCAGGAGATCCGAG-1",0
"TATCAGGAGCAGATCG-1",14.1224130500224
"TATCAGGAGGTGCTTT-1",0
"TATCAGGCAACTTGAC-1",10.8785114861766
"TATCAGGCACGTTGGC-1",0
"TATCAGGGTCCGTTAA-1",0
"TATCAGGGTCTGCAAT-1",0
"TATCAGGGTTAAAGAC-1",10.9731070195926
"TATCAGGTCAAGATCC-1",20.2414040916736
"TATCAGGTCCACTCCA-1",0
"TATCAGGTCGTAGGTT-1",0
"TATCTCAAGAGTTGGC-1",0
"TATCTCAAGCCACCTG-1",13.1505173073781
"TATCTCAAGCGTAATA-1",0
"TATCTCAAGGCTAGCA-1",0
"TATCTCAAGTGGGCTA-1",11.6538140720531
"TATCTCACATGTCCTC-1",0
"TATCTCAGTAACGACG-1",15.4553914807005
"TATCTCAGTACCTACA-1",17.1764381078726
"TATCTCAGTACGACCC-1",12.444296828864
"TATCTCAGTCAATGTC-1",18.8468756139109
"TATCTCATCAAGCCTA-1",12.2133891388872
"TATGCCCAGAAACCGC-1",12.0408647370736
"TATGCCCAGGTAGCTG-1",0
"TATGCCCCAATGGAAT-1",10.2328620907081
"TATGCCCCACTTAACG-1",14.9027439910575
"TATGCCCCATGTTCCC-1",13.0491119633582
"TATGCCCGTAGCCTCG-1",14.8205826731138
"TATGCCCGTATAGGGC-1",13.7921675279133
"TATGCCCGTATGAAAC-1",16.3120514560142
"TATGCCCGTCGCCATG-1",10.4968013096484
"TATGCCCGTGCCTTGG-1",0
"TATGCCCGTTAAGATG-1",0
"TATGCCCGTTGGTGGA-1",0
"TATGCCCGTTTAGGAA-1",0
"TATTACCAGAGAGCTC-1",0
"TATTACCAGCAAATCA-1",0
"TATTACCAGCCCGAAA-1",0
"TATTACCAGTATCTCG-1",0
"TATTACCCAAAGTGCG-1",0
"TATTACCCAGACAAGC-1",0
"TATTACCCAGTCAGCC-1",15.4902157543412
"TATTACCCATAAAGGT-1",16.1634993779874
"TATTACCCATCTACGA-1",0
"TATTACCGTCCAGTAT-1",0
"TCAACGAAGCCGATTT-1",13.5836605268942
"TCAACGAAGCGATGAC-1",15.3669190573879
"TCAACGAAGGCATGTG-1",0
"TCAACGAAGTAGTGCG-1",0
"TCAACGACACCAGGCT-1",0
"TCAACGACATGCCTTC-1",15.9573435598427
"TCAACGAGTTACCAGT-1",0
"TCAACGAGTTCCATGA-1",0
"TCAACGAGTTCTGGTA-1",0
"TCAACGATCAGTCCCT-1",0
"TCAACGATCTGTGCAA-1",14.2272740736332
"TCAATCTAGATCCCGC-1",0
"TCAATCTCACAAGCCC-1",0
"TCAATCTCACAGCCCA-1",0
"TCAATCTCATGACGGA-1",20.3158578185598
"TCAATCTCATTTGCTT-1",11.3232125806274
"TCAATCTGTAGTGAAT-1",0
"TCAATCTGTTAGATGA-1",14.9947972388489
"TCAATCTTCAGATAAG-1",0
"TCAATCTTCATGTCCC-1",14.9027439910575
"TCACAAGAGACTGGGT-1",0
"TCACAAGAGAGAGCTC-1",12.7410461983976
"TCACAAGAGGCCCTCA-1",0
"TCACAAGAGGTGGGTT-1",0
"TCACAAGAGTAGATGT-1",15.0255152325356
"TCACAAGCAGTATGCT-1",11.4202544901779
"TCACAAGCATAACCTG-1",0
"TCACAAGCATGACATC-1",13.3051751779938
"TCACAAGGTCAGATAA-1",13.0491119633582
"TCACAAGGTGTGGTTT-1",0
"TCACAAGTCATCATTC-1",0
"TCACAAGTCATGCATG-1",0
"TCACGAAAGCTCCTTC-1",0
"TCACGAAAGGTGCTTT-1",0
"TCACGAAAGTCTCGGC-1",12.552586327114
"TCACGAACACAAGACG-1",12.6045260589837
"TCACGAACACTGTCGG-1",0
"TCACGAAGTGGTCCGT-1",15.6688827967816
"TCACGAAGTTGGTGGA-1",13.3804169148562
"TCACGAATCATGCAAC-1",0
"TCACGAATCCCGACTT-1",0
"TCACGAATCCTCGCAT-1",0
"TCACGAATCGTCACGG-1",0
"TCAGATGAGGTGCACA-1",0
"TCAGATGGTCTTGTCC-1",0
"TCAGATGGTGCCTGCA-1",0
"TCAGATGGTGCTGTAT-1",21.460532527488
"TCAGATGTCAGTTTGG-1",10.0877549649845
"TCAGATGTCGCATGAT-1",0
"TCAGATGTCTCCTATA-1",0
"TCAGCAAAGGAGTCTG-1",12.6468812358807
"TCAGCAAAGGCTCATT-1",0
"TCAGCAAAGTACGACG-1",0
"TCAGCAAAGTGGCACA-1",0
"TCAGCAACACGCATCG-1",0
"TCAGCAAGTACCGGCT-1",0
"TCAGCAATCAGCGATT-1",0
"TCAGCAATCGGAAACG-1",0
"TCAGCAATCTTCAACT-1",13.235232541734
"TCAGCTCAGGTGTTAA-1",11.3232125806274
"TCAGCTCAGTATGACA-1",15.1904827521714
"TCAGCTCCAATCTGCA-1",0
"TCAGCTCCACGGTTTA-1",0
"TCAGCTCGTAATAGCA-1",0
"TCAGCTCGTCCGTCAG-1",0
"TCAGCTCGTTCACGGC-1",0
"TCAGCTCTCACGATGT-1",0
"TCAGCTCTCATGCATG-1",10.3132573933985
"TCAGCTCTCCTAAGTG-1",0
"TCAGCTCTCTCGTATT-1",16.6362966524388
"TCAGGATAGACAGAGA-1",11.3232125806274
"TCAGGATAGATATGGT-1",12.2620511470674
"TCAGGATCAAACGTGG-1",0
"TCAGGATCAAGTTCTG-1",10.6425647671926
"TCAGGATCACGGTGTC-1",0
"TCAGGATCACTGTGTA-1",10.9731070195926
"TCAGGATCAGCATACT-1",17.5723528229248
"TCAGGATCATCTGGTA-1",0
"TCAGGATGTAAGCACG-1",11.3822570535936
"TCAGGATGTGGCCCTA-1",11.1193613781053
"TCAGGATTCCGATATG-1",0
"TCAGGATTCTCGATGA-1",10.8595568679681
"TCAGGTAAGATGGCGT-1",0
"TCAGGTAAGTGTTTGC-1",0
"TCAGGTACACAAGTAA-1",0
"TCAGGTACACAGAGGT-1",10.9731070195926
"TCAGGTACAGCTGCTG-1",0
"TCAGGTAGTAAACGCG-1",10.0877549649845
"TCATTACAGAAACCAT-1",0
"TCATTACAGGAGTTGC-1",0
"TCATTACAGTTGCAGG-1",0
"TCATTACCACATCCAA-1",13.3804169148562
"TCATTACCAGTCAGCC-1",0
"TCATTACGTACGCACC-1",0
"TCATTACGTCTAGAGG-1",0
"TCATTACGTGAAGGCT-1",0
"TCATTACGTTCTGTTT-1",0
"TCATTACTCATCGATG-1",0
"TCATTTGAGCCAGTTT-1",11.1193613781053
"TCATTTGCACGTCTCT-1",25.1676232245938
"TCATTTGCAGTTAACC-1",0
"TCATTTGTCCAGAGGA-1",0
"TCATTTGTCCCTTGCA-1",0
"TCATTTGTCCGTCAAA-1",14.1224130500224
"TCATTTGTCGCTAGCG-1",11.8818903673842
"TCATTTGTCGTACGGC-1",0
"TCATTTGTCTCTGCTG-1",0
"TCCACACCAAAGAATC-1",0
"TCCACACCACGCCAGT-1",11.5712828972244
"TCCACACGTACAGCAG-1",18.6621409934379
"TCCACACGTAGCCTAT-1",0
"TCCACACGTCATCGGC-1",10.0877549649845
"TCCACACGTGACCAAG-1",11.1193613781053
"TCCACACGTGCGAAAC-1",0
"TCCACACTCAACACCA-1",0
"TCCACACTCCAGTATG-1",0
"TCCACACTCCCATTTA-1",0
"TCCACACTCGAACTGT-1",0
"TCCCGATAGAAGAAGC-1",0
"TCCCGATAGCACAGGT-1",11.3660063426777
"TCCCGATAGCCGGTAA-1",10.8198975831177
"TCCCGATCAAGGTTCT-1",9.91688853095003
"TCCCGATCAGCCAATT-1",0
"TCCCGATCATCCAACA-1",11.9532469918762
"TCCCGATGTAAGGATT-1",10.8050152356107
"TCCCGATGTCAATACC-1",0
"TCCCGATTCAGAAATG-1",16.1634993779874
"TCCCGATTCAGTCCCT-1",0
"TCCCGATTCATCTGTT-1",0
"TCCCGATTCCCTAATT-1",10.804330141504
"TCCCGATTCTGGAGCC-1",0
"TCGAGGCAGCGATGAC-1",14.1224130500224
"TCGAGGCAGTGTTTGC-1",10.5439093586852
"TCGAGGCCAAAGAATC-1",15.8458343533274
"TCGAGGCCAAGTTCTG-1",0
"TCGAGGCCAGTAACGG-1",0
"TCGAGGCGTATATCCG-1",0
"TCGAGGCTCGCAAGCC-1",0
"TCGAGGCTCTTGAGAC-1",0
"TCGAGGCTCTTTCCTC-1",10.5702275366274
"TCGCGAGAGACAAAGG-1",0
"TCGCGAGAGTGAATTG-1",0
"TCGCGAGCAAGCGTAG-1",0
"TCGCGAGCACCGAATT-1",14.925481651751
"TCGCGAGCAGTAAGAT-1",17.7339172042669
"TCGCGAGTCCACGAAT-1",10.804330141504
"TCGCGAGTCTAGCACA-1",0
"TCGCGAGTCTCTAGGA-1",0
"TCGCGAGTCTTCATGT-1",0
"TCGCGTTAGTGGGCTA-1",10.5135723727489
"TCGCGTTCACAGGCCT-1",0
"TCGCGTTCATCACAAC-1",0
"TCGCGTTCATCTCGCT-1",0
"TCGCGTTGTTCACCTC-1",10.5439093586852
"TCGCGTTTCAAGATCC-1",10.716512650925
"TCGCGTTTCAGGTAAA-1",20.3158578185598
"TCGCGTTTCATTCACT-1",10.0816754704049
"TCGCGTTTCCTGTACC-1",12.1799696693265
"TCGCGTTTCGCCCTTA-1",0
"TCGGGACCACACATGT-1",0
"TCGGGACTCCTTGCCA-1",0
"TCGGGACTCTGCGGCA-1",10.3132573933985
"TCGGGACTCTTGTCAT-1",12.8537726384815
"TCGGTAAAGACAGGCT-1",0
"TCGGTAAAGCTCAACT-1",17.4116586172492
"TCGGTAACAAGCTGAG-1",0
"TCGGTAACAGGAATGC-1",13.1765378699137
"TCGGTAAGTATATGGA-1",0
"TCGGTAAGTCTAGTCA-1",0
"TCGGTAATCCCGGATG-1",0
"TCGTACCAGCAGGCTA-1",12.9643521796265
"TCGTACCAGTTTCCTT-1",0
"TCGTACCGTTTGCATG-1",11.0167458119893
"TCGTACCTCGGGAGTA-1",16.6659603794313
"TCGTAGAAGCTAACTC-1",0
"TCGTAGAAGGCGACAT-1",13.3051751779938
"TCGTAGAAGGGAACGG-1",0
"TCGTAGAAGTCCATAC-1",0
"TCGTAGACAATCCAAC-1",0
"TCGTAGACACTCAGGC-1",0
"TCGTAGAGTATGAATG-1",0
"TCGTAGAGTGAGCGAT-1",0
"TCGTAGAGTGTGTGCC-1",13.3433074438018
"TCGTAGAGTTCAACCA-1",11.6215938887648
"TCGTAGAGTTCCATGA-1",18.6744636983206
"TCGTAGATCCAAGCCG-1",0
"TCGTAGATCTTAGCCC-1",10.5529891618544
"TCTATTGAGCGATTCT-1",0
"TCTATTGAGTGCCATT-1",10.0352575549111
"TCTATTGCACATCTTT-1",0
"TCTATTGGTAAGTGTA-1",0
"TCTATTGGTCCAACTA-1",10.7662859750227
"TCTATTGGTCTGCCAG-1",0
"TCTATTGGTTGCTCCT-1",0
"TCTATTGTCGGCGCTA-1",0
"TCTCATAAGCTAAACA-1",0
"TCTCATAAGCTAGTCT-1",0
"TCTCATAAGTGCCATT-1",12.1436262889453
"TCTCATAGTACCGGCT-1",0
"TCTCATAGTGTAAGTA-1",0
"TCTCATATCAAGCCTA-1",0
"TCTCATATCACCTTAT-1",15.4906624156718
"TCTCATATCCTGTACC-1",0
"TCTCTAAAGACCGGAT-1",0
"TCTCTAAAGGGTGTTG-1",0
"TCTCTAACAGCCTATA-1",0
"TCTCTAAGTCCAGTAT-1",0
"TCTCTAAGTCCATGAT-1",0
"TCTCTAAGTCTCATCC-1",18.0176302463876
"TCTCTAAGTGGAAAGA-1",12.9048103056512
"TCTCTAATCAAACCAC-1",0
"TCTCTAATCACAGGCC-1",0
"TCTCTAATCACATACG-1",0
"TCTCTAATCCGTAGGC-1",11.5929439061664
"TCTCTAATCGTATCAG-1",15.9573435598427
"TCTGAGACAAACCTAC-1",14.5941440030241
"TCTGAGACAGAGTGTG-1",0
"TCTGAGAGTAAGGGAA-1",0
"TCTGAGATCCTTGACC-1",0
"TCTGAGATCTATCCTA-1",0
"TCTGGAAAGCGATGAC-1",0
"TCTGGAAAGCTCTCGG-1",0
"TCTGGAAAGGAGCGAG-1",0
"TCTGGAACACAAGACG-1",11.6538140720531
"TCTGGAACACACTGCG-1",0
"TCTGGAACACTTCTGC-1",14.8010738365917
"TCTGGAAGTGAGTATA-1",10.7885674782718
"TCTTCGGAGGTTCCTA-1",10.0877549649845
"TCTTCGGAGTTCGATC-1",12.1436262889453
"TCTTCGGCAAAGCAAT-1",0
"TCTTCGGCAAAGGTGC-1",0
"TCTTCGGCAATAGCAA-1",0
"TCTTCGGCAATGTAAG-1",0
"TCTTCGGCACACCGAC-1",0
"TCTTCGGCAGCCAATT-1",15.123205703964
"TCTTCGGGTCATTAGC-1",14.680890155262
"TCTTCGGTCGTAGGTT-1",12.1436262889453
"TCTTCGGTCTCTAAGG-1",0
"TCTTTCCAGAGAGCTC-1",15.4906624156718
"TCTTTCCAGTCATCCA-1",0
"TCTTTCCCATCTCCCA-1",10.0426037096857
"TCTTTCCGTAATCACC-1",15.8458343533274
"TCTTTCCGTAGTACCT-1",0
"TCTTTCCTCACAACGT-1",0
"TCTTTCCTCAGCTGGC-1",23.6298697141753
"TCTTTCCTCCAAGTAC-1",0
"TCTTTCCTCCTCGCAT-1",12.7644512500745
"TGAAAGAAGCTAAGAT-1",0
"TGAAAGACAAGCCGTC-1",0
"TGAAAGACACATTCGA-1",11.3496221224258
"TGAAAGACATGAGCGA-1",0
"TGAAAGAGTCTAGCGC-1",0
"TGAAAGAGTCTCATCC-1",18.8729923807173
"TGAAAGATCCCGACTT-1",0
"TGAAAGATCTATGTGG-1",0
"TGACAACCAAGCGAGT-1",0
"TGACAACGTAGGGACT-1",0
"TGACAACGTGCGCTTG-1",0
"TGACAACGTGGTTTCA-1",0
"TGACAACTCACAAACC-1",0
"TGACAACTCCACGTGG-1",0
"TGACAACTCGAATGCT-1",0
"TGACGGCAGCGCCTCA-1",10.5439093586852
"TGACGGCAGGCTCAGA-1",0
"TGACGGCAGTCAAGCG-1",0
"TGACGGCCACAGACTT-1",0
"TGACGGCGTCATCCCT-1",0
"TGACGGCTCAGGCGAA-1",0
"TGACGGCTCCACTGGG-1",0
"TGACTAGAGACCCACC-1",0
"TGACTAGAGGGCATGT-1",15.3897434330127
"TGACTAGAGTCTCAAC-1",13.2808462425
"TGACTAGAGTTGAGAT-1",0
"TGACTAGCAGCATACT-1",14.4183952237888
"TGACTAGCAGTCAGAG-1",25.5321644284158
"TGACTAGCATTTCACT-1",0
"TGACTAGGTAAATACG-1",11.0496554996103
"TGACTAGGTGAAAGAG-1",11.1193613781053
"TGACTAGGTGCAGTAG-1",10.307738927198
"TGACTAGTCATGCATG-1",16.5596616340485
"TGACTAGTCCATGCTC-1",14.11086945517
"TGACTAGTCTGTTGAG-1",12.1799696693265
"TGACTTTAGAACAATC-1",0
"TGACTTTAGTCTCGGC-1",19.0952159707913
"TGACTTTAGTTAGGTA-1",24.0276174655913
"TGACTTTCAGTCCTTC-1",0
"TGACTTTCATTATCTC-1",0
"TGACTTTGTCACACGC-1",11.7174201285024
"TGACTTTTCCTCAATT-1",0
"TGACTTTTCTGCCCTA-1",15.6688827967816
"TGAGAGGAGGCTCATT-1",16.9583279864047
"TGAGAGGCAAAGTCAA-1",11.3232125806274
"TGAGAGGCAAGCCATT-1",13.400102635873
"TGAGAGGCACCATGTA-1",15.0956078524389
"TGAGAGGGTCACTGGC-1",12.9364914338068
"TGAGAGGGTCTAAACC-1",0
"TGAGAGGTCGAACTGT-1",10.1142504975609
"TGAGAGGTCGCGTTTC-1",0
"TGAGAGGTCTGACCTC-1",0
"TGAGCATAGAAACGAG-1",0
"TGAGCATAGAAGCCCA-1",0
"TGAGCATAGATGTCGG-1",0
"TGAGCATAGGAATGGA-1",0
"TGAGCATCACCAGGCT-1",18.8729923807173
"TGAGCATCAGATGAGC-1",0
"TGAGCATCAGCGTAAG-1",0
"TGAGCATCAGCTGTAT-1",12.3938796473318
"TGAGCATGTGGCCCTA-1",0
"TGAGCATTCCACGTTC-1",17.4116586172492
"TGAGCATTCCGATATG-1",14.925481651751
"TGAGCATTCGGCCGAT-1",11.7996962392922
"TGAGCCGCATCGGGTC-1",14.925481651751
"TGAGCCGGTCGAACAG-1",10.3132573933985
"TGAGCCGGTGTAATGA-1",0
"TGAGCCGGTTGATTCG-1",0
"TGAGCCGTCATCTGCC-1",0
"TGAGCCGTCGTCACGG-1",0
"TGAGCCGTCTTGAGGT-1",15.2975706166231
"TGAGGGAAGAGACTAT-1",0
"TGAGGGAAGGAGTACC-1",0
"TGAGGGAAGTCATCCA-1",0
"TGAGGGAAGTCATGCT-1",0
"TGAGGGACACCAGTTA-1",0
"TGAGGGACATAAGACA-1",15.1275894013998
"TGAGGGAGTAAACGCG-1",16.5992753610155
"TGAGGGAGTTAGGGTG-1",13.4797145621525
"TGAGGGATCAACGGGA-1",0
"TGAGGGATCTAGCACA-1",0
"TGAGGGATCTCTTATG-1",0
"TGATTTCCATCCGGGT-1",0
"TGATTTCGTAGGCATG-1",0
"TGATTTCGTTAAGACA-1",0
"TGATTTCTCTGATTCT-1",0
"TGCACCTAGACCTTTG-1",13.0491119633582
"TGCACCTAGGACGAAA-1",0
"TGCACCTCAAGTTGTC-1",0
"TGCACCTCAATAGAGT-1",13.706428524098
"TGCACCTCATCCGGGT-1",10.0816754704049
"TGCACCTGTAATCACC-1",0
"TGCACCTGTCACACGC-1",0
"TGCACCTTCACGGTTA-1",0
"TGCACCTTCATCGGAT-1",0
"TGCACCTTCCGCGGTA-1",0
"TGCACCTTCGAACTGT-1",12.2618244582812
"TGCACCTTCTCTTGAT-1",0
"TGCCAAACAATGTAAG-1",0
"TGCCAAACAATTCCTT-1",12.0408647370736
"TGCCAAAGTTCGCGAC-1",0
"TGCCAAATCCAAACTG-1",14.5941440030241
"TGCCAAATCCCTGACT-1",0
"TGCCAAATCGGCGGTT-1",0
"TGCCCATAGACTAGGC-1",19.444494513849
"TGCCCATAGCGTCAAG-1",17.4046776606236
"TGCCCATAGCGTGAAC-1",10.2869826322511
"TGCCCATAGCTGTTCA-1",0
"TGCCCATAGGATGGAA-1",0
"TGCCCATAGTACGCCC-1",0
"TGCCCATAGTTGAGTA-1",0
"TGCCCATCACCAGGTC-1",21.5485623799911
"TGCCCATCACGAAATA-1",11.6215938887648
"TGCCCATCAGGACGTA-1",11.6977380402096
"TGCCCATCATGGAATA-1",16.3499148528998
"TGCCCATCATGGATGG-1",11.7174201285024
"TGCCCATGTAGCCTCG-1",25.6546595954107
"TGCCCATTCAAACCGT-1",14.9441814730929
"TGCCCATTCAGGCCCA-1",0
"TGCCCATTCCTTCAAT-1",22.0794875537568
"TGCCCATTCGGAAATA-1",0
"TGCCCTAAGGTCGGAT-1",0
"TGCCCTAAGGTTCCTA-1",0
"TGCCCTACACCACCAG-1",15.123205703964
"TGCCCTACAGCCACCA-1",0
"TGCCCTACAGTGAGTG-1",0
"TGCCCTAGTCCGAGTC-1",15.6603869096529
"TGCCCTAGTGGTTTCA-1",13.5671087877191
"TGCCCTAGTTTCGCTC-1",0
"TGCCCTATCGACGGAA-1",17.0260744781001
"TGCCCTATCTTCGGTC-1",13.6351289580721
"TGCGCAGAGACTAGGC-1",10.307738927198
"TGCGCAGAGCACACAG-1",0
"TGCGCAGAGCGTCTAT-1",0
"TGCGCAGAGGAGCGAG-1",14.3901746281934
"TGCGCAGCAAACGTGG-1",10.9731070195926
"TGCGCAGCAGCTCGCA-1",0
"TGCGCAGCAGTAGAGC-1",0
"TGCGCAGTCCTACAGA-1",0
"TGCGGGTAGAGACTTA-1",0
"TGCGGGTAGATCGATA-1",10.0877549649845
"TGCGGGTAGCTCTCGG-1",0
"TGCGGGTAGGTGTGGT-1",14.2272740736332
"TGCGGGTAGTACTTGC-1",0
"TGCGGGTCAATGGAAT-1",13.1505173073781
"TGCGGGTCACACGCTG-1",11.5929439061664
"TGCGGGTCATTGGGCC-1",0
"TGCGGGTGTAGAAAGG-1",16.5596616340485
"TGCGGGTGTCACCTAA-1",0
"TGCGGGTGTCAGATAA-1",10.6165743219483
"TGCGGGTGTTAGAACA-1",20.3158578185598
"TGCGGGTTCAGTTCGA-1",0
"TGCGGGTTCGTAGATC-1",12.3407137740967
"TGCGGGTTCTCTTGAT-1",25.6546595954107
"TGCGTGGAGACGCAAC-1",0
"TGCGTGGAGACTGGGT-1",0
"TGCGTGGCAATTCCTT-1",10.0366790809858
"TGCGTGGGTGCACCAC-1",13.400102635873
"TGCGTGGTCCGCGCAA-1",0
"TGCGTGGTCGCCCTTA-1",11.4320641624866
"TGCGTGGTCTGGCGAC-1",13.8703662899822
"TGCTACCAGAAAGTGG-1",18.8468756139109
"TGCTACCAGATGGCGT-1",0
"TGCTACCAGCAAATCA-1",14.545474889607
"TGCTACCAGTCCGTAT-1",0
"TGCTACCCAAGAGGCT-1",0
"TGCTACCCACTTAACG-1",18.5465126374895
"TGCTACCCATCGTCGG-1",14.5122587453464
"TGCTACCCATGGTTGT-1",11.9845424259338
"TGCTACCGTGTGACGA-1",0
"TGCTACCTCCTCGCAT-1",0
"TGCTACCTCTTCTGGC-1",0
"TGCTGCTAGACTAAGT-1",12.8896446861517
"TGCTGCTAGGTGATAT-1",0
"TGCTGCTCAATAGAGT-1",0
"TGCTGCTCACAGACAG-1",0
"TGCTGCTCATCCCATC-1",0
"TGCTGCTCATGGTTGT-1",16.5992753610155
"TGCTGCTGTCATACTG-1",0
"TGCTGCTGTGAAGGCT-1",0
"TGCTGCTTCATTGCGA-1",11.3306276050583
"TGGACGCAGAGGTACC-1",21.5485623799911
"TGGACGCAGTCAAGGC-1",0
"TGGACGCCACAGAGGT-1",0
"TGGACGCCATGGTAGG-1",0
"TGGACGCGTCCGAACC-1",10.8216059696858
"TGGACGCGTCTCCCTA-1",19.0952159707913
"TGGCCAGAGAAGGTGA-1",10.5439093586852
"TGGCCAGAGAGTACAT-1",0
"TGGCCAGAGGCGATAC-1",0
"TGGCCAGAGGCGTACA-1",0
"TGGCCAGCAACTGCGC-1",0
"TGGCCAGCACGACTCG-1",10.3510778050021
"TGGCCAGGTCAATACC-1",11.0167458119893
"TGGCCAGTCGTAGATC-1",11.0496554996103
"TGGCCAGTCTATCCCG-1",10.6013130915856
"TGGCGCAAGCTACCTA-1",0
"TGGCGCAAGCTATGCT-1",0
"TGGCGCAAGTGTGGCA-1",13.0491119633582
"TGGCGCAAGTTACCCA-1",15.2861118347075
"TGGCGCACACAGGCCT-1",17.5723528229248
"TGGCGCACACGGATAG-1",11.3232125806274
"TGGCGCACAGCGATCC-1",16.3532692920527
"TGGCGCACATAGGATA-1",11.643158980624
"TGGCGCAGTACTCTCC-1",13.3051751779938
"TGGCGCAGTGGACGAT-1",18.6744636983206
"TGGCGCAGTTATGTGC-1",10.0426037096857
"TGGCGCATCAAGAAGT-1",11.0167458119893
"TGGCGCATCATGCTCC-1",24.2177226986786
"TGGCGCATCATGTGGT-1",12.552586327114
"TGGCGCATCATTATCC-1",9.90165347458233
"TGGCGCATCGTGGTCG-1",0
"TGGCTGGAGCGGATCA-1",13.1765378699137
"TGGCTGGAGTGCAAGC-1",10.6477799456062
"TGGCTGGCAAGTTAAG-1",25.5203267824534
"TGGCTGGCACGGATAG-1",0
"TGGCTGGCAGGAACGT-1",9.88509247844716
"TGGCTGGGTCGAGTTT-1",0
"TGGCTGGGTCGGCATC-1",0
"TGGCTGGGTCTAGCCG-1",0
"TGGCTGGGTTACGCGC-1",0
"TGGCTGGGTTGGACCC-1",25.5321644284158
"TGGCTGGTCTCGTTTA-1",0
"TGGGAAGAGATATACG-1",23.4806321028551
"TGGGAAGAGCCCAATT-1",14.7216381091655
"TGGGAAGAGCGCTCCA-1",0
"TGGGAAGAGGGCTTCC-1",10.8820613406443
"TGGGAAGAGTAAGTAC-1",18.6744636983206
"TGGGAAGAGTTAACGA-1",0
"TGGGAAGCAAGGTGTG-1",19.1800025039697
"TGGGAAGCAGATCCAT-1",19.444494513849
"TGGGAAGCAGCGAACA-1",11.3660063426777
"TGGGAAGGTAAGTTCC-1",0
"TGGGAAGGTTAGATGA-1",19.0952159707913
"TGGGAAGGTTATTCTC-1",13.3051751779938
"TGGGAAGTCCCAAGAT-1",0
"TGGGAAGTCCTTCAAT-1",0
"TGGGAAGTCGTGGACC-1",0
"TGGGAAGTCTCCTATA-1",11.6930906845041
"TGGGCGTAGTCTCCTC-1",15.4637011334471
"TGGGCGTCAGACGTAG-1",0
"TGGGCGTCAGGGATTG-1",12.7644512500745
"TGGGCGTGTCCAAGTT-1",0
"TGGGCGTGTCTAGAGG-1",15.3897434330127
"TGGGCGTGTGGCTCCA-1",0
"TGGGCGTGTTTCGCTC-1",0
"TGGGCGTTCAGCTTAG-1",13.5671087877191
"TGGTTAGAGCTACCTA-1",0
"TGGTTAGAGTTAGGTA-1",0
"TGGTTAGGTGATGATA-1",9.97672300686213
"TGGTTAGGTTCACGGC-1",10.3132573933985
"TGGTTAGTCCCGACTT-1",0
"TGGTTAGTCTTGTATC-1",0
"TGGTTCCAGCCGTCGT-1",0
"TGGTTCCAGTAATCCC-1",12.4783959454212
"TGGTTCCCAAGTTGTC-1",12.5835451020823
"TGGTTCCCAGACAAAT-1",0
"TGGTTCCCAGACAGGT-1",0
"TGGTTCCCAGCTCGAC-1",0
"TGGTTCCCATGTCCTC-1",0
"TGGTTCCCATTTCACT-1",14.7571157852961
"TGGTTCCGTCCAAGTT-1",0
"TGGTTCCTCACATACG-1",0
"TGGTTCCTCAGCTTAG-1",0
"TGGTTCCTCTAACTTC-1",0
"TGGTTCCTCTAGAGTC-1",0
"TGGTTCCTCTGGGCCA-1",0
"TGTATTCAGCCCGAAA-1",0
"TGTATTCAGCGATCCC-1",17.1764381078726
"TGTATTCCAGGGCATA-1",13.400102635873
"TGTATTCGTAAGAGAG-1",0
"TGTATTCGTTTGTTTC-1",0
"TGTATTCTCAGCATGT-1",0
"TGTATTCTCATCTGTT-1",13.2808462425
"TGTCCCAAGCAGATCG-1",18.6744636983206
"TGTCCCAAGCTAGTTC-1",25.5321644284158
"TGTCCCAAGCTGAACG-1",11.2821347115497
"TGTCCCAAGTTGTCGT-1",18.8468756139109
"TGTCCCACAGTAAGCG-1",0
"TGTCCCACATCACGTA-1",10.366377009322
"TGTCCCAGTAAGAGGA-1",0
"TGTCCCAGTAAGTGGC-1",0
"TGTCCCAGTCGGATCC-1",12.5090696730915
"TGTCCCATCATTTGGG-1",0
"TGTCCCATCTGCAAGT-1",0
"TGTCCCATCTGCGTAA-1",0
"TGTGGTAGTCCCGACA-1",10.0366790809858
"TGTGGTAGTGTGAAAT-1",0
"TGTGGTAGTGTGACGA-1",0
"TGTGGTATCCAGGGCT-1",0
"TGTGGTATCTTGCATT-1",0
"TGTGTTTAGAGGTTAT-1",11.6930906845041
"TGTGTTTAGCGTGAGT-1",0
"TGTGTTTAGTGCGTGA-1",0
"TGTGTTTCATGCGCAC-1",0
"TGTGTTTTCTCATTCA-1",11.170966075015
"TGTGTTTTCTTTCCTC-1",9.90165347458233
"TGTTCCGAGAGCAATT-1",0
"TGTTCCGAGCAACGGT-1",12.8583150815298
"TGTTCCGAGGAATTAC-1",0
"TGTTCCGAGGACTGGT-1",13.400102635873
"TGTTCCGCAGTGAGTG-1",0
"TGTTCCGGTGAGTATA-1",11.3232125806274
"TGTTCCGTCAAGCCTA-1",15.123205703964
"TGTTCCGTCAGTTCGA-1",14.3246880024408
"TGTTCCGTCGGCGGTT-1",0
"TGTTCCGTCTGAAAGA-1",10.1770277111941
"TGTTCCGTCTGGTATG-1",0
"TTAACTCAGTGTACGG-1",13.0014921160348
"TTAACTCCAAGCGCTC-1",0
"TTAACTCCAGGCAGTA-1",11.5223105208242
"TTAACTCGTTCCACAA-1",13.3224220532208
"TTAACTCTCATAAAGG-1",12.8537726384815
"TTAACTCTCCCTCAGT-1",0
"TTAGGACAGCAGGCTA-1",13.6046795394932
"TTAGGACAGCTCTCGG-1",16.7858191547128
"TTAGGACCAAGCCATT-1",0
"TTAGGACCAGTCAGAG-1",0
"TTAGGACGTTTGTTTC-1",11.4320641624866
"TTAGGCAAGAAGATTC-1",14.925481651751
"TTAGGCAAGAGCCCAA-1",20.5106104354435
"TTAGGCAAGAGTGACC-1",0
"TTAGGCAAGGTTCCTA-1",14.3886008798643
"TTAGGCAAGTCGTTTG-1",18.1883732947393
"TTAGGCAAGTGTACCT-1",0
"TTAGGCACAGACGCTC-1",0
"TTAGGCACATGTTCCC-1",21.5485623799911
"TTAGGCAGTAAGGATT-1",0
"TTAGGCAGTAAGTAGT-1",18.0514386499546
"TTAGGCAGTCTTGATG-1",9.9937416168321
"TTAGGCATCACGCATA-1",14.624061803847
"TTAGGCATCAGTCAGT-1",0
"TTAGGCATCCAGTATG-1",0
"TTAGGCATCGTTACGA-1",0
"TTAGTTCAGGTGCAAC-1",0
"TTAGTTCCAATGTAAG-1",0
"TTAGTTCCATCCTTGC-1",0
"TTAGTTCGTAGCCTAT-1",10.365473626459
"TTAGTTCGTGCAGACA-1",0
"TTAGTTCGTGTCAATC-1",11.5712828972244
"TTAGTTCGTTGCCTCT-1",12.3854753314793
"TTAGTTCTCAGGCCCA-1",11.1193613781053
"TTAGTTCTCGCAGGCT-1",18.8729923807173
"TTAGTTCTCTACTATC-1",21.460532527488
"TTATGCTAGAATGTGT-1",19.4380234603355
"TTATGCTAGCACACAG-1",15.9289558465299
"TTATGCTAGCAGCCTC-1",16.3265450252479
"TTATGCTAGTCCCACG-1",10.5439093586852
"TTATGCTCAGCCAGAA-1",16.9373425069715
"TTATGCTCATACCATG-1",14.2272740736332
"TTATGCTCATGTAGTC-1",0
"TTATGCTGTCCGAGTC-1",0
"TTATGCTTCGATAGAA-1",0
"TTCCCAGAGAATTCCC-1",0
"TTCCCAGAGACTAGAT-1",0
"TTCCCAGAGTATCGAA-1",15.6688827967816
"TTCCCAGCAGATGGGT-1",12.0148126265347
"TTCCCAGCATCAGTAC-1",0
"TTCCCAGCATCTCCCA-1",0
"TTCCCAGCATTACCTT-1",0
"TTCCCAGTCAACACTG-1",10.9386798905869
"TTCCCAGTCGAGAGCA-1",0
"TTCGAAGAGTCTCAAC-1",0
"TTCGAAGCAAGCGCTC-1",12.0094157353492
"TTCGAAGCACATTAGC-1",11.3232125806274
"TTCGAAGCACGGTGTC-1",0
"TTCGGTCAGAGGACGG-1",0
"TTCGGTCAGCACACAG-1",0
"TTCGGTCAGGCCCTCA-1",0
"TTCGGTCAGTGAATTG-1",11.3232125806274
"TTCGGTCAGTTGAGAT-1",12.7142482861552
"TTCGGTCCAAGGGTCA-1",18.5006796212246
"TTCGGTCCACGTCAGC-1",0
"TTCGGTCGTAACGTTC-1",10.5529891618544
"TTCGGTCGTAGAGTGC-1",0
"TTCGGTCGTTCATGGT-1",0
"TTCGGTCGTTCTGTTT-1",0
"TTCGGTCTCAAAGACA-1",0
"TTCGGTCTCCAGTATG-1",12.6468812358807
"TTCGGTCTCGCGTTTC-1",0
"TTCGGTCTCGTCTGAA-1",14.1019245568185
"TTCTACAAGACTAAGT-1",13.5665388660983
"TTCTACAAGCAGCCTC-1",0
"TTCTACAAGCCTTGAT-1",0
"TTCTACAAGGCAGGTT-1",0
"TTCTACAAGGTAAACT-1",0
"TTCTACAAGTTAGGTA-1",14.8010738365917
"TTCTACACACGTGAGA-1",11.909193656886
"TTCTACACAGCTGTTA-1",0
"TTCTACACATCGATTG-1",0
"TTCTACACATTACGAC-1",0
"TTCTACAGTACCGTTA-1",20.2407929049132
"TTCTACAGTATATGAG-1",0
"TTCTACAGTGGCTCCA-1",11.5223105208242
"TTCTACATCAACGGGA-1",0
"TTCTACATCCGCGTTT-1",0
"TTCTCAAAGAAAGTGG-1",13.3433074438018
"TTCTCAAAGAATCTCC-1",12.7142482861552
"TTCTCAAAGAGGTTAT-1",0
"TTCTCAAAGCAGCCTC-1",13.8703662899822
"TTCTCAAAGCCGCCTA-1",16.3924145392929
"TTCTCAAAGTCAATAG-1",0
"TTCTCAAAGTTGAGAT-1",16.5992753610155
"TTCTCAACACCCAGTG-1",11.3660063426777
"TTCTCAACATTGTGCA-1",11.3267930936442
"TTCTCAAGTATAAACG-1",14.8205826731138
"TTCTCAAGTCCCTTGT-1",11.1139190496347
"TTCTCAAGTCGAGATG-1",0
"TTCTCAATCATCGCTC-1",13.0491119633582
"TTCTCAATCCCTAACC-1",15.123205703964
"TTCTCAATCGTAGGAG-1",0
"TTCTCCTAGAGTAAGG-1",10.5957140744221
"TTCTCCTAGCGACGTA-1",0
"TTCTCCTAGCGTGAGT-1",14.8010738365917
"TTCTCCTAGTCTCGGC-1",0
"TTCTCCTCAACACGCC-1",13.400102635873
"TTCTCCTCAATAACGA-1",15.9268036455679
"TTCTCCTGTTAAGAAC-1",11.6215938887648
"TTCTCCTTCAGTTCGA-1",11.5929439061664
"TTCTCCTTCCGTAGGC-1",16.5992753610155
"TTCTCCTTCCTTTCTC-1",15.7242527004816
"TTCTCCTTCTGCAAGT-1",0
"TTCTCCTTCTTCAACT-1",0
"TTCTCCTTCTTGTACT-1",0
"TTCTTAGAGGACTGGT-1",0
"TTCTTAGCAAGGTGTG-1",10.6949655509139
"TTCTTAGCATCGGAAG-1",10.5580838138903
"TTCTTAGGTAGAAGGA-1",0
"TTCTTAGGTCATATGC-1",0
"TTCTTAGTCAGTTCGA-1",10.6746392879797
"TTGAACGGTCACTTCC-1",13.5836605268942
"TTGAACGTCATGTCCC-1",15.8888078182564
"TTGACTTAGCCACGTC-1",0
"TTGACTTAGCGACGTA-1",0
"TTGACTTAGTTAACGA-1",0
"TTGACTTCACTTACGA-1",16.5596616340485
"TTGACTTGTCTCTCTG-1",19.0952159707913
"TTGACTTGTGCGATAG-1",15.6688827967816
"TTGACTTTCCAGAGGA-1",0
"TTGACTTTCTGTCCGT-1",0
"TTGCCGTAGGAGCGTT-1",9.91688853095003
"TTGCCGTAGGTGGGTT-1",9.90165347458233
"TTGCCGTCATGGTCAT-1",0
"TTGCGTCAGACAGAGA-1",0
"TTGCGTCAGCTCCTTC-1",9.88509247844716
"TTGCGTCAGTCCATAC-1",17.4116586172492
"TTGCGTCAGTGAATTG-1",0
"TTGCGTCCAAATTGCC-1",0
"TTGCGTCCACTGTGTA-1",9.9937416168321
"TTGCGTCCAGTCACTA-1",0
"TTGCGTCGTCTGATTG-1",11.1193613781053
"TTGGAACAGCCCAATT-1",18.5006796212246
"TTGGAACAGCGTCTAT-1",17.4682588769106
"TTGGAACAGGCGTACA-1",0
"TTGGAACGTATTACCG-1",12.552586327114
"TTGGAACTCCCATTAT-1",23.4065527498619
"TTGGAACTCCGTAGTA-1",13.3804169148562
"TTGGAACTCGTCCAGG-1",0
"TTGGCAAAGTTAGGTA-1",14.807852213877
"TTGGCAAGTATAGGTA-1",0
"TTGGCAATCACATGCA-1",0
"TTGGCAATCAGAGCTT-1",0
"TTGGCAATCGCATGAT-1",0
"TTGGCAATCTAGAGTC-1",12.0148126265347
"TTGTAGGAGGTGCTAG-1",16.3265450252479
"TTGTAGGCACACGCTG-1",0
"TTGTAGGGTCTCCCTA-1",15.4637011334471
"TTGTAGGGTGGTAACG-1",11.5929439061664
"TTGTAGGTCGGCGCTA-1",0
"TTGTAGGTCTGCCAGG-1",12.1436262889453
"TTTACTGAGATCACGG-1",0
"TTTACTGCAAAGCAAT-1",0
"TTTACTGCACATGGGA-1",10.716512650925
"TTTACTGCACCACGTG-1",21.5485623799911
"TTTACTGCATGGGACA-1",0
"TTTACTGCATGTCCTC-1",0
"TTTACTGGTAACGTTC-1",0
"TTTACTGGTGGTGTAG-1",10.8613423481796
"TTTACTGGTTCGCTAA-1",9.91688853095003
"TTTACTGTCTGGAGCC-1",13.6381910513349
"TTTATGCAGACTGTAA-1",17.8337043476518
"TTTATGCAGATGCGAC-1",0
"TTTATGCAGGCAAAGA-1",12.3938796473318
"TTTATGCAGGCCCGTT-1",11.8517057851527
"TTTATGCAGTTCCACA-1",0
"TTTATGCCAAACGCGA-1",13.6452718965395
"TTTATGCCAATCTGCA-1",0
"TTTATGCCACAGGTTT-1",0
"TTTATGCCAGCCAATT-1",0
"TTTATGCCAGGTCGTC-1",13.6381910513349
"TTTATGCCATGGTCAT-1",0
"TTTATGCTCACATAGC-1",15.884022393909
"TTTATGCTCACCTTAT-1",11.4357785236038
"TTTATGCTCGGCGGTT-1",0
"TTTATGCTCTCGCTTG-1",0
"TTTCCTCAGCGTGAAC-1",0
"TTTCCTCAGGACTGGT-1",0
"TTTCCTCCAAAGTGCG-1",0
"TTTCCTCCAGGAATGC-1",0
"TTTCCTCCATTAGCCA-1",0
"TTTCCTCGTCCGAAGA-1",0
"TTTCCTCGTCGCTTTC-1",10.5529891618544
"TTTCCTCTCGGCCGAT-1",0
"TTTCCTCTCGTGTAGT-1",0
"TTTGCGCAGCTAAACA-1",13.3804169148562
"TTTGCGCAGCTAGTCT-1",0
"TTTGCGCAGGCCGAAT-1",12.3729395931367
"TTTGCGCAGTCAAGGC-1",0
"TTTGCGCCAAGTAGTA-1",0
"TTTGCGCCAGGTGCCT-1",14.3246880024408
"TTTGCGCGTCTAAACC-1",0
"TTTGCGCTCAAAGTAG-1",15.3897434330127
"TTTGCGCTCATGTAGC-1",0
"TTTGGTTAGAATGTGT-1",0
"TTTGGTTAGACAATAC-1",18.5006796212246
"TTTGGTTAGCGATTCT-1",10.0426037096857
"TTTGGTTAGGCTCAGA-1",0
"TTTGGTTAGTTACCCA-1",0
"TTTGGTTCAAACTGCT-1",18.8729923807173
"TTTGGTTCAAGCTGTT-1",11.7174201285024
"TTTGGTTCAGATCGGA-1",0
"TTTGGTTCATCACAAC-1",0
"TTTGGTTGTACTTCTT-1",18.8729923807173
"TTTGGTTGTATGCTTG-1",13.1765378699137
"TTTGGTTGTGCTTCTC-1",15.9779501181333
"TTTGGTTTCATGCTCC-1",18.2279058730614
"TTTGGTTTCCCTGACT-1",0
"TTTGTCAAGAGTCGGT-1",0
"TTTGTCACAAGTTCTG-1",15.1563645764067
"TTTGTCACAAGTTGTC-1",0
"TTTGTCATCACCTTAT-1",0
"TTTGTCATCCATTCTA-1",12.7644512500745
"TTTGTCATCCTTAATC-1",23.5731891282229
"TTTGTCATCTTATCTG-1",0
