"cell_barcode","expression"
"AAACCTGAGACAGAGA-1",3.63394662503067
"AAACCTGAGACTTTCG-1",3.36090262900973
"AAACCTGAGAGTAAGG-1",0
"AAACCTGAGAGTCGGT-1",3.71337021816531
"AAACCTGAGGATGGAA-1",0
"AAACCTGAGTAGATGT-1",7.44308459294429
"AAACCTGCAATCAGAA-1",4.07456080267245
"AAACCTGCACCGATAT-1",5.40577090740922
"AAACCTGCAGACGTAG-1",0
"AAACCTGCAGTATCTG-1",0
"AAACCTGCATAGTAAG-1",3.82726631193363
"AAACCTGCATGAACCT-1",4.97806143615827
"AAACCTGGTAAGAGGA-1",3.07737875168877
"AAACCTGGTCCAACTA-1",8.65669316341584
"AAACCTGTCCGTAGTA-1",6.3442027601302
"AAACCTGTCGAGAGCA-1",0
"AAACGGGAGTACGACG-1",0
"AAACGGGCAAGGTTTC-1",3.48613768725715
"AAACGGGCACGTCAGC-1",3.23033434271661
"AAACGGGCAGCGTTCG-1",3.23033434271661
"AAACGGGGTAGCCTCG-1",7.19172899174411
"AAACGGGGTCTACCTC-1",3.24958719833328
"AAACGGGGTGCGGTAA-1",0
"AAACGGGGTTGTCGCG-1",0
"AAACGGGTCCATGAGT-1",8.25828102952541
"AAACGGGTCCCAACGG-1",6.7200329681628
"AAACGGGTCCCATTAT-1",0
"AAAGATGCAGTCAGCC-1",0
"AAAGATGCATCTACGA-1",4.14217476756334
"AAAGCAAAGCGTCTAT-1",0
"AAAGCAACATGTCGAT-1",0
"AAAGCAAGTAGCTGCC-1",5.79032708121111
"AAAGCAAGTAGGCATG-1",0
"AAAGCAAGTGCGCTTG-1",0
"AAAGCAAGTTATTCTC-1",3.16902246555555
"AAAGCAATCCGTAGTA-1",0
"AAAGTAGAGATGTGTA-1",0
"AAAGTAGAGTGGGCTA-1",4.91931414000352
"AAAGTAGGTATATGGA-1",2.99554558259904
"AAAGTAGGTGAGCGAT-1",0
"AAAGTAGGTTGAGGTG-1",0
"AAATGCCAGCCCTAAT-1",0
"AAATGCCAGCGTGTCC-1",0
"AAATGCCCAACACCTA-1",0
"AAATGCCGTAGGAGTC-1",0
"AAATGCCGTCTTTCAT-1",4.14217476756334
"AAATGCCGTGGTCCGT-1",0
"AAATGCCGTTCCCGAG-1",0
"AAATGCCTCATAGCAC-1",0
"AAATGCCTCGCTTAGA-1",5.40577090740922
"AACACGTAGAATTCCC-1",5.94934828313439
"AACACGTAGCCCTAAT-1",0
"AACACGTAGGGTGTGT-1",0
"AACACGTCACTGTCGG-1",0
"AACACGTCATCCCATC-1",7.5711004432541
"AACACGTGTGCAACGA-1",3.17891738156185
"AACACGTGTGTCGCTG-1",4.96948509780359
"AACCATGAGCGCTTAT-1",5.79513774373713
"AACCATGGTCCGTTAA-1",5.79032708121111
"AACCATGTCAGTTCGA-1",4.42879657556174
"AACCATGTCATCGATG-1",3.38865512990788
"AACCATGTCCCAAGTA-1",4.42734888050004
"AACCGCGAGAAGCCCA-1",4.91931414000352
"AACCGCGAGACTGGGT-1",3.16902246555555
"AACCGCGAGAGGTACC-1",0
"AACCGCGAGTTAGGTA-1",0
"AACCGCGAGTTGCAGG-1",0
"AACCGCGCACGGTAGA-1",0
"AACCGCGCAGCATGAG-1",0
"AACCGCGCAGCCTGTG-1",0
"AACCGCGCAGCTGTGC-1",0
"AACCGCGCAGTATGCT-1",0
"AACCGCGGTACTTGAC-1",3.34501837119249
"AACCGCGGTCTGCAAT-1",0
"AACCGCGTCACATGCA-1",0
"AACCGCGTCACCGTAA-1",3.52898493339057
"AACCGCGTCCAGAGGA-1",3.59153278019591
"AACCGCGTCCGAAGAG-1",0
"AACGTTGAGCGATAGC-1",0
"AACGTTGAGCGATCCC-1",0
"AACGTTGAGCTTATCG-1",0
"AACGTTGCAAGTTGTC-1",0
"AACGTTGCAATAGAGT-1",8.65669316341584
"AACGTTGCAATGGATA-1",3.26301069034062
"AACGTTGCATGGATGG-1",0
"AACGTTGCATTCTCAT-1",0
"AACGTTGTCAACACGT-1",0
"AACGTTGTCGAGGTAG-1",0
"AACGTTGTCGGTCCGA-1",8.87311082277761
"AACTCAGAGAGCTATA-1",3.30069170945076
"AACTCAGAGAGTCGGT-1",3.48613768725715
"AACTCAGAGCCACCTG-1",4.89836354573954
"AACTCAGAGCCCAATT-1",8.25828102952541
"AACTCAGCAAACAACA-1",4.43408422725563
"AACTCAGCACAAGCCC-1",0
"AACTCAGCACGGTTTA-1",0
"AACTCAGCAGGATCGA-1",0
"AACTCAGCATAAAGGT-1",0
"AACTCAGGTTCCACAA-1",0
"AACTCAGTCGTACCGG-1",0
"AACTCCCAGCCCAGCT-1",3.07737875168877
"AACTCCCAGCTAAGAT-1",0
"AACTCCCCATGGTCTA-1",0
"AACTCCCGTTGCGCAC-1",0
"AACTCCCTCAAGAAGT-1",6.60109450917244
"AACTCCCTCAAGCCTA-1",5.71654333315511
"AACTCCCTCATCGCTC-1",0
"AACTCCCTCTGCAGTA-1",0
"AACTCCCTCTGGCGTG-1",0
"AACTCTTAGCAGACTG-1",0
"AACTCTTAGTCCGGTC-1",0
"AACTCTTCATGCTAGT-1",4.31229777061313
"AACTCTTGTCGAATCT-1",0
"AACTCTTGTCGGGTCT-1",0
"AACTCTTTCTCAAACG-1",7.06643413597138
"AACTCTTTCTCCAGGG-1",5.0008445295786
"AACTCTTTCTCTGCTG-1",0
"AACTGGTAGAAGATTC-1",0
"AACTGGTAGAGACTAT-1",4.75868317255882
"AACTGGTAGCCAACAG-1",3.71337021816531
"AACTGGTAGTGTACTC-1",0
"AACTGGTCACTGAAGG-1",5.94529193040039
"AACTGGTGTCCGAACC-1",0
"AACTGGTTCGGAGCAA-1",0
"AACTGGTTCGTGGGAA-1",0
"AACTGGTTCTGCTTGC-1",3.7067199280531
"AACTTTCAGCGTGAAC-1",0
"AACTTTCAGTATCTCG-1",3.82589784577743
"AACTTTCAGTTTCCTT-1",3.71444093712778
"AACTTTCCATCCTTGC-1",0
"AACTTTCGTCTAGAGG-1",3.30278234231719
"AACTTTCGTCTCTTTA-1",0
"AACTTTCGTTTGTTTC-1",0
"AAGACCTAGGGCTTCC-1",4.31229777061313
"AAGACCTAGTACACCT-1",3.82589784577743
"AAGACCTGTATATGAG-1",0
"AAGACCTGTATCAGTC-1",3.89719563517455
"AAGACCTGTCCGTGAC-1",0
"AAGACCTGTCGAAAGC-1",0
"AAGACCTTCGCCATAA-1",0
"AAGCCGCAGATCTGAA-1",0
"AAGCCGCAGGGTGTTG-1",5.79032708121111
"AAGCCGCAGTGGACGT-1",0
"AAGCCGCAGTGTACTC-1",0
"AAGCCGCCACGCTTTC-1",0
"AAGCCGCCAGGACGTA-1",0
"AAGCCGCGTACAGTTC-1",0
"AAGCCGCGTCATTAGC-1",0
"AAGCCGCTCACGAAGG-1",0
"AAGCCGCTCAGTTAGC-1",0
"AAGCCGCTCGCAAACT-1",0
"AAGCCGCTCGTCGTTC-1",3.12141575970157
"AAGCCGCTCTTACCGC-1",0
"AAGGAGCAGAAACCGC-1",0
"AAGGAGCAGGCATGTG-1",3.14302551765067
"AAGGAGCAGGCGCTCT-1",0
"AAGGAGCAGTTGAGTA-1",0
"AAGGAGCCACGGCGTT-1",3.77532904279992
"AAGGAGCGTCTGCAAT-1",0
"AAGGAGCTCGTCTGCT-1",0
"AAGGCAGAGAACTGTA-1",5.0008445295786
"AAGGCAGAGAGATGAG-1",0
"AAGGCAGAGGTGATAT-1",0
"AAGGCAGCATAGTAAG-1",5.05996067728484
"AAGGCAGGTACTTCTT-1",0
"AAGGCAGGTGTGCCTG-1",0
"AAGGCAGTCAGATAAG-1",8.25828102952541
"AAGGCAGTCGGAATCT-1",6.7200329681628
"AAGGTTCAGTATCTCG-1",0
"AAGGTTCCATCACGTA-1",6.90841392740781
"AAGGTTCGTATATGGA-1",0
"AAGGTTCGTCCGAATT-1",4.78515943423765
"AAGGTTCGTCGACTAT-1",9.67860995337247
"AAGGTTCGTGTGACCC-1",0
"AAGGTTCTCCGTCATC-1",0
"AAGGTTCTCCTCGCAT-1",0
"AAGGTTCTCTGCGGCA-1",3.28130333212077
"AAGTCTGAGCCATCGC-1",3.3001766669686
"AAGTCTGAGTCAAGCG-1",0
"AAGTCTGCAAAGGAAG-1",3.24958719833328
"AAGTCTGGTCAGCTAT-1",7.06643413597138
"AAGTCTGTCAAACAAG-1",0
"AAGTCTGTCACTGGGC-1",0
"AAGTCTGTCAGCAACT-1",0
"AATCCAGCAAAGTGCG-1",0
"AATCCAGCAGCATACT-1",0
"AATCCAGGTAGGCATG-1",4.89836354573954
"AATCCAGGTCTCCCTA-1",8.57064146880905
"AATCCAGTCCGAATGT-1",11.3502408212738
"AATCGGTAGGCATGGT-1",5.90486192038682
"AATCGGTTCCTGTACC-1",3.20338952942346
"AATCGGTTCGCCGTGA-1",3.10077076977449
"ACACCAAAGATGAGAG-1",0
"ACACCAAAGCCCTAAT-1",0
"ACACCAAAGGATGGTC-1",0
"ACACCAAAGTGTCCAT-1",5.78555933414891
"ACACCAACACTTCGAA-1",4.07456080267245
"ACACCAACAGACGCTC-1",6.88157940588483
"ACACCAACAGCCTATA-1",6.3442027601302
"ACACCAAGTCGCGTGT-1",0
"ACACCAAGTCTAAACC-1",4.43408422725563
"ACACCAAGTTATGTGC-1",0
"ACACCAATCGCGTTTC-1",0
"ACACCCTAGCCAGGAT-1",11.3502408212738
"ACACCCTAGTACTTGC-1",8.80894212097876
"ACACCCTCAAGCGCTC-1",3.30278234231719
"ACACCCTCATCACAAC-1",0
"ACACCCTCATGCCCGA-1",0
"ACACCCTGTCTGGTCG-1",4.4329108015309
"ACACCCTTCCGCAAGC-1",5.71604389659127
"ACACCCTTCCTTGCCA-1",3.12729548144537
"ACACCCTTCTATCCTA-1",3.13289730246286
"ACACCCTTCTGGCGTG-1",0
"ACACCGGAGGCTCAGA-1",0
"ACACCGGAGTGACATA-1",5.57059402185518
"ACACCGGAGTTACCCA-1",4.85563881070225
"ACACCGGCACCAGATT-1",5.0008445295786
"ACACCGGCACCGAAAG-1",0
"ACACCGGCATCACAAC-1",0
"ACACCGGTCCGCATAA-1",0
"ACACCGGTCTCGGACG-1",0
"ACACCGGTCTCTGTCG-1",4.72616257933774
"ACACTGAAGCACGCCT-1",0
"ACACTGAAGGTGATTA-1",0
"ACACTGACAATAGAGT-1",3.93322134067331
"ACACTGACAGACTCGC-1",9.53274098576348
"ACACTGACATCCAACA-1",0
"ACACTGAGTCCGAAGA-1",4.91984377050868
"ACACTGAGTGTTTGTG-1",3.12729548144537
"ACACTGAGTTTGACTG-1",4.80375508551582
"ACAGCCGAGGAATGGA-1",0
"ACAGCCGAGGCCCGTT-1",0
"ACAGCCGAGGTGCTTT-1",5.78555933414891
"ACAGCCGAGTGGTAGC-1",0
"ACAGCCGCATATACGC-1",0
"ACAGCCGCATGCAACT-1",3.01480226691621
"ACAGCCGGTAGGGTAC-1",0
"ACAGCCGGTCGAATCT-1",4.93820183196362
"ACAGCCGGTTCACCTC-1",0
"ACAGCCGGTTCCACTC-1",3.17891738156185
"ACAGCCGTCCAGAAGG-1",0
"ACAGCCGTCTTTACAC-1",0
"ACAGCTAAGCACCGCT-1",5.57059402185518
"ACAGCTAAGTATCTCG-1",0
"ACAGCTAAGTGTTGAA-1",0
"ACAGCTACATCGTCGG-1",3.42317793997695
"ACAGCTAGTCGACTAT-1",7.84848897232762
"ACAGCTAGTGGTACAG-1",4.43408422725563
"ACAGCTATCACCACCT-1",0
"ACAGCTATCTGCTTGC-1",0
"ACATACGAGAGCTTCT-1",0
"ACATACGAGCGTAGTG-1",4.93820183196362
"ACATACGAGCTTCGCG-1",0
"ACATACGAGCTTTGGT-1",0
"ACATACGCAAACGTGG-1",4.9888863329471
"ACATACGCAAGCCTAT-1",0
"ACATACGCATCTCCCA-1",0
"ACATACGCATTCTCAT-1",0
"ACATACGGTAGGAGTC-1",0
"ACATACGGTGCACCAC-1",0
"ACATACGGTGGTTTCA-1",7.54676744327112
"ACATACGTCGTATCAG-1",7.83571421516624
"ACATCAGAGCCACTAT-1",0
"ACATCAGAGCCTTGAT-1",0
"ACATCAGCAACACCCG-1",3.10077076977449
"ACATCAGCAACGATGG-1",5.78555933414891
"ACATCAGCAATTGCTG-1",4.8893587383517
"ACATCAGCACCGGAAA-1",2.95920501848745
"ACATCAGCATAAAGGT-1",0
"ACATCAGCATCCCACT-1",4.72616257933774
"ACATCAGCATTTGCCC-1",0
"ACATCAGGTAAGGATT-1",0
"ACATCAGGTCCGTGAC-1",0
"ACATCAGGTTAAGTAG-1",3.71337021816531
"ACATCAGTCAAACCGT-1",0
"ACATGGTAGCATGGCA-1",0
"ACATGGTAGCTGTTCA-1",0
"ACATGGTCACTTGGAT-1",5.82090401998546
"ACATGGTGTCAGATAA-1",0
"ACATGGTGTCTGCGGT-1",8.57064146880905
"ACATGGTGTGCAACTT-1",0
"ACATGGTTCCGCAAGC-1",0
"ACATGGTTCCTCCTAG-1",5.33762218628796
"ACATGGTTCTGGAGCC-1",9.67860995337247
"ACATGGTTCTTCTGGC-1",3.53963192512618
"ACCAGTAAGATCACGG-1",3.89719563517455
"ACCAGTAAGCTTCGCG-1",3.50320510890021
"ACCAGTACACAGATTC-1",0
"ACCAGTACACAGGCCT-1",0
"ACCAGTACAGTATGCT-1",0
"ACCAGTACAGTCAGAG-1",3.12141575970157
"ACCAGTACAGTTTACG-1",0
"ACCAGTAGTCACCCAG-1",5.71654333315511
"ACCAGTAGTCCATCCT-1",0
"ACCAGTAGTCTTCAAG-1",4.07456080267245
"ACCAGTAGTGGACGAT-1",4.99816095830979
"ACCAGTATCTGCGACG-1",0
"ACCAGTATCTGCTTGC-1",3.89719563517455
"ACCAGTATCTGTTTGT-1",0
"ACCCACTAGAGGTTAT-1",0
"ACCCACTAGATCCCGC-1",15.1749630779636
"ACCCACTAGATGTGTA-1",3.00311516096539
"ACCCACTAGCCCAATT-1",0
"ACCCACTCAAGGGTCA-1",0
"ACCCACTCAAGGTTCT-1",0
"ACCCACTGTAAATGAC-1",0
"ACCCACTGTAGCCTCG-1",0
"ACCCACTGTCAAAGAT-1",4.39763448974828
"ACCCACTGTCAATACC-1",0
"ACCCACTGTGTGGTTT-1",0
"ACCCACTTCGCAAACT-1",6.56255069240729
"ACCCACTTCTGCCAGG-1",0
"ACCGTAACAATCGGTT-1",0
"ACCGTAACAATCTACG-1",3.48613768725715
"ACCGTAACAGGTCCAC-1",6.59752977774582
"ACCGTAAGTACAGCAG-1",0
"ACCGTAAGTCATGCAT-1",4.97384001266869
"ACCGTAAGTGAGTGAC-1",0
"ACCGTAAGTTAAGAAC-1",3.48613768725715
"ACCGTAAGTTCCGTCT-1",0
"ACCGTAATCACATAGC-1",0
"ACCGTAATCATGTGGT-1",4.72616257933774
"ACCGTAATCTGAAAGA-1",0
"ACCTTTACAATCGGTT-1",3.81120665039898
"ACCTTTACACGGACAA-1",0
"ACCTTTACAGCAGTTT-1",0
"ACCTTTACATGCAACT-1",0
"ACCTTTACATTTCAGG-1",5.45661348069826
"ACCTTTAGTGAACCTT-1",0
"ACCTTTAGTTCCACTC-1",6.47474641975431
"ACCTTTATCTCTAGGA-1",0
"ACGAGCCAGGCAGGTT-1",4.89836354573954
"ACGAGCCCACAGGCCT-1",9.20042791921687
"ACGAGCCCATGGAATA-1",0
"ACGAGCCGTGCACGAA-1",8.09346926362173
"ACGAGCCGTGTGACCC-1",0
"ACGAGCCGTTGGTTTG-1",0
"ACGAGCCTCAGTCCCT-1",0
"ACGAGCCTCGCAAACT-1",9.72833117977742
"ACGAGGACACTACAGT-1",0
"ACGAGGACATGTAGTC-1",3.10077076977449
"ACGAGGAGTACACCGC-1",0
"ACGAGGAGTGCCTGCA-1",0
"ACGAGGAGTTCTGAAC-1",0
"ACGAGGATCTGCGGCA-1",5.71654333315511
"ACGATACAGAGTGACC-1",0
"ACGATACAGCGCCTTG-1",0
"ACGATACCACGTTGGC-1",0
"ACGATACCATTGGGCC-1",0
"ACGATACGTCGAATCT-1",3.56396316444604
"ACGATACTCTGACCTC-1",3.10077076977449
"ACGATGTAGTGCGATG-1",5.77272361347272
"ACGATGTAGTTGAGAT-1",3.7165810034959
"ACGATGTCAACGCACC-1",0
"ACGATGTCACACGCTG-1",0
"ACGATGTGTATTCTCT-1",4.3642083782655
"ACGATGTGTCAGTGGA-1",0
"ACGATGTGTGACTACT-1",0
"ACGATGTGTGTCGCTG-1",0
"ACGATGTTCGCGTAGC-1",5.33433830721081
"ACGATGTTCTCTTATG-1",0
"ACGCAGCAGCGGCTTC-1",0
"ACGCAGCAGCTGCGAA-1",4.33877319862658
"ACGCAGCAGTGTACGG-1",3.66688638123568
"ACGCAGCCACCTCGTT-1",0
"ACGCAGCCATCGACGC-1",4.80375508551582
"ACGCAGCCATTACCTT-1",5.11639277532069
"ACGCAGCGTCCATGAT-1",6.5277220619152
"ACGCAGCGTCTACCTC-1",0
"ACGCAGCGTCTGGTCG-1",0
"ACGCAGCGTGCGATAG-1",0
"ACGCCAGCAAAGCAAT-1",0
"ACGCCAGCAACGCACC-1",0
"ACGCCAGCACGAGAGT-1",3.59153278019591
"ACGCCAGCAGTGAGTG-1",0
"ACGCCAGGTGCACTTA-1",0
"ACGCCAGGTGTGCGTC-1",0
"ACGCCAGTCACAGGCC-1",3.28130333212077
"ACGCCAGTCAGTGTTG-1",3.24958719833328
"ACGCCGAAGAAACGCC-1",0
"ACGCCGAAGATCTGCT-1",9.20042791921687
"ACGCCGACAGCCTGTG-1",6.58177499163592
"ACGCCGAGTTCCAACA-1",0
"ACGCCGATCCTATGTT-1",0
"ACGCCGATCGCAGGCT-1",3.12141575970157
"ACGCCGATCTTGTATC-1",3.7067199280531
"ACGGAGAAGCCAGTTT-1",4.14217476756334
"ACGGAGACACACATGT-1",7.54676744327112
"ACGGAGACAGCCTGTG-1",0
"ACGGAGACAGCGTAAG-1",0
"ACGGAGACAGTAAGCG-1",0
"ACGGAGAGTGTGACGA-1",6.54456984438821
"ACGGAGATCCACGAAT-1",3.82589784577743
"ACGGCCACACATCCAA-1",5.17813153778311
"ACGGCCACACATTCGA-1",3.10077076977449
"ACGGCCAGTACCGTAT-1",0
"ACGGCCAGTGTATGGG-1",0
"ACGGCCATCACGGTTA-1",0
"ACGGCCATCAGTGTTG-1",0
"ACGGCCATCTACTATC-1",9.53274098576348
"ACGGGCTAGGATCGCA-1",0
"ACGGGCTAGGTTCCTA-1",4.26796184461806
"ACGGGCTAGTGGCACA-1",0
"ACGGGCTCATCTGGTA-1",3.89719563517455
"ACGGGCTGTGAGGCTA-1",0
"ACGGGCTTCCGAACGC-1",3.71337021816531
"ACGGGTCAGATGCCAG-1",0
"ACGGGTCCATGATCCA-1",0
"ACGGGTCCATTAGGCT-1",0
"ACGGGTCCATTTCACT-1",0
"ACGGGTCGTTAGGGTG-1",0
"ACGGGTCTCAACACCA-1",3.26301069034062
"ACGGGTCTCCACGCAG-1",6.64940502635271
"ACGTCAAAGGGCTTCC-1",0
"ACGTCAAAGTGGTAAT-1",3.16902246555555
"ACGTCAACAACTGCGC-1",0
"ACGTCAACACAAGACG-1",3.19506207061556
"ACGTCAAGTAGCTCCG-1",0
"ACGTCAAGTGTCGCTG-1",0
"ACGTCAAGTTATGCGT-1",0
"ACGTCAATCAACCAAC-1",0
"ACGTCAATCATAACCG-1",0
"ACGTCAATCCAGAAGG-1",4.78515943423765
"ACGTCAATCTAACTCT-1",4.50087381948307
"ACTATCTAGAGGTTAT-1",5.82090401998546
"ACTATCTAGATACACA-1",0
"ACTATCTAGGAGTAGA-1",5.45907999414123
"ACTATCTAGGCATGTG-1",7.58409822160001
"ACTATCTCAAATACAG-1",0
"ACTATCTCAAATTGCC-1",0
"ACTATCTGTAGGGACT-1",0
"ACTATCTGTCGCGTGT-1",4.9940567443033
"ACTATCTGTGCACGAA-1",0
"ACTATCTGTGGTTTCA-1",0
"ACTATCTTCGCCGTGA-1",0
"ACTGAACAGAGTGAGA-1",0
"ACTGAACAGATCCCGC-1",4.0551939429712
"ACTGAACAGGTGATAT-1",0
"ACTGAACCAAAGCGGT-1",0
"ACTGAACCAAGCGAGT-1",8.25828102952541
"ACTGAACCAATTCCTT-1",6.5277220619152
"ACTGAACCAGCTGGCT-1",0
"ACTGAACCAGTCTTCC-1",6.3442027601302
"ACTGAACCATTACCTT-1",0
"ACTGAACGTAAGCACG-1",0
"ACTGAACGTAATCGTC-1",0
"ACTGAACGTCCAGTAT-1",6.36626271352096
"ACTGAACGTCTGATCA-1",0
"ACTGAACTCCCACTTG-1",0
"ACTGAGTAGCCGGTAA-1",0
"ACTGAGTCAGTGGGAT-1",9.53274098576348
"ACTGAGTCATTTGCCC-1",8.64503934039261
"ACTGAGTGTAGAGCTG-1",15.6661746672576
"ACTGAGTGTTGTGGCC-1",0
"ACTGAGTTCAGGTTCA-1",0
"ACTGATGAGACAGACC-1",6.66831710780484
"ACTGATGAGCGGATCA-1",5.17813153778311
"ACTGATGAGGTGCTTT-1",6.60541591555289
"ACTGATGCAGCAGTTT-1",0
"ACTGATGCATCACAAC-1",4.75868317255882
"ACTGATGGTCATGCAT-1",3.24958719833328
"ACTGATGTCACAATGC-1",0
"ACTGATGTCACTCCTG-1",0
"ACTGATGTCCCTGACT-1",0
"ACTGATGTCCGCTGTT-1",0
"ACTGATGTCCGGCACA-1",5.75181445732364
"ACTGATGTCCTATTCA-1",8.26986563917612
"ACTGCTCAGAGCTTCT-1",3.33806344382816
"ACTGCTCAGATGCCTT-1",5.11639277532069
"ACTGCTCCACACCGCA-1",0
"ACTGCTCCAGATGGGT-1",0
"ACTGCTCCATGCCTAA-1",7.83571421516624
"ACTGCTCGTAGGCATG-1",6.1466903403045
"ACTGCTCGTATCACCA-1",0
"ACTGCTCGTCCGAAGA-1",3.85881498809341
"ACTGCTCTCCGAGCCA-1",0
"ACTGTCCAGAGGGCTT-1",3.59153278019591
"ACTGTCCAGCAGCGTA-1",0
"ACTGTCCAGGCATGGT-1",0
"ACTGTCCCAAGGTTTC-1",4.9888863329471
"ACTGTCCCAAGTACCT-1",6.5277220619152
"ACTGTCCCAGTATCTG-1",5.59308605427498
"ACTGTCCCATAGAAAC-1",0
"ACTGTCCGTTGAGGTG-1",0
"ACTGTCCTCCACGTGG-1",0
"ACTGTCCTCCTTGGTC-1",0
"ACTGTCCTCTCTGTCG-1",0
"ACTTACTAGCGATAGC-1",0
"ACTTACTAGGGATGGG-1",0
"ACTTACTCACAGACAG-1",0
"ACTTACTCACATTTCT-1",0
"ACTTACTGTACTCAAC-1",3.36090262900973
"ACTTACTGTTCCACAA-1",6.02178609442077
"ACTTACTTCATCGGAT-1",0
"ACTTGTTAGACAAGCC-1",0
"ACTTGTTAGCTAGCCC-1",4.14217476756334
"ACTTGTTAGTTACCCA-1",3.10077076977449
"ACTTGTTCACGACGAA-1",3.7067199280531
"ACTTGTTCACGGCTAC-1",7.38131947586005
"ACTTGTTGTATCGCAT-1",4.50087381948307
"ACTTGTTGTGGTAACG-1",5.45661348069826
"ACTTGTTGTTGTGGAG-1",0
"ACTTGTTTCATCACCC-1",3.07737875168877
"ACTTTCACATGGTCAT-1",7.5711004432541
"ACTTTCAGTGACTACT-1",3.77532904279992
"ACTTTCATCGCCAGCA-1",11.6950796626327
"AGAATAGAGCTGAACG-1",0
"AGAATAGAGCTGTCTA-1",0
"AGAATAGAGGTAGCTG-1",0
"AGAATAGCATGGTCTA-1",0
"AGAATAGGTATTCTCT-1",0
"AGAATAGGTGCGGTAA-1",0
"AGAATAGGTTAAGAAC-1",0
"AGAATAGTCAGGCCCA-1",0
"AGACGTTAGAATGTGT-1",0
"AGACGTTAGCTCCTCT-1",2.97355663288955
"AGACGTTAGTGCCAGA-1",0
"AGACGTTCAGGATCGA-1",5.59869298944608
"AGACGTTGTAGCTGCC-1",0
"AGACGTTGTCTGCAAT-1",0
"AGACGTTGTTCTGTTT-1",0
"AGACGTTTCGCATGGC-1",0
"AGACGTTTCGCTTAGA-1",0
"AGAGCGACAACTTGAC-1",0
"AGAGCGACAAGTACCT-1",4.50961527184005
"AGAGCGACACAACGTT-1",9.53274098576348
"AGAGCGACATGAGCGA-1",5.94529193040039
"AGAGCGAGTCAGTGGA-1",0
"AGAGCGAGTCGACTGC-1",0
"AGAGCGAGTTGAGTTC-1",0
"AGAGCGATCGCGTAGC-1",0
"AGAGCGATCTATCCTA-1",0
"AGAGCGATCTCGCTTG-1",0
"AGAGCTTAGCCGTCGT-1",0
"AGAGCTTAGTACACCT-1",0
"AGAGCTTAGTCATGCT-1",0
"AGAGCTTGTAGAGCTG-1",0
"AGAGCTTGTATCACCA-1",3.46932082863647
"AGAGCTTTCACTATTC-1",0
"AGAGCTTTCCTGCAGG-1",3.16902246555555
"AGAGCTTTCGCAAACT-1",0
"AGAGCTTTCGCTTAGA-1",0
"AGAGTGGAGAGCCTAG-1",4.12808780970398
"AGAGTGGAGGCCCTTG-1",0
"AGAGTGGAGGTACTCT-1",0
"AGAGTGGCACAAGACG-1",3.39195359614415
"AGAGTGGCACCTCGTT-1",0
"AGAGTGGCATCCGGGT-1",0
"AGAGTGGCATCTGGTA-1",0
"AGAGTGGGTCAGCTAT-1",8.09346926362173
"AGAGTGGGTCCTCCAT-1",0
"AGAGTGGGTCTAGTCA-1",3.13289730246286
"AGAGTGGGTTACCGAT-1",0
"AGATCTGAGGTGGGTT-1",0
"AGATCTGAGTCAAGGC-1",0
"AGATCTGCAATGTTGC-1",0
"AGATCTGTCGAATCCA-1",5.46699320063521
"AGATCTGTCTGCAGTA-1",5.82090401998546
"AGATTGCAGGCTACGA-1",3.26751602192244
"AGATTGCCACGACGAA-1",0
"AGATTGCCAGATGGGT-1",0
"AGATTGCGTAGAGCTG-1",3.63394662503067
"AGATTGCGTGATGTCT-1",0
"AGATTGCGTGTTCGAT-1",0
"AGATTGCGTTCACGGC-1",0
"AGATTGCTCACTGGGC-1",0
"AGATTGCTCATCTGTT-1",4.0703500542707
"AGCAGCCAGCTGATAA-1",0
"AGCAGCCCACCGAAAG-1",0
"AGCAGCCGTCGACTGC-1",5.71124562865585
"AGCAGCCGTCGCTTTC-1",0
"AGCAGCCGTCTAACGT-1",3.53963192512618
"AGCAGCCGTGTGAAAT-1",10.3411930435436
"AGCAGCCGTTTGTTGG-1",0
"AGCAGCCTCCAAACAC-1",3.50597429202029
"AGCATACAGTGGTAGC-1",7.33247627792487
"AGCATACAGTTGTCGT-1",0
"AGCATACGTCTTCTCG-1",0
"AGCATACGTTAAGTAG-1",6.43997749423916
"AGCATACTCCGTTGCT-1",3.17435133594484
"AGCCTAAAGATATGGT-1",0
"AGCCTAACAAAGCGGT-1",0
"AGCCTAACAGATAATG-1",0
"AGCCTAAGTACGAAAT-1",0
"AGCCTAAGTCACCTAA-1",0
"AGCCTAAGTGTGCCTG-1",0
"AGCCTAATCACCCGAG-1",0
"AGCCTAATCCAATGGT-1",4.31229777061313
"AGCCTAATCCTTGGTC-1",0
"AGCCTAATCTGTGCAA-1",7.44308459294429
"AGCCTAATCTGTTTGT-1",4.75868317255882
"AGCGGTCAGCGAAGGG-1",3.7067199280531
"AGCGGTCAGGTACTCT-1",11.3502408212738
"AGCGGTCAGTGACTCT-1",7.19172899174411
"AGCGGTCCAGCCTTGG-1",0
"AGCGGTCGTCCTAGCG-1",0
"AGCGGTCGTGGTGTAG-1",3.83580769228698
"AGCGGTCGTTAAGGGC-1",3.46932082863647
"AGCGGTCGTTTGCATG-1",0
"AGCGGTCTCCGAAGAG-1",3.16902246555555
"AGCGGTCTCCTCAATT-1",0
"AGCGGTCTCTGGGCCA-1",9.67860995337247
"AGCGTATAGAACTGTA-1",3.82589784577743
"AGCGTATAGCGATGAC-1",0
"AGCGTATAGGTACTCT-1",3.16902246555555
"AGCGTATGTTGAGGTG-1",0
"AGCGTATTCCAGAGGA-1",3.59153278019591
"AGCGTCGAGTTGAGTA-1",3.82589784577743
"AGCGTCGCAGGGATTG-1",6.29768282862465
"AGCGTCGTCTGAAAGA-1",0
"AGCTCCTAGACCTAGG-1",0
"AGCTCCTAGCGTTTAC-1",0
"AGCTCCTGTGTTTGTG-1",0
"AGCTCCTGTTGTCTTT-1",5.79032708121111
"AGCTCCTTCCGAATGT-1",0
"AGCTCCTTCTTGACGA-1",0
"AGCTCTCAGCGGATCA-1",0
"AGCTCTCAGCTGTTCA-1",3.10077076977449
"AGCTCTCAGGTGCTAG-1",0
"AGCTCTCCATACAGCT-1",3.59153278019591
"AGCTCTCGTCAGAGGT-1",6.47474641975431
"AGCTCTCGTGGGTCAA-1",3.53963192512618
"AGCTCTCTCACAACGT-1",6.36626271352096
"AGCTCTCTCTTGACGA-1",0
"AGCTTGAAGCATCATC-1",0
"AGCTTGAAGTAGCGGT-1",0
"AGCTTGAAGTTGTCGT-1",3.01480226691621
"AGCTTGACAATCCAAC-1",0
"AGCTTGACACCGATAT-1",0
"AGCTTGAGTCTACCTC-1",0
"AGCTTGAGTGCGCTTG-1",0
"AGCTTGAGTTACGCGC-1",0
"AGCTTGATCCTGCCAT-1",0
"AGCTTGATCTGCAAGT-1",3.82589784577743
"AGGCCACAGAGTAAGG-1",0
"AGGCCACAGGGTCTCC-1",0
"AGGCCACAGTACTTGC-1",6.29768282862465
"AGGCCACCAGGACCCT-1",0
"AGGCCACCATCAGTCA-1",0
"AGGCCACTCATGCTCC-1",0
"AGGCCACTCATTGCGA-1",0
"AGGCCGTAGGATCGCA-1",0
"AGGCCGTCACGTAAGG-1",0
"AGGCCGTCAGCTCGAC-1",5.59556873923834
"AGGCCGTCATCGTCGG-1",8.42517213304819
"AGGCCGTTCACGGTTA-1",3.20339402824781
"AGGCCGTTCGAACTGT-1",3.80940787177119
"AGGCCGTTCTCAAGTG-1",0
"AGGCCGTTCTGCTTGC-1",3.36090262900973
"AGGGAGTAGCCCAACC-1",4.12808780970398
"AGGGAGTAGGAGTACC-1",0
"AGGGAGTAGGCAGGTT-1",2.9552768607519
"AGGGAGTCACGAGAGT-1",0
"AGGGAGTCAGAAGCAC-1",0
"AGGGAGTCAGATCCAT-1",3.42317793997695
"AGGGAGTCATCGACGC-1",0
"AGGGAGTCATGCTAGT-1",7.11901019881529
"AGGGAGTGTCCATGAT-1",4.43408422725563
"AGGGAGTTCATAACCG-1",8.57064146880905
"AGGGATGAGCTCTCGG-1",6.3442027601302
"AGGGATGAGGAGTAGA-1",3.59153278019591
"AGGGATGAGTAGCGGT-1",0
"AGGGATGCAATGAATG-1",4.3642083782655
"AGGGATGCAATGGAGC-1",3.01480226691621
"AGGGATGCACAAGACG-1",5.45907999414123
"AGGGATGCACATTTCT-1",7.07729574661227
"AGGGATGCATGGTCTA-1",4.0703500542707
"AGGGATGGTTAAAGTG-1",0
"AGGGATGGTTATGCGT-1",3.80940787177119
"AGGGATGTCGTGACAT-1",10.6763657496488
"AGGGTGAAGATGGCGT-1",2.99554558259904
"AGGGTGAAGATGGGTC-1",0
"AGGGTGAAGGCTCAGA-1",0
"AGGGTGACACGAGAGT-1",0
"AGGGTGACAGATGGCA-1",0
"AGGGTGACAGATTGCT-1",5.82090401998546
"AGGGTGAGTACTCTCC-1",0
"AGGGTGAGTTATCGGT-1",0
"AGGGTGAGTTCTGAAC-1",8.64503934039261
"AGGGTGATCTCGCTTG-1",3.48613768725715
"AGGTCATAGAGCCCAA-1",3.30069170945076
"AGGTCATAGCCAGAAC-1",0
"AGGTCATAGGCATGGT-1",0
"AGGTCATAGGGAGTAA-1",0
"AGGTCATCACTCAGGC-1",3.30278234231719
"AGGTCATCACTCTGTC-1",0
"AGGTCATGTTCCACTC-1",7.33247627792487
"AGGTCATTCTCGTTTA-1",0
"AGGTCCGAGGATGCGT-1",4.26796184461806
"AGGTCCGGTGATGCCC-1",5.82090401998546
"AGGTCCGTCCATGAAC-1",6.90841392740781
"AGGTCCGTCGCCCTTA-1",0
"AGGTCCGTCTGCGTAA-1",0
"AGTAGTCAGACTGTAA-1",3.13286273043627
"AGTAGTCAGTACGACG-1",4.19076379073721
"AGTAGTCAGTTTAGGA-1",0
"AGTAGTCCAACTGGCC-1",3.36090262900973
"AGTAGTCGTGCAGACA-1",3.80940787177119
"AGTAGTCTCACCCGAG-1",0
"AGTCTTTAGGCAGTCA-1",0
"AGTCTTTCAAATCCGT-1",0
"AGTCTTTCATATACCG-1",0
"AGTCTTTGTGCTTCTC-1",15.6661746672576
"AGTCTTTGTGTCCTCT-1",7.19172899174411
"AGTCTTTTCGCAGGCT-1",0
"AGTCTTTTCGCGTAGC-1",0
"AGTCTTTTCGCTAGCG-1",4.80375508551582
"AGTCTTTTCGCTTGTC-1",0
"AGTCTTTTCTGACCTC-1",6.36626271352096
"AGTGAGGAGATAGCAT-1",7.19172899174411
"AGTGAGGCAGGTGCCT-1",0
"AGTGAGGGTATGAAAC-1",0
"AGTGAGGGTCACTTCC-1",6.09732770766367
"AGTGAGGGTCGCGAAA-1",0
"AGTGAGGGTTATGTGC-1",4.72616257933774
"AGTGAGGTCTACTATC-1",10.4651030958579
"AGTGGGAAGCAGACTG-1",0
"AGTGGGACAAACGCGA-1",3.20338952942346
"AGTGGGACAAGCCGTC-1",0
"AGTGGGACACAGGAGT-1",5.79513774373713
"AGTGGGACACGAGAGT-1",0
"AGTGGGATCATCGATG-1",0
"AGTGGGATCCACGAAT-1",0
"AGTGGGATCCTGCAGG-1",15.1749630779636
"AGTGTCAAGAAGCCCA-1",3.42317793997695
"AGTGTCAAGCTAGTCT-1",3.12296261306839
"AGTGTCAAGTACGACG-1",0
"AGTGTCAAGTGAACAT-1",0
"AGTGTCACACCATCCT-1",0
"AGTGTCACAGTAAGCG-1",5.54087854413835
"AGTGTCACAGTGGAGT-1",0
"AGTGTCAGTAAACCTC-1",0
"AGTGTCAGTACAGCAG-1",0
"AGTGTCAGTCTCCACT-1",0
"AGTGTCAGTTTGACTG-1",4.80375508551582
"AGTGTCATCAAAGTAG-1",0
"AGTGTCATCCGTCAAA-1",3.48613768725715
"AGTGTCATCGTTACAG-1",0
"AGTGTCATCTGTCAAG-1",0
"AGTTGGTAGACTGTAA-1",6.36626271352096
"AGTTGGTAGTACGCGA-1",11.3502408212738
"AGTTGGTCAAATTGCC-1",0
"AGTTGGTCAGGAATGC-1",0
"AGTTGGTCATGCGCAC-1",0
"AGTTGGTGTACCGTAT-1",8.65669316341584
"AGTTGGTGTATGCTTG-1",0
"AGTTGGTGTCAGGACA-1",3.24958719833328
"AGTTGGTGTTCAGACT-1",0
"AGTTGGTTCAGTACGT-1",0
"AGTTGGTTCCTCAACC-1",3.12296261306839
"AGTTGGTTCGTACCGG-1",0
"AGTTGGTTCTGTCCGT-1",6.5277220619152
"ATAACGCAGTTGAGTA-1",0
"ATAACGCCACGTGAGA-1",3.30069170945076
"ATAACGCGTGAACCTT-1",4.78515943423765
"ATAACGCGTGTCCTCT-1",9.72833117977742
"ATAACGCGTGTGAAAT-1",0
"ATAACGCTCTCCGGTT-1",4.78515943423765
"ATAAGAGAGTCCGGTC-1",0
"ATAAGAGCAACTGCGC-1",5.79032708121111
"ATAAGAGCAGTATCTG-1",0
"ATAAGAGGTGACGCCT-1",4.75868317255882
"ATAAGAGGTTAAAGTG-1",0
"ATAAGAGTCAGCACAT-1",0
"ATAAGAGTCAGTGCAT-1",5.11639277532069
"ATAGACCAGAGAGCTC-1",5.71654333315511
"ATAGACCAGCCCAATT-1",0
"ATAGACCCAAGCCATT-1",0
"ATAGACCCATCTGGTA-1",0
"ATAGACCGTATATGGA-1",0
"ATAGACCGTGGACGAT-1",0
"ATAGACCGTGGCGAAT-1",6.81433919982896
"ATAGACCGTTTCGCTC-1",3.17435133594484
"ATCACGAAGAACTCGG-1",4.80651991928789
"ATCACGAAGACACGAC-1",0
"ATCACGAAGTTACCCA-1",0
"ATCACGACAAGACACG-1",3.53963192512618
"ATCACGACAAGCGTAG-1",0
"ATCACGACACACATGT-1",0
"ATCACGACACCACCAG-1",4.50087381948307
"ATCACGACACGGTAAG-1",0
"ATCACGACAGCGAACA-1",3.63394662503067
"ATCACGATCCCGACTT-1",3.79377836766496
"ATCACGATCGGTGTCG-1",0
"ATCATCTAGCCTATGT-1",7.58409822160001
"ATCATCTAGGCCATAG-1",8.64503934039261
"ATCATCTAGTACTTGC-1",0
"ATCATCTCAGACGCCT-1",0
"ATCATCTCATCCGTGG-1",0
"ATCATCTGTATTACCG-1",3.93322134067331
"ATCATCTGTCACTTCC-1",0
"ATCATCTTCAGCGACC-1",0
"ATCATCTTCCTCAACC-1",7.19172899174411
"ATCATGGCAAGCGTAG-1",0
"ATCATGGCAAGGTTCT-1",5.26988427876524
"ATCATGGCACTACAGT-1",3.26751602192244
"ATCATGGGTAAGGGAA-1",0
"ATCATGGGTTGTGGCC-1",0
"ATCATGGTCAATAAGG-1",0
"ATCATGGTCCAATGGT-1",0
"ATCATGGTCGCCATAA-1",5.45661348069826
"ATCATGGTCGGTTAAC-1",4.96948509780359
"ATCCACCAGCTAGTCT-1",5.33762218628796
"ATCCACCAGGCTCTTA-1",3.77532904279992
"ATCCACCCAAACGTGG-1",0
"ATCCACCCAGTTAACC-1",0
"ATCCACCGTCCGAAGA-1",0
"ATCCACCGTTTGTTTC-1",0
"ATCCACCTCCTGCTTG-1",6.66831710780484
"ATCCACCTCCTTAATC-1",0
"ATCCACCTCTGGTATG-1",4.5711326030367
"ATCCGAAAGCGATGAC-1",0
"ATCCGAAAGCTAGGCA-1",0
"ATCCGAACAAACGTGG-1",8.57064146880905
"ATCCGAACAACAACCT-1",6.5277220619152
"ATCCGAACAAGGACTG-1",0
"ATCCGAACACCCATTC-1",0
"ATCCGAACACGGTAGA-1",4.8841489022429
"ATCCGAAGTAGCGCTC-1",6.36626271352096
"ATCCGAAGTCATTAGC-1",0
"ATCCGAAGTCTCTTAT-1",5.5727367371181
"ATCCGAATCCAACCAA-1",0
"ATCCGAATCCTTGACC-1",0
"ATCCGAATCTTGTCAT-1",0
"ATCGAGTAGACTTTCG-1",4.31229777061313
"ATCGAGTCATCCGGGT-1",0
"ATCGAGTGTCCCTTGT-1",0
"ATCGAGTGTCTCCCTA-1",0
"ATCGAGTTCATGCATG-1",3.21078370002761
"ATCGAGTTCCTGCCAT-1",4.31229777061313
"ATCTACTAGGTGTGGT-1",5.0729259998171
"ATCTACTCAGCTGTAT-1",4.91750231516261
"ATCTACTCAGTACACT-1",0
"ATCTACTCATGACATC-1",3.46932082863647
"ATCTACTGTAAGTAGT-1",0
"ATCTACTGTGTCGCTG-1",0
"ATCTACTTCCGCGTTT-1",0
"ATCTACTTCGCAAGCC-1",0
"ATCTACTTCTATCGCC-1",9.20042791921687
"ATCTACTTCTCTAAGG-1",0
"ATCTGCCAGGCTCAGA-1",0
"ATCTGCCGTACAGTTC-1",0
"ATCTGCCGTTGTGGAG-1",0
"ATCTGCCTCAGAGACG-1",6.1466903403045
"ATCTGCCTCAGCTGGC-1",0
"ATCTGCCTCGTACGGC-1",0
"ATCTGCCTCTCGAGTA-1",0
"ATCTGCCTCTGAGTGT-1",0
"ATCTGCCTCTTGTATC-1",0
"ATGAGGGAGGTCGGAT-1",0
"ATGAGGGCATGACGGA-1",0
"ATGAGGGCATTAGGCT-1",5.54087854413835
"ATGAGGGTCACATGCA-1",0
"ATGAGGGTCAGTCCCT-1",0
"ATGCGATAGTCAATAG-1",0
"ATGCGATCATGTTGAC-1",10.6763657496488
"ATGCGATGTGCAGTAG-1",4.42879657556174
"ATGCGATGTGCATCTA-1",0
"ATGCGATTCCCAAGAT-1",0
"ATGCGATTCGCCATAA-1",3.34501837119249
"ATGGGAGAGCAATATG-1",3.59153278019591
"ATGGGAGAGCCACGCT-1",3.34501837119249
"ATGGGAGAGGTGATAT-1",3.20338952942346
"ATGGGAGCACCAGGTC-1",0
"ATGGGAGCACTATCTT-1",3.48613768725715
"ATGGGAGCAGCATACT-1",0
"ATGGGAGCATAGAAAC-1",0
"ATGGGAGCATTACCTT-1",0
"ATGTGTGAGCGAAGGG-1",0
"ATGTGTGAGGGTTTCT-1",0
"ATGTGTGAGTTGAGTA-1",0
"ATGTGTGCACGGCGTT-1",0
"ATGTGTGCACGGTTTA-1",6.25393440889106
"ATGTGTGCAGTATAAG-1",6.3442027601302
"ATGTGTGTCACGCGGT-1",0
"ATTACTCAGATGTGTA-1",0
"ATTACTCAGCGTAATA-1",0
"ATTACTCAGGTGCACA-1",3.23033434271661
"ATTACTCAGTGAAGTT-1",3.93322134067331
"ATTACTCCAAACTGTC-1",5.85132225326736
"ATTACTCCACCATCCT-1",3.39195359614415
"ATTACTCCAGACTCGC-1",6.77198021264776
"ATTACTCCATATGCTG-1",0
"ATTACTCCATCGGTTA-1",0
"ATTACTCCATTGCGGC-1",6.09732770766367
"ATTACTCGTTAAAGAC-1",9.53274098576348
"ATTACTCTCCGAACGC-1",5.45661348069826
"ATTATCCAGAGTACCG-1",0
"ATTATCCAGCTTATCG-1",3.75998144539708
"ATTATCCCACAAGCCC-1",3.45422851480934
"ATTATCCCATATGAGA-1",5.05996067728484
"ATTATCCCATCTGGTA-1",3.12141575970157
"ATTATCCGTCGTTGTA-1",0
"ATTATCCGTCTCTCTG-1",3.53963192512618
"ATTATCCTCAACGGGA-1",0
"ATTATCCTCCGCGCAA-1",4.75868317255882
"ATTATCCTCTCCGGTT-1",0
"ATTCTACGTCACTTCC-1",0
"ATTCTACGTCTAGTCA-1",4.97384001266869
"ATTCTACGTTGTCGCG-1",0
"ATTGGACAGCAGATCG-1",5.90486192038682
"ATTGGACAGGGCATGT-1",0
"ATTGGACAGTGGACGT-1",0
"ATTGGACCAAGACACG-1",11.3502408212738
"ATTGGACGTAATAGCA-1",4.80599390753455
"ATTGGACTCCTGCTTG-1",6.57913303250802
"ATTGGACTCGGCGCAT-1",7.44308459294429
"ATTGGACTCGTTTGCC-1",0
"ATTGGTGAGAATGTTG-1",5.94529193040039
"ATTGGTGCAAGCTGAG-1",3.50320510890021
"ATTGGTGCAGCAGTTT-1",0
"ATTGGTGGTTGAGTTC-1",0
"ATTGGTGTCAAAGTAG-1",3.7067199280531
"ATTGGTGTCGGAAACG-1",6.5277220619152
"ATTTCTGAGGGATACC-1",3.93322134067331
"ATTTCTGAGGGATCTG-1",0
"ATTTCTGAGGTGTTAA-1",0
"ATTTCTGAGTCGAGTG-1",0
"ATTTCTGAGTTCGCAT-1",5.23571926392913
"ATTTCTGCAAGGTGTG-1",0
"ATTTCTGGTAGCTCCG-1",2.99554558259904
"ATTTCTGGTGCACGAA-1",4.84543260154606
"ATTTCTGGTTGCCTCT-1",6.91832762029462
"ATTTCTGTCAAAGTAG-1",5.0008445295786
"ATTTCTGTCAGCTCGG-1",0
"ATTTCTGTCTTGGGTA-1",4.97384001266869
"CAACCAAAGAAACGCC-1",0
"CAACCAAAGAGGGCTT-1",0
"CAACCAAAGCTGAAAT-1",5.33762218628796
"CAACCAAAGGACAGCT-1",5.94529193040039
"CAACCAAAGGGAGTAA-1",0
"CAACCAACATACGCTA-1",0
"CAACCTCAGTAATCCC-1",0
"CAACCTCCAGACGCAA-1",0
"CAACCTCGTGAGTGAC-1",0
"CAACCTCGTTCCACGG-1",3.24958719833328
"CAACCTCTCATACGGT-1",0
"CAACCTCTCCGATATG-1",0
"CAACCTCTCCTTTACA-1",0
"CAACCTCTCTCTAGGA-1",4.89836354573954
"CAACTAGAGAATAGGG-1",0
"CAACTAGAGGATGCGT-1",0
"CAACTAGCACCATCCT-1",0
"CAACTAGCAGACTCGC-1",0
"CAACTAGCAGTTCATG-1",0
"CAACTAGGTACGCACC-1",0
"CAACTAGTCAGGCCCA-1",3.63394662503067
"CAAGAAAAGAAGGACA-1",3.42521402345659
"CAAGAAAAGACGCACA-1",5.23681167774227
"CAAGAAAAGGCCCTTG-1",0
"CAAGAAAAGGTGATAT-1",4.42879657556174
"CAAGAAAAGTCGATAA-1",0
"CAAGAAAAGTGGAGTC-1",0
"CAAGAAAAGTGTACCT-1",0
"CAAGAAACACGGTGTC-1",0
"CAAGAAATCTGCTTGC-1",4.78515943423765
"CAAGATCAGCTGAAAT-1",5.19346078054678
"CAAGATCGTAAGAGGA-1",3.53963192512618
"CAAGATCGTGCCTTGG-1",0
"CAAGATCTCAACACCA-1",5.54087854413835
"CAAGATCTCTCGATGA-1",0
"CAAGGCCAGGAGTCTG-1",0
"CAAGGCCAGGCTATCT-1",0
"CAAGGCCCACGGTAAG-1",0
"CAAGGCCCATGTTCCC-1",5.82090401998546
"CAAGGCCGTCCGTCAG-1",0
"CAAGGCCTCAACGGGA-1",3.01480226691621
"CAAGGCCTCCTTGACC-1",0
"CAAGGCCTCGTGACAT-1",0
"CAAGTTGAGACAGGCT-1",5.46699320063521
"CAAGTTGAGATGTCGG-1",0
"CAAGTTGAGCGTCAAG-1",0
"CAAGTTGAGCGTTTAC-1",4.50087381948307
"CAAGTTGCACATTAGC-1",0
"CAAGTTGCACGCTTTC-1",3.09263970839021
"CAAGTTGCACGGTGTC-1",0
"CAAGTTGCATTCTTAC-1",7.54676744327112
"CAAGTTGGTACTCAAC-1",0
"CAAGTTGGTCAGGACA-1",3.7067199280531
"CAAGTTGGTCGGCACT-1",0
"CAAGTTGTCAACGAAA-1",0
"CAAGTTGTCACCACCT-1",0
"CAAGTTGTCATTGCCC-1",3.17435133594484
"CAAGTTGTCGAATCCA-1",0
"CAAGTTGTCTACTTAC-1",0
"CACAAACAGGGCTCTC-1",4.91931414000352
"CACAAACAGGGCTTGA-1",0
"CACAAACAGTGACATA-1",0
"CACAAACCAACTGCGC-1",7.44308459294429
"CACAAACCAATAAGCA-1",0
"CACAAACCAATCAGAA-1",0
"CACAAACCACTTAACG-1",0
"CACAAACCATGAACCT-1",0
"CACAAACCATGGTCAT-1",0
"CACAAACGTCAACTGT-1",3.77532904279992
"CACAAACGTCAGAATA-1",0
"CACAAACTCTTCGGTC-1",0
"CACAAACTCTTGGGTA-1",4.78515943423765
"CACACAAAGCGACGTA-1",3.52898493339057
"CACACAAAGGGAGTAA-1",0
"CACACAACAAACGTGG-1",3.45422851480934
"CACACAACACATGACT-1",0
"CACACAACATCGATTG-1",3.3001766669686
"CACACAACATTGGGCC-1",0
"CACACAAGTACGACCC-1",6.15915911816231
"CACACAAGTCAGTGGA-1",0
"CACACAAGTCATCGGC-1",0
"CACACAAGTTTACTCT-1",5.47258755844595
"CACACAATCCACGTGG-1",0
"CACACAATCCACGTTC-1",0
"CACACAATCGGCGCAT-1",0
"CACACCTAGAGACTAT-1",0
"CACACCTAGGACATTA-1",0
"CACACCTAGTGTGAAT-1",0
"CACACCTCACTGAAGG-1",5.45661348069826
"CACACCTCATAGGATA-1",0
"CACACCTCATAGTAAG-1",4.80651991928789
"CACACCTCATTGGGCC-1",5.90486192038682
"CACACCTGTACAGCAG-1",0
"CACACCTGTACCGCTG-1",5.79032708121111
"CACACCTGTCCAAGTT-1",3.7067199280531
"CACACCTGTGGACGAT-1",0
"CACACCTGTGGTCTCG-1",0
"CACACCTTCATGTCTT-1",0
"CACACCTTCTGGCGAC-1",0
"CACACTCAGGGAAACA-1",0
"CACACTCCAACACCTA-1",7.02794976343338
"CACACTCCAAGGGTCA-1",0
"CACACTCGTGACGCCT-1",0
"CACACTCGTTTGTGTG-1",0
"CACAGGCAGCCATCGC-1",4.97806143615827
"CACAGGCAGGGATGGG-1",5.23152239579537
"CACAGGCCAAGAGTCG-1",0
"CACAGGCCAATGGAGC-1",0
"CACAGGCGTCTAGGTT-1",0
"CACAGGCGTTACGCGC-1",0
"CACAGGCTCGGGAGTA-1",0
"CACAGGCTCTATGTGG-1",3.63394662503067
"CACAGTAAGACGCAAC-1",5.79032708121111
"CACAGTAAGACGCACA-1",0
"CACAGTAAGTGGGCTA-1",0
"CACAGTACAACTGGCC-1",0
"CACAGTACATCGGACC-1",3.63394662503067
"CACAGTAGTTCCATGA-1",8.64503934039261
"CACATAGAGCCCAATT-1",7.84848897232762
"CACATAGAGTGTACTC-1",0
"CACATAGCACTTCTGC-1",0
"CACATAGCAGGGTATG-1",3.07737875168877
"CACATAGTCCTTGCCA-1",5.05996067728484
"CACATAGTCGGCGCAT-1",4.26796184461806
"CACATTTAGCAGATCG-1",4.97384001266869
"CACATTTAGGGCACTA-1",0
"CACATTTCACGGCGTT-1",0
"CACATTTCATTACCTT-1",0
"CACATTTGTCGAACAG-1",0
"CACATTTGTGTTGAGG-1",0
"CACATTTTCCAGAGGA-1",6.64940502635271
"CACATTTTCCGCATCT-1",0
"CACATTTTCTACTATC-1",3.2538146967112
"CACATTTTCTGTGCAA-1",0
"CACCACTAGCCACGTC-1",4.75868317255882
"CACCACTAGTGGTAAT-1",0
"CACCACTAGTTACCCA-1",0
"CACCACTCAAGCCCAC-1",4.31229777061313
"CACCACTCAGTTCATG-1",0
"CACCACTGTTATTCTC-1",0
"CACCACTTCACCGGGT-1",0
"CACCACTTCGAATCCA-1",11.3502408212738
"CACCACTTCGACCAGC-1",4.80375508551582
"CACCACTTCTAACCGA-1",3.24958719833328
"CACCACTTCTTTAGTC-1",0
"CACCAGGCACATTAGC-1",8.64503934039261
"CACCAGGCACTGCCAG-1",0
"CACCAGGCATAAAGGT-1",3.17891738156185
"CACCAGGCATGAACCT-1",0
"CACCAGGGTGAAATCA-1",4.42734888050004
"CACCAGGGTGTTTGGT-1",0
"CACCAGGGTTATCACG-1",5.54087854413835
"CACCAGGTCATGTAGC-1",5.7498195463284
"CACCAGGTCTGCTTGC-1",0
"CACCTTGAGACTTGAA-1",0
"CACCTTGAGTCAATAG-1",0
"CACCTTGCAGGCGATA-1",0
"CACCTTGCATTCCTGC-1",6.15915911816231
"CACCTTGGTCATTAGC-1",0
"CACCTTGGTGATGTCT-1",3.19437866137103
"CACCTTGGTTATGTGC-1",4.26796184461806
"CACCTTGTCAACCATG-1",0
"CACCTTGTCATTATCC-1",6.29768282862465
"CACCTTGTCCAAAGTC-1",0
"CACCTTGTCTCACATT-1",0
"CACTCCAAGACAAGCC-1",0
"CACTCCAAGGTACTCT-1",4.97806143615827
"CACTCCACAATGGACG-1",4.50087381948307
"CACTCCAGTACATGTC-1",0
"CACTCCAGTTGTCGCG-1",15.6661746672576
"CACTCCATCAACACAC-1",0
"CACTCCATCCCAGGTG-1",8.25828102952541
"CAGAATCAGAAACCTA-1",0
"CAGAATCAGCCAACAG-1",0
"CAGAATCAGCTGGAAC-1",7.38131947586005
"CAGAATCAGGACTGGT-1",0
"CAGAATCAGTATCGAA-1",8.65669316341585
"CAGAATCCACAGAGGT-1",0
"CAGAATCCAGGGTACA-1",3.77532904279992
"CAGAATCGTAAGTGTA-1",0
"CAGAATCGTAATCACC-1",0
"CAGAATCTCAGTTTGG-1",0
"CAGAATCTCGCAAGCC-1",5.19346078054678
"CAGAATCTCGGTCCGA-1",3.24958719833328
"CAGAATCTCTTGCAAG-1",0
"CAGAATCTCTTGTACT-1",0
"CAGAGAGAGAATTGTG-1",3.48613768725715
"CAGAGAGAGCAATATG-1",0
"CAGAGAGCAAGAAGAG-1",0
"CAGAGAGCACCAGATT-1",3.30069170945076
"CAGAGAGGTAATCACC-1",0
"CAGAGAGGTAGCTGCC-1",5.82090401998546
"CAGAGAGGTAGGACAC-1",3.59153278019591
"CAGAGAGGTATAGGGC-1",0
"CAGAGAGGTCCGAATT-1",6.64940502635271
"CAGAGAGGTTGAGGTG-1",5.71654333315511
"CAGAGAGTCACCCGAG-1",3.80940787177119
"CAGAGAGTCATAACCG-1",0
"CAGAGAGTCCGAACGC-1",15.6661746672576
"CAGAGAGTCTGGTATG-1",0
"CAGATCAAGAGACGAA-1",0
"CAGATCAAGCACCGTC-1",0
"CAGATCAAGCTTCGCG-1",0
"CAGATCAAGGATTCGG-1",3.80940787177119
"CAGATCAAGTGTACCT-1",0
"CAGATCAAGTTTAGGA-1",4.49761100651349
"CAGATCACAATAACGA-1",0
"CAGATCACACACCGAC-1",0
"CAGATCACACGGTAAG-1",0
"CAGATCACACTCTGTC-1",0
"CAGATCACAGCATACT-1",3.07737875168877
"CAGATCACAGTGGGAT-1",7.83571421516624
"CAGATCAGTACCAGTT-1",6.09732770766367
"CAGATCAGTGCGGTAA-1",0
"CAGATCATCTGATTCT-1",0
"CAGCAGCAGATGCCAG-1",7.44308459294429
"CAGCAGCAGGGAACGG-1",0
"CAGCAGCCACCTATCC-1",0
"CAGCAGCCATCACAAC-1",5.94529193040039
"CAGCAGCTCAACACTG-1",4.78515943423765
"CAGCAGCTCGAACTGT-1",3.82589784577743
"CAGCAGCTCGCCGTGA-1",0
"CAGCATAAGAGACGAA-1",3.42317793997695
"CAGCATAGTCTAGGTT-1",0
"CAGCATAGTTTACTCT-1",0
"CAGCATATCACGAAGG-1",5.82090401998546
"CAGCATATCAGGCAAG-1",6.6708039053451
"CAGCATATCCTTAATC-1",0
"CAGCCGAAGCATCATC-1",5.0008445295786
"CAGCCGAAGTTTCCTT-1",0
"CAGCCGACACGTGAGA-1",8.25828102952541
"CAGCCGACATCAGTCA-1",0
"CAGCCGAGTGATGTCT-1",0
"CAGCCGATCACCAGGC-1",0
"CAGCCGATCCTCAATT-1",0
"CAGCGACAGAAACGCC-1",3.53963192512618
"CAGCGACAGCGTCAAG-1",6.5277220619152
"CAGCGACCAAACGTGG-1",0
"CAGCGACCAAAGCGGT-1",3.46932082863647
"CAGCGACCACGTCAGC-1",3.63394662503067
"CAGCGACCATGGGACA-1",0
"CAGCGACGTCTGATTG-1",0
"CAGCGACGTGGACGAT-1",4.78515943423765
"CAGCGACGTGGTTTCA-1",5.94529193040039
"CAGCGACGTTCGGCAC-1",0
"CAGCGACTCCGCAAGC-1",6.64940502635271
"CAGCGACTCTGGGCCA-1",3.36090262900973
"CAGCTAAAGATGTGTA-1",3.23033434271661
"CAGCTAAAGCAGACTG-1",6.36626271352096
"CAGCTAAAGCTGTTCA-1",7.73274089846035
"CAGCTAAAGGAGCGTT-1",0
"CAGCTAACACAGATTC-1",0
"CAGCTAACATCAGTAC-1",0
"CAGCTAAGTAATCGTC-1",0
"CAGCTAAGTCTCACCT-1",0
"CAGCTAAGTTCGTCTC-1",0
"CAGCTAATCCACGCAG-1",0
"CAGCTAATCCCTAACC-1",4.73164537809301
"CAGCTAATCTGGTTCC-1",0
"CAGCTAATCTTAGCCC-1",7.5711004432541
"CAGCTAATCTTCGGTC-1",0
"CAGCTGGAGACACTAA-1",8.6650948504424
"CAGCTGGAGATCCTGT-1",0
"CAGCTGGCACCAACCG-1",5.71654333315511
"CAGCTGGCAGTGGAGT-1",3.12296261306839
"CAGCTGGCATGCATGT-1",0
"CAGCTGGTCTACCTGC-1",0
"CAGGTGCAGAGACGAA-1",0
"CAGGTGCAGATCCTGT-1",5.0008445295786
"CAGGTGCAGGCATGTG-1",0
"CAGGTGCCAGGAACGT-1",0
"CAGGTGCCATAGTAAG-1",0
"CAGGTGCCATCGGAAG-1",0
"CAGGTGCTCAGTTGAC-1",0
"CAGGTGCTCCAAGTAC-1",4.89836354573954
"CAGGTGCTCTTGTATC-1",0
"CAGTAACAGATATGGT-1",5.79032708121111
"CAGTAACAGATGGCGT-1",0
"CAGTAACCAATCACAC-1",0
"CAGTAACCACTCGACG-1",3.17891738156185
"CAGTAACGTGATAAGT-1",8.3005680490073
"CAGTAACGTGCACCAC-1",0
"CAGTAACTCAGAGGTG-1",0
"CAGTAACTCGTACGGC-1",3.23033434271661
"CAGTAACTCGTGACAT-1",10.3411930435436
"CAGTAACTCTGCCAGG-1",3.7067199280531
"CAGTCCTAGAATCTCC-1",3.50320510890021
"CAGTCCTAGATCTGCT-1",4.97384001266869
"CAGTCCTCAGTATAAG-1",3.71337021816531
"CAGTCCTTCAACACGT-1",0
"CAGTCCTTCCATGAGT-1",0
"CAGTCCTTCCCGACTT-1",0
"CAGTCCTTCCCTTGTG-1",0
"CAGTCCTTCGAACGGA-1",8.87311082277761
"CAGTCCTTCGGTTCGG-1",0
"CAGTCCTTCTACTTAC-1",0
"CATATGGAGAGATGAG-1",0
"CATATGGAGGCATGGT-1",3.36090262900973
"CATATGGAGTATTGGA-1",3.34501837119249
"CATATGGCAAGCGTAG-1",0
"CATATGGGTCGCATAT-1",0
"CATATGGTCATTATCC-1",0
"CATATGGTCATTGCGA-1",3.24282545745548
"CATATTCCACCACCAG-1",0
"CATATTCGTGACTACT-1",0
"CATATTCGTGGTACAG-1",4.14217476756334
"CATATTCGTGTGACGA-1",0
"CATATTCTCACAGGCC-1",4.85563881070225
"CATATTCTCGCAAACT-1",0
"CATCAAGAGAACTCGG-1",3.26751602192244
"CATCAAGAGATGGCGT-1",4.14217476756334
"CATCAAGAGCCGCCTA-1",8.32101960770886
"CATCAAGCACGAAACG-1",4.80599390753455
"CATCAAGCAGCCTTTC-1",0
"CATCAAGCATGGAATA-1",4.8012333628981
"CATCAAGGTTACTGAC-1",5.57059402185518
"CATCAAGGTTCCATGA-1",3.59153278019591
"CATCAAGTCTAAGCCA-1",0
"CATCAAGTCTGACCTC-1",0
"CATCAGAAGCTAGTCT-1",0
"CATCAGACAAGCCATT-1",0
"CATCAGACAATGACCT-1",0
"CATCAGACACGGCCAT-1",0
"CATCAGACAGACAGGT-1",0
"CATCAGACATAACCTG-1",0
"CATCAGAGTAATTGGA-1",4.0703500542707
"CATCAGAGTACATGTC-1",0
"CATCAGAGTGTTAAGA-1",0
"CATCAGAGTTCAACCA-1",3.24958719833328
"CATCAGATCGTTGACA-1",0
"CATCCACGTAAAGTCA-1",5.33762218628796
"CATCCACGTACCGTAT-1",0
"CATCCACGTGCCTGTG-1",15.1749630779636
"CATCCACGTTTAAGCC-1",8.09541520427417
"CATCGAAAGAGTACAT-1",0
"CATCGAAAGCTGTCTA-1",3.24958719833328
"CATCGAACAAGAGGCT-1",4.07300611160317
"CATCGAACAAGCTGAG-1",0
"CATCGAACACATTTCT-1",0
"CATCGAACATAAAGGT-1",3.34501837119249
"CATCGAAGTAGTACCT-1",3.20338952942346
"CATCGAAGTCCGACGT-1",9.53274098576348
"CATCGAAGTGCACTTA-1",0
"CATCGAATCAAACCAC-1",0
"CATCGAATCCGCGGTA-1",0
"CATCGAATCCGTAGTA-1",0
"CATCGGGAGAAGCCCA-1",0
"CATCGGGAGCGAGAAA-1",0
"CATCGGGAGGGTGTGT-1",3.20338952942346
"CATCGGGAGGTGTTAA-1",4.42734888050004
"CATCGGGAGTGACTCT-1",0
"CATCGGGCACTCAGGC-1",5.0008445295786
"CATCGGGCAGACGCTC-1",0
"CATCGGGCATCACAAC-1",0
"CATCGGGGTCCTCTTG-1",6.7200329681628
"CATCGGGGTGAGGGAG-1",0
"CATCGGGGTTCGAATC-1",0
"CATCGGGTCAGGATCT-1",0
"CATCGGGTCCACGAAT-1",0
"CATCGGGTCGATGAGG-1",5.0008445295786
"CATGACAAGACCACGA-1",3.7067199280531
"CATGACAAGCTCCTCT-1",3.80940787177119
"CATGACAAGTAACCCT-1",8.87311082277761
"CATGACAAGTATCTCG-1",4.91931414000352
"CATGACAGTCGTCTTC-1",0
"CATGACAGTGAACCTT-1",3.96934192960394
"CATGACATCAATAAGG-1",0
"CATGACATCTAACTGG-1",2.99554558259904
"CATGCCTAGACCTAGG-1",0
"CATGCCTAGAGTCTGG-1",0
"CATGCCTCACCACCAG-1",0
"CATGCCTGTCAAAGCG-1",0
"CATGCCTGTCGATTGT-1",0
"CATGCCTTCCACGACG-1",0
"CATGCCTTCCTCATTA-1",0
"CATGCCTTCGCATGAT-1",4.31229777061313
"CATGGCGAGAGCTGGT-1",6.54456984438821
"CATGGCGAGTACGACG-1",6.02178609442077
"CATGGCGTCCAAAGTC-1",3.10077076977449
"CATGGCGTCCCTTGTG-1",0
"CATGGCGTCGGCCGAT-1",3.89831703624474
"CATGGCGTCTCAAACG-1",0
"CATGGCGTCTGCCCTA-1",0
"CATTATCAGACCCACC-1",8.57064146880905
"CATTATCAGTCCCACG-1",4.50087381948307
"CATTATCCAAGTCTGT-1",6.7200329681628
"CATTATCCAGGGCATA-1",8.20155754387782
"CATTATCGTCAATGTC-1",0
"CATTATCTCACAAACC-1",0
"CATTATCTCAGATAAG-1",0
"CATTATCTCGCGTTTC-1",0
"CATTATCTCGTTGCCT-1",10.6763657496488
"CATTATCTCTATCCCG-1",0
"CATTATCTCTTAACCT-1",0
"CATTCGCAGGTGCTAG-1",0
"CATTCGCCAAGGGTCA-1",4.9940567443033
"CATTCGCCAGCCTATA-1",0
"CATTCGCCATACAGCT-1",0
"CATTCGCCATGGATGG-1",0
"CATTCGCCATGTCTCC-1",3.07737875168877
"CATTCGCCATTCACTT-1",3.24958719833328
"CATTCGCGTAGCACGA-1",0
"CATTCGCTCATCACCC-1",0
"CCAATCCAGACCACGA-1",4.0551939429712
"CCAATCCAGATATGGT-1",8.87311082277761
"CCAATCCAGTCGAGTG-1",5.82090401998546
"CCAATCCAGTCGTTTG-1",7.11901019881529
"CCAATCCAGTTTAGGA-1",0
"CCAATCCCAAGCGAGT-1",4.0687366385577
"CCAATCCTCGGACAAG-1",3.7165810034959
"CCACCTAAGGATGGTC-1",3.87728298779279
"CCACCTAAGTCGAGTG-1",3.89719563517455
"CCACCTAAGTGGGATC-1",5.54087854413835
"CCACCTAAGTGTGGCA-1",0
"CCACCTACAACAACCT-1",0
"CCACCTACAAGCCGCT-1",0
"CCACCTACAATCTACG-1",0
"CCACCTAGTAGTACCT-1",0
"CCACCTAGTCGCGTGT-1",10.3411930435436
"CCACCTAGTGGGTCAA-1",0
"CCACCTATCAGTTGAC-1",0
"CCACCTATCTGATACG-1",0
"CCACGGAAGGGAACGG-1",2.93540247596818
"CCACGGACATGTCGAT-1",6.56110041372276
"CCACGGAGTAAGGGCT-1",0
"CCACGGAGTCAGATAA-1",0
"CCACGGAGTCCGTGAC-1",0
"CCACGGAGTGTAATGA-1",6.91832762029462
"CCACGGAGTTCTGAAC-1",0
"CCACGGATCACATAGC-1",0
"CCACGGATCCACGTGG-1",0
"CCACGGATCTACTATC-1",5.59308605427498
"CCACGGATCTAGAGTC-1",0
"CCACTACAGAGTACCG-1",0
"CCACTACAGCTTTGGT-1",0
"CCACTACCAGCAGTTT-1",0
"CCACTACCAGTAGAGC-1",0
"CCACTACGTCCGAATT-1",0
"CCACTACGTCTCAACA-1",9.53274098576348
"CCACTACGTGACAAAT-1",8.6650948504424
"CCACTACGTGACCAAG-1",0
"CCACTACGTGCACGAA-1",0
"CCACTACTCACTCTTA-1",0
"CCACTACTCCGCATCT-1",3.30278234231719
"CCACTACTCGGAAATA-1",4.96948509780359
"CCACTACTCTCGTATT-1",0
"CCACTACTCTCGTTTA-1",0
"CCAGCGAAGCCCAACC-1",0
"CCAGCGACATCGGGTC-1",0
"CCAGCGACATGTCCTC-1",4.8893587383517
"CCAGCGAGTAGGCATG-1",5.82090401998546
"CCAGCGAGTCCGTTAA-1",0
"CCAGCGATCAGAAATG-1",0
"CCATGTCAGCGATCCC-1",0
"CCATGTCAGGTCGGAT-1",0
"CCATGTCAGGTTACCT-1",3.42521402345659
"CCATGTCCAAGCTGGA-1",0
"CCATGTCCACATCCGG-1",0
"CCATGTCGTCCAGTAT-1",3.82589784577743
"CCATGTCTCCAAGTAC-1",3.89831703624474
"CCATGTCTCTTGTATC-1",0
"CCATTCGCAGTACACT-1",8.64503934039261
"CCATTCGCAGTTTACG-1",0
"CCATTCGGTAATCGTC-1",3.07737875168877
"CCATTCGGTATTACCG-1",0
"CCCAATCAGTCACGCC-1",0
"CCCAATCCAGGTGGAT-1",0
"CCCAATCGTGAAGGCT-1",0
"CCCAATCGTTGGAGGT-1",5.11639277532069
"CCCAATCTCACATGCA-1",0
"CCCAATCTCCAGTATG-1",5.54087854413835
"CCCAATCTCGGAGCAA-1",6.64940502635271
"CCCAGTTAGAATAGGG-1",3.30069170945076
"CCCAGTTAGATCCCGC-1",0
"CCCAGTTAGCGTGAAC-1",0
"CCCAGTTAGGAATCGC-1",3.20338952942346
"CCCAGTTAGTCCGGTC-1",6.7200329681628
"CCCAGTTAGTTTGCGT-1",0
"CCCAGTTGTACATGTC-1",6.59752977774582
"CCCAGTTGTCTGCAAT-1",0
"CCCAGTTTCTGAAAGA-1",4.42879657556174
"CCCATACAGGGTTCCC-1",0
"CCCATACAGTGTTTGC-1",3.67771786438826
"CCCATACCAAAGGTGC-1",0
"CCCATACCAACACCCG-1",0
"CCCATACCAGCAGTTT-1",0
"CCCATACGTATTACCG-1",3.17435133594484
"CCCATACGTCAATACC-1",0
"CCCATACGTCTAGTCA-1",0
"CCCATACGTTGAGTTC-1",0
"CCCATACTCAATAAGG-1",0
"CCCATACTCAGCGACC-1",0
"CCCATACTCATCACCC-1",7.44308459294429
"CCCATACTCCGTAGGC-1",0
"CCCTCCTAGGAATCGC-1",15.1749630779636
"CCCTCCTCAGCTTAAC-1",0
"CCCTCCTCATATGAGA-1",4.80375508551582
"CCCTCCTCATCACGTA-1",7.5711004432541
"CCCTCCTGTATGGTTC-1",0
"CCCTCCTGTTAGATGA-1",0
"CCCTCCTTCAATCACG-1",0
"CCCTCCTTCCGCAGTG-1",3.30278234231719
"CCGGGATAGCTTCGCG-1",4.08329109265538
"CCGGGATAGGCGACAT-1",0
"CCGGGATAGGCTAGGT-1",0
"CCGGGATCACAGTCGC-1",0
"CCGGGATGTATAGGTA-1",0
"CCGGGATTCAGAGCTT-1",0
"CCGGGATTCGCTAGCG-1",5.71654333315511
"CCGGGATTCGCTTGTC-1",3.75998144539708
"CCGGTAGAGCGTCTAT-1",0
"CCGGTAGAGTACGCCC-1",5.11639277532069
"CCGGTAGCACATAACC-1",6.29768282862465
"CCGGTAGCACGCATCG-1",3.33806344382816
"CCGGTAGGTACTTCTT-1",0
"CCGGTAGGTCAAACTC-1",5.75181445732364
"CCGGTAGTCGTCCGTT-1",0
"CCGTACTAGAGAACAG-1",0
"CCGTACTAGTCCGTAT-1",7.44308459294429
"CCGTACTCAAGCCCAC-1",10.4005123098471
"CCGTACTCAAGCGAGT-1",0
"CCGTACTCATCCCACT-1",0
"CCGTACTGTACAGCAG-1",5.05996067728484
"CCGTACTGTGCGGTAA-1",3.93322134067331
"CCGTACTTCGTTACAG-1",7.44308459294429
"CCGTGGAAGACGCACA-1",4.75868317255882
"CCGTGGAAGAGTTGGC-1",5.85132225326736
"CCGTGGAAGGTGATAT-1",0
"CCGTGGAAGGTTCCTA-1",4.78515943423765
"CCGTGGACAGCCTTGG-1",3.71337021816531
"CCGTGGAGTTCCATGA-1",0
"CCGTGGATCTAACTTC-1",0
"CCGTTCAAGCGTAATA-1",3.12141575970157
"CCGTTCAAGTACGATA-1",6.32931721438179
"CCGTTCAAGTAGATGT-1",3.45422851480934
"CCGTTCACAGGATCGA-1",8.42517213304819
"CCGTTCAGTATAGGGC-1",0
"CCGTTCAGTCGCGAAA-1",3.86585272414528
"CCGTTCATCGTACCGG-1",0
"CCTAAAGAGAGTTGGC-1",0
"CCTAAAGCAAACCTAC-1",0
"CCTAAAGCATGTCTCC-1",0
"CCTAAAGGTACTCAAC-1",0
"CCTAAAGGTCGGCACT-1",0
"CCTAAAGGTGTAATGA-1",0
"CCTAAAGTCACCGTAA-1",3.36090262900973
"CCTAAAGTCAGCGATT-1",0
"CCTAAAGTCGGCGCTA-1",11.7504015126259
"CCTAAAGTCGGTCCGA-1",0
"CCTACACAGGACCACA-1",0
"CCTACACAGGGTGTTG-1",0
"CCTACACCAGTAAGAT-1",0
"CCTACACGTATAGTAG-1",0
"CCTACACGTCCGAACC-1",5.40577090740922
"CCTACACGTGGGTCAA-1",3.77532904279992
"CCTACACGTTTGACTG-1",0
"CCTACACTCGGCGCTA-1",0
"CCTACACTCGTGACAT-1",0
"CCTACCAAGATAGGAG-1",0
"CCTACCAAGCAAATCA-1",0
"CCTACCAAGCGTAGTG-1",0
"CCTACCAAGTGCGATG-1",0
"CCTACCAGTATCAGTC-1",0
"CCTACCAGTCTCTCTG-1",0
"CCTACCAGTCTTTCAT-1",0
"CCTACCATCAGCACAT-1",0
"CCTACCATCGCCAGCA-1",8.57064146880905
"CCTAGCTAGCAAATCA-1",0
"CCTAGCTAGCTCCTCT-1",0
"CCTAGCTAGGTTACCT-1",0
"CCTAGCTAGTACGCGA-1",0
"CCTAGCTCAATGAATG-1",3.77532904279992
"CCTAGCTCAATGGTCT-1",6.656994889335
"CCTAGCTCACATCCAA-1",0
"CCTAGCTCAGCCAGAA-1",4.14217476756334
"CCTAGCTGTAGAAAGG-1",3.13286273043627
"CCTAGCTGTCACCCAG-1",0
"CCTAGCTGTCTGATTG-1",0
"CCTAGCTTCACGATGT-1",0
"CCTAGCTTCGTAGGAG-1",7.5711004432541
"CCTATTAAGAATTCCC-1",5.40577090740922
"CCTATTAAGCAGGCTA-1",0
"CCTATTAAGCAGGTCA-1",0
"CCTATTAAGGGAGTAA-1",15.6661746672576
"CCTATTAAGGTAGCCA-1",11.7504015126259
"CCTATTACACAACTGT-1",3.12141575970157
"CCTATTACACATCCGG-1",0
"CCTATTAGTCAATACC-1",0
"CCTATTATCATCACCC-1",4.93820183196362
"CCTATTATCTGCGACG-1",6.7200329681628
"CCTCAGTAGCTAACTC-1",3.89831703624474
"CCTCAGTCAGGTGGAT-1",3.36090262900973
"CCTCAGTGTCCATCCT-1",0
"CCTCAGTGTCCGACGT-1",3.01480226691621
"CCTCAGTGTCTTGTCC-1",3.12141575970157
"CCTCAGTGTGGGTATG-1",7.44308459294429
"CCTCTGAAGTATCGAA-1",0
"CCTCTGAAGTGGGTTG-1",0
"CCTCTGACAAGCTGTT-1",0
"CCTCTGACACCGATAT-1",0
"CCTCTGACAGATGAGC-1",6.81433919982896
"CCTCTGAGTCAATACC-1",0
"CCTCTGAGTCCGAACC-1",0
"CCTCTGAGTCGTGGCT-1",8.66660323037013
"CCTCTGAGTCTGATTG-1",5.82090401998546
"CCTTACGCAAGCGTAG-1",4.9940567443033
"CCTTACGCACCAACCG-1",3.80940787177119
"CCTTACGGTCATCCCT-1",0
"CCTTACGGTCCTCTTG-1",0
"CCTTACGTCACAACGT-1",0
"CCTTACGTCATCTGCC-1",0
"CCTTACGTCGGAGGTA-1",5.94529193040039
"CCTTCCCAGAGACTAT-1",5.45661348069826
"CCTTCCCAGCTAGGCA-1",0
"CCTTCCCAGGACGAAA-1",0
"CCTTCCCAGGGCATGT-1",0
"CCTTCCCAGGTACTCT-1",0
"CCTTCCCCATGATCCA-1",0
"CCTTCCCTCAAGGCTT-1",0
"CCTTCCCTCTATCCTA-1",0
"CCTTCCCTCTATCGCC-1",3.59153278019591
"CCTTCGAAGGCGCTCT-1",0
"CCTTCGACAACACCCG-1",6.91832762029462
"CCTTCGACAGCGATCC-1",4.0687366385577
"CCTTCGAGTAAGCACG-1",0
"CCTTCGAGTCCATGAT-1",3.12141575970157
"CCTTCGAGTGTGACCC-1",0
"CCTTCGAGTTGGTGGA-1",0
"CCTTCGATCACAGTAC-1",3.96934192960394
"CCTTCGATCCTATGTT-1",0
"CCTTCGATCGCACTCT-1",3.10077076977449
"CCTTTCTAGACGCTTT-1",3.14760860311768
"CCTTTCTAGGGCACTA-1",0
"CCTTTCTAGTGGAGTC-1",0
"CCTTTCTCAGACAAGC-1",3.49549101474719
"CCTTTCTCATCACGAT-1",3.77532904279992
"CCTTTCTCATGCCCGA-1",4.75868317255882
"CCTTTCTTCCCACTTG-1",7.46466821179204
"CCTTTCTTCTTTACGT-1",0
"CGAACATCACATGACT-1",3.17435133594484
"CGAACATCACTTGGAT-1",0
"CGAACATCAGTCCTTC-1",3.3001766669686
"CGAACATGTCTGATTG-1",0
"CGAACATGTGCTGTAT-1",0
"CGAACATTCTCAAACG-1",0
"CGAATGTAGAGGTTAT-1",3.89831703624474
"CGAATGTAGCGATAGC-1",3.93322134067331
"CGAATGTAGTTCGCAT-1",4.99816095830979
"CGAATGTCAATGCCAT-1",4.50087381948307
"CGAATGTGTCTAGTCA-1",0
"CGAATGTGTCTCACCT-1",0
"CGAATGTTCAACACAC-1",0
"CGAATGTTCATCACCC-1",3.20338952942346
"CGAATGTTCTGTACGA-1",8.57064146880905
"CGACCTTAGCTACCGC-1",0
"CGACCTTAGCTAGTCT-1",5.45907999414123
"CGACCTTCAAAGTGCG-1",0
"CGACCTTCACGAAATA-1",3.86585272414528
"CGACCTTGTAAGTGTA-1",8.38223192020225
"CGACCTTGTCAGAATA-1",0
"CGACCTTGTCTCCCTA-1",4.75685575053114
"CGACCTTGTCTCTTAT-1",0
"CGACCTTTCCGCGTTT-1",9.72833117977742
"CGACCTTTCGTTTATC-1",3.7067199280531
"CGACCTTTCTCCAGGG-1",3.01480226691621
"CGACTTCAGACACGAC-1",3.17435133594484
"CGACTTCAGGTAGCCA-1",0
"CGACTTCAGTCTTGCA-1",0
"CGACTTCCAATGGACG-1",0
"CGACTTCGTGGTGTAG-1",4.05922071838011
"CGACTTCGTTGAGTTC-1",4.26796184461806
"CGACTTCTCACTTACT-1",4.3642083782655
"CGACTTCTCTCGCTTG-1",5.7498195463284
"CGAGAAGAGAAACGCC-1",0
"CGAGAAGAGCCAACAG-1",0
"CGAGAAGAGCGTGTCC-1",6.0164914698729
"CGAGAAGCAAGTTCTG-1",0
"CGAGAAGCACATCCGG-1",0
"CGAGAAGCAGGCTGAA-1",9.53274098576348
"CGAGAAGTCGGATGGA-1",0
"CGAGCACAGCCAGAAC-1",0
"CGAGCACCACATGTGT-1",0
"CGAGCACGTAGCGTCC-1",0
"CGAGCACGTAGCGTGA-1",0
"CGAGCACGTCAGATAA-1",0
"CGAGCACGTGCCTTGG-1",7.54676744327112
"CGAGCACTCCCGGATG-1",0
"CGAGCACTCCGCTGTT-1",0
"CGAGCACTCGTGACAT-1",0
"CGAGCCAAGCTAGCCC-1",3.89831703624474
"CGAGCCAGTATATCCG-1",0
"CGAGCCAGTCAAGCGA-1",0
"CGATCGGAGAGCCTAG-1",0
"CGATCGGAGTACGATA-1",3.89719563517455
"CGATCGGCAAACGCGA-1",2.9552768607519
"CGATCGGCAAGCGATG-1",0
"CGATCGGCAATACGCT-1",0
"CGATCGGCAGTTAACC-1",0
"CGATCGGCATACTCTT-1",0
"CGATCGGGTCGACTGC-1",7.5711004432541
"CGATCGGTCAACGGGA-1",0
"CGATCGGTCTAGCACA-1",0
"CGATGGCAGCCGTCGT-1",3.23033434271661
"CGATGGCAGTCCAGGA-1",0
"CGATGGCCACTTAACG-1",3.48613768725715
"CGATGGCCAGCGTAAG-1",5.45661348069826
"CGATGGCCATCATCCC-1",6.5277220619152
"CGATGGCTCCTAGAAC-1",0
"CGATGGCTCGCTAGCG-1",4.43408422725563
"CGATGGCTCTGACCTC-1",0
"CGATGTAAGGCAATTA-1",7.19172899174411
"CGATGTAAGTTTGCGT-1",0
"CGATGTACACAGGCCT-1",3.30069170945076
"CGATGTACAGGTCTCG-1",0
"CGATGTAGTCCAGTGC-1",4.19076379073721
"CGATGTAGTCTAGGTT-1",0
"CGATGTAGTGTGCCTG-1",0
"CGATGTAGTTTGCATG-1",0
"CGATTGAAGATGTGGC-1",0
"CGATTGACAGACGCAA-1",6.36626271352096
"CGATTGAGTATGGTTC-1",0
"CGATTGAGTTCAGACT-1",0
"CGATTGATCATGGTCA-1",0
"CGATTGATCTGCGGCA-1",3.86585272414528
"CGCCAAGAGAATGTTG-1",0
"CGCCAAGAGACCTTTG-1",0
"CGCCAAGAGATCGGGT-1",0
"CGCCAAGAGATCTGAA-1",0
"CGCCAAGAGCGTGTCC-1",0
"CGCCAAGGTCTAGGTT-1",9.72833117977742
"CGCCAAGTCAGGATCT-1",0
"CGCCAAGTCCACTCCA-1",0
"CGCCAAGTCTTGTTTG-1",0
"CGCGGTAAGCTAGCCC-1",3.23085092677686
"CGCGGTAAGGGTTCCC-1",0
"CGCGGTACAAACTGCT-1",3.89719563517455
"CGCGGTACAATGGAAT-1",0
"CGCGGTACAGCTGTTA-1",5.47258755844595
"CGCGGTAGTCAAGCGA-1",0
"CGCGGTAGTGAGGCTA-1",3.52898493339057
"CGCGGTAGTTTGCATG-1",7.11901019881529
"CGCGTTTAGTTATCGC-1",3.7067199280531
"CGCGTTTCAACAACCT-1",0
"CGCGTTTCAAGCGAGT-1",0
"CGCGTTTCAATGGACG-1",0
"CGCGTTTCACGGTGTC-1",5.05996067728484
"CGCGTTTGTGCTGTAT-1",5.09939912631906
"CGCGTTTGTGGACGAT-1",4.91750231516261
"CGCGTTTTCAAACCGT-1",9.72833117977742
"CGCGTTTTCAGCCTAA-1",3.30278234231719
"CGCGTTTTCCTATGTT-1",4.31229777061313
"CGCGTTTTCGTGGTCG-1",0
"CGCTATCAGAAACCGC-1",0
"CGCTATCAGTCATCCA-1",6.73619934314203
"CGCTATCCAAGCGAGT-1",0
"CGCTATCCAGTCGATT-1",0
"CGCTATCCATCGACGC-1",3.63394662503067
"CGCTATCCATTTCAGG-1",0
"CGCTATCGTACCGAGA-1",6.15915911816231
"CGCTATCGTTCGAATC-1",5.17813153778311
"CGCTATCGTTTCGCTC-1",8.87311082277761
"CGCTATCTCGTTACAG-1",0
"CGCTGGAAGGACATTA-1",0
"CGCTGGAAGGGCACTA-1",0
"CGCTGGAAGGTGATAT-1",0
"CGCTGGACAGACTCGC-1",0
"CGCTGGAGTGTAATGA-1",0
"CGCTGGAGTTCTGGTA-1",3.48613768725715
"CGCTGGATCCGAAGAG-1",0
"CGCTGGATCCGTTGCT-1",0
"CGCTGGATCGTAGGAG-1",5.7498195463284
"CGCTGGATCGTTACAG-1",0
"CGCTTCAAGAAGGGTA-1",0
"CGCTTCAAGGTCGGAT-1",0
"CGCTTCACACGGTGTC-1",3.14717576115347
"CGCTTCACAGACAAGC-1",0
"CGCTTCACATCACCCT-1",4.3642083782655
"CGCTTCAGTCGCGGTT-1",4.78515943423765
"CGCTTCATCTTAGAGC-1",0
"CGGACACAGCGATATA-1",0
"CGGACACAGCGATGAC-1",8.25828102952541
"CGGACACAGCTTCGCG-1",9.72833117977742
"CGGACACAGGTAAACT-1",0
"CGGACACAGTAGCCGA-1",0
"CGGACACCACAGGAGT-1",0
"CGGACACCATTCACTT-1",4.97384001266869
"CGGACACGTGAGCGAT-1",5.57059402185518
"CGGACACGTGCTCTTC-1",0
"CGGACACGTGTGACCC-1",0
"CGGACGTAGGTTACCT-1",3.07326356241877
"CGGACGTCATGGGACA-1",0
"CGGACGTGTGAAAGAG-1",0
"CGGACGTGTTGGTAAA-1",0
"CGGACGTTCATGTGGT-1",0
"CGGACGTTCTGTCCGT-1",0
"CGGACTGAGGAGCGAG-1",0
"CGGACTGAGGAGTCTG-1",3.3001766669686
"CGGACTGAGTGGTAGC-1",0
"CGGACTGCAACTTGAC-1",15.6661746672576
"CGGACTGCAATGACCT-1",0
"CGGACTGCACAACGTT-1",6.29768282862465
"CGGACTGCACGCCAGT-1",3.9244727624475
"CGGACTGCAGTATGCT-1",0
"CGGACTGGTAAAGGAG-1",0
"CGGACTGGTATAAACG-1",0
"CGGACTGGTGTAAGTA-1",6.46657812470551
"CGGACTGGTGTGGTTT-1",0
"CGGACTGGTTGACGTT-1",0
"CGGACTGTCCATGCTC-1",6.47474641975431
"CGGACTGTCCGTCAAA-1",0
"CGGACTGTCGTTTGCC-1",0
"CGGAGCTAGTTTAGGA-1",3.36090262900973
"CGGAGCTGTAGAAAGG-1",0
"CGGAGCTTCACTTATC-1",5.33762218628796
"CGGAGCTTCATGTAGC-1",0
"CGGAGCTTCCACGAAT-1",0
"CGGAGTCAGTGCGATG-1",4.91750231516261
"CGGAGTCAGTGTGAAT-1",0
"CGGAGTCCAGTGGGAT-1",3.23033434271661
"CGGAGTCCATTATCTC-1",0
"CGGAGTCGTAGCTGCC-1",0
"CGGAGTCGTGTTCGAT-1",3.45422851480934
"CGGAGTCTCCCAGGTG-1",0
"CGGAGTCTCCGTAGTA-1",5.54087854413835
"CGGCTAGAGAAACGCC-1",0
"CGGCTAGAGCACCGTC-1",3.9244727624475
"CGGCTAGAGCTAAACA-1",0
"CGGCTAGCAGACAAAT-1",0
"CGGCTAGGTAACGCGA-1",3.89575270652467
"CGGCTAGGTTCATGGT-1",3.36090262900973
"CGGCTAGTCAAAGACA-1",5.45907999414123
"CGGCTAGTCGTGGGAA-1",5.71654333315511
"CGGCTAGTCTTGTTTG-1",0
"CGGGTCAAGAGTCGGT-1",4.3642083782655
"CGGGTCAAGCACACAG-1",8.3005680490073
"CGGGTCAAGCTAACTC-1",0
"CGGGTCAAGGACACCA-1",0
"CGGGTCAAGTATGACA-1",0
"CGGGTCACAATGACCT-1",3.42521402345659
"CGGGTCACACCGAAAG-1",3.30278234231719
"CGGGTCACAGCCACCA-1",0
"CGGGTCACATACAGCT-1",0
"CGGGTCACATCCTTGC-1",0
"CGGGTCAGTAGCGCTC-1",0
"CGGGTCAGTCGATTGT-1",0
"CGGGTCAGTGCAACTT-1",7.84848897232762
"CGGGTCAGTTGTTTGG-1",8.25828102952541
"CGGGTCATCAACACCA-1",11.3502408212738
"CGGGTCATCACCTTAT-1",3.28130333212077
"CGGGTCATCCACGACG-1",0
"CGGTTAACAGGACCCT-1",0
"CGGTTAACATGTCCTC-1",0
"CGGTTAACATTCCTGC-1",0
"CGGTTAAGTCGACTGC-1",0
"CGGTTAATCCGGCACA-1",3.3001766669686
"CGGTTAATCCTTTCGG-1",0
"CGGTTAATCTTATCTG-1",4.9940567443033
"CGTAGCGAGATGTAAC-1",7.33247627792487
"CGTAGCGAGGCAATTA-1",3.20338952942346
"CGTAGCGCAAGCGCTC-1",4.31229777061313
"CGTAGCGTCCAACCAA-1",0
"CGTAGCGTCGGCGGTT-1",3.59153278019591
"CGTAGGCAGGGCTCTC-1",0
"CGTAGGCCAAGCGATG-1",0
"CGTAGGCCACTAAGTC-1",0
"CGTAGGCCAGAGTGTG-1",5.46699320063521
"CGTAGGCCATCCCATC-1",11.3502408212738
"CGTAGGCGTATTAGCC-1",0
"CGTAGGCGTCAATACC-1",0
"CGTAGGCGTGGCGAAT-1",0
"CGTAGGCTCCAGAAGG-1",0
"CGTCACTAGTCATGCT-1",5.11639277532069
"CGTCACTCAAAGCGGT-1",0
"CGTCACTCAGGTCCAC-1",3.36090262900973
"CGTCACTCAGTCACTA-1",0
"CGTCACTTCCTTGACC-1",0
"CGTCACTTCGGTGTTA-1",0
"CGTCACTTCTGTGCAA-1",7.54676744327112
"CGTCACTTCTTGAGAC-1",0
"CGTCAGGAGCTGTTCA-1",0
"CGTCAGGCAAAGCAAT-1",0
"CGTCAGGCAAAGCGGT-1",4.42879657556174
"CGTCAGGCAACACGCC-1",3.89831703624474
"CGTCAGGCATCCGCGA-1",0
"CGTCAGGGTCAGCTAT-1",0
"CGTCAGGGTCGTTGTA-1",4.0703500542707
"CGTCAGGGTGTAAGTA-1",5.54087854413835
"CGTCAGGTCCACTGGG-1",6.59752977774582
"CGTCAGGTCGACAGCC-1",0
"CGTCAGGTCGGGAGTA-1",0
"CGTCCATAGACCACGA-1",0
"CGTCCATAGCGATTCT-1",5.09068526499225
"CGTCCATAGGCTATCT-1",6.64446927301861
"CGTCCATAGTCTCAAC-1",0
"CGTCCATCACGACTCG-1",3.89831703624474
"CGTCCATCATTCACTT-1",0
"CGTCCATGTCTAGCGC-1",3.01480226691621
"CGTCCATGTGATAAAC-1",0
"CGTCCATGTTTGGGCC-1",0
"CGTCCATGTTTGTGTG-1",0
"CGTCCATTCAACACCA-1",7.44308459294429
"CGTCCATTCATTCACT-1",8.20155754387782
"CGTCTACAGTGCGTGA-1",3.20338952942346
"CGTCTACGTAGTAGTA-1",0
"CGTCTACTCGAGCCCA-1",0
"CGTCTACTCGCCATAA-1",0
"CGTCTACTCGGCCGAT-1",0
"CGTCTACTCGTCCAGG-1",3.23033434271661
"CGTGAGCAGATCTGAA-1",6.60109450917244
"CGTGAGCAGCAATCTC-1",0
"CGTGAGCAGCGGATCA-1",0
"CGTGAGCAGCTAGTGG-1",4.78515943423765
"CGTGAGCAGCTTCGCG-1",0
"CGTGAGCAGGGCACTA-1",0
"CGTGAGCAGGGTGTGT-1",3.93322134067331
"CGTGAGCAGTGGAGAA-1",3.17891738156185
"CGTGAGCCAAGCCGCT-1",6.47474641975431
"CGTGAGCCACGTAAGG-1",0
"CGTGAGCCATACGCCG-1",5.71654333315511
"CGTGAGCGTAGATTAG-1",0
"CGTGAGCGTCTCTTAT-1",0
"CGTGAGCTCACAAACC-1",6.46085188322789
"CGTGAGCTCCAAATGC-1",5.54087854413835
"CGTGAGCTCCGAGCCA-1",5.0008445295786
"CGTGAGCTCGTTGCCT-1",6.5277220619152
"CGTGAGCTCTGGGCCA-1",0
"CGTGTAAAGATAGTCA-1",0
"CGTGTAAAGGTGTTAA-1",0
"CGTGTAAAGTACATGA-1",8.57064146880905
"CGTGTAACATGGGACA-1",0
"CGTGTAAGTGTCTGAT-1",0
"CGTGTAATCTACTATC-1",0
"CGTGTAATCTCGATGA-1",3.13289730246286
"CGTGTAATCTTTAGTC-1",0
"CGTGTCTAGGCGCTCT-1",3.01480226691621
"CGTGTCTAGGGATGGG-1",6.69674614106438
"CGTGTCTCAGACAAAT-1",0
"CGTGTCTCAGACACTT-1",6.77198021264776
"CGTGTCTGTAAGAGGA-1",3.09263970839021
"CGTGTCTGTATATGAG-1",0
"CGTGTCTGTCAAAGCG-1",0
"CGTGTCTGTTCCGTCT-1",0
"CGTGTCTTCAATCACG-1",7.34748577891336
"CGTGTCTTCAGAGGTG-1",0
"CGTGTCTTCATAGCAC-1",0
"CGTGTCTTCCGAACGC-1",3.86585272414528
"CGTGTCTTCGGCATCG-1",0
"CGTGTCTTCGTGGACC-1",0
"CGTGTCTTCTACTTAC-1",0
"CGTGTCTTCTGAGTGT-1",8.87311082277761
"CGTTAGAAGATCTGAA-1",0
"CGTTAGAAGGCCCTTG-1",0
"CGTTAGACACGAAAGC-1",0
"CGTTAGACAGCTTCGG-1",0
"CGTTAGAGTTTAAGCC-1",8.38223192020225
"CGTTAGATCACTTATC-1",5.05996067728484
"CGTTAGATCAGCCTAA-1",6.3442027601302
"CGTTCTGAGAAGGGTA-1",0
"CGTTCTGAGTGAACAT-1",0
"CGTTCTGCAGCTCGCA-1",5.0008445295786
"CGTTCTGCATTGGCGC-1",0
"CGTTCTGGTGAGGGTT-1",0
"CGTTCTGTCTGATTCT-1",7.44308459294429
"CGTTGGGAGCTAGTTC-1",0
"CGTTGGGAGGATGCGT-1",0
"CGTTGGGCACATTAGC-1",0
"CGTTGGGCAGACAGGT-1",0
"CGTTGGGGTTCCCGAG-1",0
"CGTTGGGTCATGCTCC-1",6.75155251457939
"CGTTGGGTCCATGAAC-1",0
"CGTTGGGTCTACCAGA-1",4.85563881070225
"CTAACTTAGTCCTCCT-1",0
"CTAACTTCAATAGCAA-1",0
"CTAACTTCAATCGGTT-1",0
"CTAACTTGTGAGGCTA-1",4.14217476756334
"CTAACTTTCGTACGGC-1",0
"CTAACTTTCTGGCGTG-1",7.44308459294429
"CTAAGACAGGGAAACA-1",0
"CTAAGACAGTACATGA-1",3.99176544126499
"CTAAGACAGTTCGCGC-1",0
"CTAAGACCAAGTAATG-1",8.57064146880905
"CTAAGACCAGTAAGAT-1",0
"CTAAGACCATGCAATC-1",0
"CTAAGACGTAAGGATT-1",0
"CTAAGACGTATCAGTC-1",0
"CTAAGACGTCACCTAA-1",9.67860995337247
"CTAAGACTCGTTGCCT-1",4.78515943423765
"CTAAGACTCTTACCGC-1",0
"CTAAGACTCTTGAGGT-1",5.71654333315511
"CTAATGGAGCAATCTC-1",0
"CTAATGGAGCGCTCCA-1",6.81433919982896
"CTAATGGAGCTCCCAG-1",0
"CTAATGGAGCTGAAAT-1",12.2814131341452
"CTAATGGAGTTAGGTA-1",5.45907999414123
"CTAATGGCATGGAATA-1",4.42879657556174
"CTAATGGGTACCGCTG-1",3.12141575970157
"CTAATGGGTCTAGCGC-1",7.46466821179204
"CTAATGGGTGAGGGAG-1",5.82090401998546
"CTAATGGGTTGGTGGA-1",0
"CTAATGGTCATGCTCC-1",7.38131947586005
"CTAATGGTCCACTGGG-1",3.36090262900973
"CTAATGGTCCGTTGCT-1",0
"CTAATGGTCCTAGAAC-1",3.26301069034062
"CTACACCAGTGCGATG-1",4.8012333628981
"CTACACCCACGGACAA-1",3.71337021816531
"CTACACCGTAATAGCA-1",4.80375508551582
"CTACACCGTCTGATTG-1",0
"CTACACCGTTCGTCTC-1",0
"CTACACCTCAGAAATG-1",0
"CTACACCTCGGCTTGG-1",6.47474641975431
"CTACACCTCGGTCCGA-1",0
"CTACACCTCTCGCATC-1",6.0164914698729
"CTACACCTCTCTGCTG-1",4.3642083782655
"CTACATTAGATCACGG-1",0
"CTACATTCACTCGACG-1",5.79032708121111
"CTACATTCATTTCACT-1",4.3642083782655
"CTACATTGTGATGATA-1",3.89831703624474
"CTACATTGTTCGAATC-1",3.89831703624474
"CTACATTTCAACGCTA-1",0
"CTACATTTCGCCATAA-1",3.71337021816531
"CTACATTTCTAGCACA-1",9.20042791921687
"CTACCCACACAGAGGT-1",0
"CTACCCACACGACGAA-1",0
"CTACCCACATGGTTGT-1",0
"CTACCCAGTATCTGCA-1",0
"CTACCCAGTATGAATG-1",6.91832762029462
"CTACCCAGTCAGAAGC-1",9.72833117977742
"CTACCCAGTGTGACCC-1",8.09346926362173
"CTACCCAGTTATGTGC-1",0
"CTACCCATCTACGAGT-1",4.97806143615827
"CTACGTCAGGTGCAAC-1",0
"CTACGTCAGTGCGATG-1",0
"CTACGTCAGTTGTCGT-1",3.77654554354521
"CTACGTCCATATACCG-1",6.3442027601302
"CTACGTCGTATATGGA-1",3.63394662503067
"CTACGTCGTGTGGTTT-1",5.82090401998546
"CTACGTCTCAAAGTAG-1",5.71654333315511
"CTACGTCTCACGACTA-1",5.40577090740922
"CTACGTCTCACGGTTA-1",0
"CTACGTCTCCTAGAAC-1",0
"CTAGAGTAGCTGTCTA-1",7.33247627792487
"CTAGAGTAGGATCGCA-1",0
"CTAGAGTAGTCCATAC-1",0
"CTAGAGTCACATTAGC-1",4.72616257933774
"CTAGAGTCAGTATGCT-1",0
"CTAGAGTCATACTCTT-1",7.54676744327112
"CTAGAGTCATGTAAGA-1",0
"CTAGAGTGTGACCAAG-1",3.59153278019591
"CTAGAGTTCAACACCA-1",3.66688638123568
"CTAGAGTTCCGTCAAA-1",0
"CTAGAGTTCCTAAGTG-1",0
"CTAGAGTTCGCCAGCA-1",0
"CTAGAGTTCGCTTAGA-1",7.54676744327112
"CTAGAGTTCGTGACAT-1",0
"CTAGAGTTCTGATTCT-1",0
"CTAGCCTCACCAGATT-1",5.45322702065052
"CTAGCCTGTATATCCG-1",0
"CTAGCCTGTGATGCCC-1",0
"CTAGCCTTCGGGAGTA-1",7.19172899174411
"CTAGTGAAGCTGGAAC-1",0
"CTAGTGAAGTGTACCT-1",3.75660294604391
"CTAGTGACAAGTCTAC-1",0
"CTAGTGACAGGATCGA-1",4.78515943423765
"CTAGTGAGTTATGCGT-1",0
"CTAGTGATCAGTTGAC-1",0
"CTAGTGATCCAGTAGT-1",6.5277220619152
"CTCACACAGCTAAGAT-1",5.26988427876524
"CTCACACAGCTGCCCA-1",3.36090262900973
"CTCACACAGGATGCGT-1",3.82726631193363
"CTCACACCACGTAAGG-1",0
"CTCACACCACTGTTAG-1",0
"CTCACACCATATACGC-1",0
"CTCACACGTGCTGTAT-1",9.81890503423721
"CTCACACGTTCCATGA-1",0
"CTCACACGTTTGGGCC-1",0
"CTCACACTCACCGGGT-1",0
"CTCACACTCATCGGAT-1",3.83411766026303
"CTCACACTCCGCGCAA-1",0
"CTCACACTCTAACCGA-1",4.80651991928789
"CTCAGAAAGAGCTGCA-1",0
"CTCAGAAAGGAGTAGA-1",0
"CTCAGAACAACGCACC-1",4.42734888050004
"CTCAGAACAAGCGATG-1",3.86585272414528
"CTCAGAACAGGGCATA-1",0
"CTCAGAAGTGACGGTA-1",5.12889896774416
"CTCAGAATCTTAACCT-1",0
"CTCATTAAGAACTGTA-1",0
"CTCATTACATGGTCAT-1",0
"CTCATTAGTGTAACGG-1",6.36626271352096
"CTCATTAGTTTACTCT-1",3.26301069034062
"CTCCTAGCAAGTACCT-1",0
"CTCCTAGCAATTCCTT-1",5.75181445732364
"CTCCTAGCACTGTCGG-1",3.45422851480934
"CTCCTAGCAGTCCTTC-1",4.72616257933774
"CTCCTAGCATAACCTG-1",0
"CTCCTAGCATGCGCAC-1",0
"CTCCTAGGTAGAAAGG-1",0
"CTCCTAGGTCCGAGTC-1",0
"CTCCTAGGTCTAGCCG-1",3.30278234231719
"CTCCTAGGTGTTTGTG-1",0
"CTCCTAGGTTCGTGAT-1",4.31229777061313
"CTCCTAGGTTGTTTGG-1",9.92305755957654
"CTCCTAGTCACTTACT-1",0
"CTCCTAGTCTCATTCA-1",3.77532904279992
"CTCGAAAAGCCCAACC-1",5.23571926392913
"CTCGAAAAGCTATGCT-1",5.71604389659127
"CTCGAAAAGGCCCTTG-1",0
"CTCGAAAAGGGCTTCC-1",0
"CTCGAAACAAGCCGTC-1",0
"CTCGAAACACATTAGC-1",4.3642083782655
"CTCGAAACACCGAAAG-1",0
"CTCGAAACACGGCTAC-1",4.42879657556174
"CTCGAAACAGTAAGAT-1",0
"CTCGAGGAGCCATCGC-1",0
"CTCGAGGAGGGCTTCC-1",3.53963192512618
"CTCGAGGCAGATAATG-1",8.65669316341584
"CTCGAGGGTATTCTCT-1",6.7200329681628
"CTCGAGGGTGCCTGGT-1",0
"CTCGGAGAGTCCCACG-1",0
"CTCGGAGCACTTCTGC-1",0
"CTCGGAGCAGCTGCAC-1",0
"CTCGGAGCAGGATCGA-1",6.73612685929527
"CTCGGAGGTAGCCTAT-1",0
"CTCGGAGGTCATGCCG-1",3.7165810034959
"CTCGGAGTCAAACGGG-1",0
"CTCGGAGTCACATACG-1",0
"CTCGGAGTCAGCTTAG-1",0
"CTCGGGAAGACCTAGG-1",4.3642083782655
"CTCGGGACACAGCCCA-1",0
"CTCGGGACATAAAGGT-1",0
"CTCGGGACATCCCACT-1",0
"CTCGGGACATGTCGAT-1",0
"CTCGGGAGTCGCGTGT-1",0
"CTCGGGAGTGACTACT-1",15.6661746672576
"CTCGGGAGTTACGACT-1",3.30278234231719
"CTCGGGATCCGTACAA-1",0
"CTCGGGATCCTTGACC-1",0
"CTCGGGATCTTGTTTG-1",0
"CTCGTACAGCGATAGC-1",7.44308459294429
"CTCGTACCAGCGTAAG-1",5.71654333315511
"CTCGTACCATAGTAAG-1",0
"CTCGTACGTAGAGTGC-1",4.8841489022429
"CTCGTACGTATCACCA-1",0
"CTCGTACGTGCAGTAG-1",4.50087381948307
"CTCGTACTCAAAGTAG-1",0
"CTCGTACTCAATCTCT-1",4.80651991928789
"CTCGTACTCGTTGCCT-1",3.82726631193363
"CTCGTACTCTGGTTCC-1",0
"CTCGTCAAGATGCCTT-1",7.5711004432541
"CTCGTCAAGTGGAGTC-1",11.3502408212738
"CTCGTCAAGTTTGCGT-1",0
"CTCGTCACAACGATCT-1",4.97384001266869
"CTCGTCACACATCCGG-1",5.46699320063521
"CTCGTCACAGTCGTGC-1",4.91750231516261
"CTCGTCAGTCTCATCC-1",0
"CTCGTCAGTCTCCATC-1",5.05996067728484
"CTCGTCAGTGAGCGAT-1",0
"CTCGTCAGTTGACGTT-1",0
"CTCGTCAGTTGGGACA-1",0
"CTCGTCATCACTTATC-1",10.3411930435436
"CTCGTCATCGACCAGC-1",3.34501837119249
"CTCGTCATCTGCTGTC-1",2.99554558259904
"CTCTAATCACCAGGTC-1",0
"CTCTAATCACGGTGTC-1",0
"CTCTAATCAGGAATCG-1",3.89719563517455
"CTCTAATGTCCAAGTT-1",0
"CTCTACGAGCTAAACA-1",0
"CTCTACGAGCTAGTGG-1",6.77198021264776
"CTCTACGAGTACGCCC-1",7.07729574661227
"CTCTACGAGTAGGCCA-1",0
"CTCTACGCAATAACGA-1",6.73612685929527
"CTCTACGCAGACGCTC-1",0
"CTCTACGCATGACATC-1",0
"CTCTACGTCATGTCTT-1",0
"CTCTACGTCCCTAATT-1",4.72821976924496
"CTCTACGTCGGCATCG-1",4.72616257933774
"CTCTACGTCGGTCTAA-1",3.42317793997695
"CTCTGGTAGCGTTCCG-1",0
"CTCTGGTAGGCATGGT-1",3.17891738156185
"CTCTGGTAGTGCCAGA-1",0
"CTCTGGTCACAAGCCC-1",3.94622397902743
"CTCTGGTCAGCCTTTC-1",3.12141575970157
"CTCTGGTTCATCTGTT-1",10.3411930435436
"CTCTGGTTCTTGTACT-1",0
"CTGAAACAGATCCCGC-1",3.48613768725715
"CTGAAACAGGTGCTAG-1",3.93322134067331
"CTGAAACAGTCCGTAT-1",0
"CTGAAACAGTGTCTCA-1",0
"CTGAAACGTCATCGGC-1",5.45661348069826
"CTGAAACGTTAAAGAC-1",0
"CTGAAACTCATACGGT-1",4.39763448974828
"CTGAAGTAGTGCGTGA-1",5.11378656971507
"CTGAAGTCAGCTGTAT-1",8.65669316341584
"CTGAAGTGTTAAAGTG-1",0
"CTGAAGTTCAAGCCTA-1",4.9940567443033
"CTGAAGTTCGGATGTT-1",9.9764799422759
"CTGATAGAGGGAGTAA-1",3.01480226691621
"CTGATAGAGTGCAAGC-1",0
"CTGATAGCAGCCTTTC-1",0
"CTGATAGCATCCCATC-1",0
"CTGATAGCATCTCCCA-1",0
"CTGATAGGTCAAAGCG-1",9.53274098576348
"CTGATAGGTCGCTTTC-1",0
"CTGATAGGTTACGACT-1",3.36090262900973
"CTGATAGTCGCGATCG-1",6.09732770766367
"CTGATCCAGGCATTGG-1",0
"CTGATCCAGGTGACCA-1",6.09732770766367
"CTGATCCCACAGAGGT-1",3.94622397902743
"CTGATCCCAGGCTGAA-1",5.94529193040039
"CTGATCCGTGCCTGGT-1",5.45907999414123
"CTGATCCGTTATCCGA-1",0
"CTGATCCGTTGTGGCC-1",0
"CTGCCTAAGGGTCTCC-1",0
"CTGCCTAAGGTGATAT-1",0
"CTGCCTAAGTACGCGA-1",3.77532904279992
"CTGCCTAAGTGCGTGA-1",0
"CTGCCTACATCCCACT-1",0
"CTGCCTATCAATAAGG-1",9.53274098576348
"CTGCGGAAGAAGGACA-1",0
"CTGCGGAAGAGCTGGT-1",0
"CTGCGGAAGATGAGAG-1",3.46932082863647
"CTGCGGACAGGTCGTC-1",0
"CTGCGGACATGTCTCC-1",6.09732770766367
"CTGCGGAGTCACTTCC-1",5.45907999414123
"CTGCGGAGTCGTGGCT-1",0
"CTGCGGAGTTCTGTTT-1",6.60541591555289
"CTGCGGAGTTGGACCC-1",5.29088176870334
"CTGCGGATCGCCTGTT-1",0
"CTGCGGATCTTACCGC-1",4.14217476756334
"CTGCTGTAGGGTGTTG-1",3.42317793997695
"CTGCTGTAGTACCGGA-1",0
"CTGCTGTAGTGGAGAA-1",4.97806143615827
"CTGCTGTCACATCTTT-1",0
"CTGCTGTGTTAAAGAC-1",9.20042791921687
"CTGCTGTTCTCCAACC-1",0
"CTGCTGTTCTTACCGC-1",0
"CTGGTCTAGCGTTGCC-1",5.75181445732364
"CTGGTCTAGGACAGCT-1",6.3442027601302
"CTGGTCTAGGGCTTGA-1",0
"CTGGTCTAGTCGAGTG-1",0
"CTGGTCTCAAAGGAAG-1",5.45907999414123
"CTGGTCTCACCAGTTA-1",0
"CTGGTCTGTACCTACA-1",8.25828102952541
"CTGGTCTGTACGCTGC-1",3.60494888510061
"CTGGTCTGTCCGCTGA-1",0
"CTGGTCTGTCCGTTAA-1",0
"CTGGTCTGTTCATGGT-1",9.67860995337247
"CTGGTCTGTTCGTGAT-1",0
"CTGGTCTTCAACGGGA-1",8.66660323037013
"CTGGTCTTCACTTACT-1",3.00311516096539
"CTGGTCTTCTTACCTA-1",0
"CTGTGCTGTATATCCG-1",0
"CTGTGCTGTCATCCCT-1",0
"CTGTGCTGTCCCTACT-1",3.7067199280531
"CTGTGCTGTCGGCACT-1",0
"CTGTGCTTCCATTCTA-1",0
"CTGTTTAAGAAACCGC-1",5.11639277532069
"CTGTTTAAGATCGATA-1",3.93322134067331
"CTGTTTAAGGAGTTGC-1",3.50597429202029
"CTGTTTAGTCAAAGCG-1",0
"CTGTTTATCAGCCTAA-1",0
"CTGTTTATCATTTGGG-1",0
"CTGTTTATCTCCAGGG-1",3.17891738156185
"CTGTTTATCTCTTGAT-1",6.47474641975431
"CTGTTTATCTTCTGGC-1",0
"CTTAACTAGCCAGTAG-1",0
"CTTAACTAGGCTCTTA-1",3.36090262900973
"CTTAACTAGGTGCACA-1",0
"CTTAACTAGTCTCGGC-1",0
"CTTACCGAGCGCTTAT-1",15.6661746672576
"CTTACCGAGGCTACGA-1",0
"CTTACCGCAGATCTGT-1",0
"CTTACCGCAGTCAGAG-1",0
"CTTACCGGTCCTGCTT-1",3.30278234231719
"CTTACCGGTCGCCATG-1",3.59153278019591
"CTTACCGGTCTACCTC-1",3.17435133594484
"CTTACCGTCGGACAAG-1",0
"CTTAGGAAGCCCAACC-1",3.52898493339057
"CTTAGGACACGACGAA-1",0
"CTTAGGAGTTATGTGC-1",0
"CTTAGGATCCCATTTA-1",0
"CTTAGGATCTTTACAC-1",3.20338952942346
"CTTCTCTAGAACTCGG-1",0
"CTTCTCTAGAGTGAGA-1",0
"CTTCTCTAGCAGGCTA-1",4.42734888050004
"CTTCTCTAGTTAACGA-1",0
"CTTCTCTCAAAGGTGC-1",6.15915911816231
"CTTCTCTGTAACGACG-1",3.63394662503067
"CTTCTCTGTGCATCTA-1",3.71337021816531
"CTTCTCTTCGAGCCCA-1",0
"CTTGGCTAGCGATATA-1",0
"CTTGGCTAGTACGTTC-1",0
"CTTGGCTCATTACCTT-1",4.42879657556174
"CTTGGCTGTCTCCATC-1",0
"CTTGGCTTCCCTAATT-1",4.96948509780359
"CTTGGCTTCGCGTAGC-1",0
"CTTGGCTTCTCGTTTA-1",3.60494888510061
"CTTTGCGAGCAAATCA-1",0
"CTTTGCGAGCGTTCCG-1",4.85563881070225
"CTTTGCGAGTATCTCG-1",3.23033434271661
"CTTTGCGCAATTCCTT-1",5.17813153778311
"CTTTGCGCACTTAAGC-1",6.3442027601302
"CTTTGCGCAGACGCAA-1",0
"CTTTGCGGTAGAGGAA-1",9.67860995337247
"CTTTGCGTCCAGGGCT-1",3.30278234231719
"GAAACTCAGAGACGAA-1",0
"GAAACTCAGAGGTTAT-1",0
"GAAACTCAGCAGCCTC-1",0
"GAAACTCAGCCCAGCT-1",0
"GAAACTCAGCTAAACA-1",0
"GAAACTCAGTGCTGCC-1",0
"GAAACTCCAAGCCCAC-1",5.71654333315511
"GAAACTCCACATGACT-1",0
"GAAACTCCAGACACTT-1",0
"GAAACTCCATGGATGG-1",0
"GAAACTCGTACTCGCG-1",5.82090401998546
"GAAACTCGTAGCGATG-1",3.53963192512618
"GAAACTCGTGTGAAAT-1",5.54087854413835
"GAAACTCGTTTGTGTG-1",0
"GAAATGAAGCCAGTTT-1",0
"GAAATGAAGCTAGTCT-1",4.93820183196362
"GAAATGAAGTACGTAA-1",0
"GAAATGATCATGCTCC-1",5.05996067728484
"GAAATGATCCTCGCAT-1",5.45661348069826
"GAACATCAGATGGCGT-1",0
"GAACATCCAACAACCT-1",0
"GAACATCCACATCTTT-1",0
"GAACATCCACCTATCC-1",0
"GAACATCCACGGACAA-1",3.24282545745548
"GAACATCCATGCTAGT-1",0
"GAACATCGTACGACCC-1",0
"GAACATCGTGGACGAT-1",2.9552768607519
"GAACATCGTTCCCGAG-1",0
"GAACATCTCCAAGTAC-1",0
"GAACATCTCGATCCCT-1",0
"GAACATCTCTCCAACC-1",5.33762218628796
"GAACCTAAGAACTGTA-1",0
"GAACCTAAGAGCAATT-1",0
"GAACCTAAGCCAGTAG-1",0
"GAACCTACAAGGACAC-1",4.31229777061313
"GAACCTACAGACACTT-1",3.36090262900973
"GAACCTAGTACCAGTT-1",3.20338952942346
"GAACCTAGTGTCAATC-1",4.75868317255882
"GAACCTATCACGATGT-1",0
"GAACGGAAGACGCAAC-1",0
"GAACGGAAGTAATCCC-1",0
"GAACGGAAGTCAATAG-1",5.79032708121111
"GAACGGAAGTGGACGT-1",5.79032708121111
"GAACGGACACAGCGTC-1",7.38131947586005
"GAACGGACACCTCGTT-1",0
"GAACGGACACTTAACG-1",3.89831703624474
"GAACGGAGTAGCGTAG-1",0
"GAACGGAGTCAGAGGT-1",0
"GAACGGAGTGGCGAAT-1",0
"GAACGGATCACTCCTG-1",6.15915911816231
"GAACGGATCCACGAAT-1",0
"GAACGGATCGTAGGAG-1",0
"GAACGGATCTGTCAAG-1",0
"GAAGCAGAGACTAAGT-1",0
"GAAGCAGAGAGACGAA-1",3.42521402345659
"GAAGCAGAGCCACGCT-1",4.3642083782655
"GAAGCAGAGTTCGCGC-1",0
"GAAGCAGCAATCCGAT-1",5.75181445732364
"GAAGCAGCAGATCTGT-1",3.01480226691621
"GAAGCAGCAGATGAGC-1",0
"GAAGCAGCATGAACCT-1",5.40577090740922
"GAAGCAGCATGGAATA-1",0
"GAAGCAGGTAACGCGA-1",6.46085188322789
"GAAGCAGGTCATACTG-1",6.81433919982896
"GAAGCAGTCCTAGTGA-1",5.99249103739414
"GAAGCAGTCTTATCTG-1",6.54456984438821
"GAATAAGCAAGGTGTG-1",7.19172899174411
"GAATAAGCAGACAAGC-1",0
"GAATAAGCATGCAACT-1",0
"GAATAAGGTCCGTTAA-1",5.45661348069826
"GAATAAGGTGAGTGAC-1",0
"GAATAAGGTTCCCTTG-1",0
"GAATAAGTCGTTTAGG-1",0
"GAATGAAAGAGTCTGG-1",5.45661348069826
"GAATGAAAGCTTATCG-1",4.14217476756334
"GAATGAAAGGCATGTG-1",0
"GAATGAACAAACGCGA-1",0
"GAATGAACAGTGAGTG-1",0
"GAATGAACATCATCCC-1",0
"GAATGAAGTCAACATC-1",5.75181445732364
"GAATGAAGTCTCACCT-1",4.85563881070225
"GAATGAAGTGGCAAAC-1",0
"GAATGAAGTTGCGTTA-1",2.95920501848745
"GAATGAATCAGTTAGC-1",0
"GAATGAATCCTGCCAT-1",6.0164914698729
"GACACGCAGACGCACA-1",4.99816095830979
"GACACGCAGAGTAATC-1",0
"GACACGCAGCCAACAG-1",0
"GACACGCAGGAGTTTA-1",15.6661746672576
"GACACGCAGGGCATGT-1",0
"GACACGCAGGTGCACA-1",6.36626271352096
"GACACGCAGTCCAGGA-1",5.38892202426129
"GACACGCAGTGGGATC-1",0
"GACACGCAGTGGGTTG-1",0
"GACACGCCAAGCGTAG-1",4.9888863329471
"GACACGCCAAGGACAC-1",5.05996067728484
"GACACGCCAGACGCTC-1",0
"GACACGCCATCCTTGC-1",5.0008445295786
"GACACGCGTTCACGGC-1",0
"GACACGCTCATGTAGC-1",0
"GACAGAGAGTACGATA-1",6.47474641975431
"GACAGAGCAACGATCT-1",0
"GACAGAGCAAGTCTAC-1",0
"GACAGAGCAGCTCCGA-1",6.3442027601302
"GACAGAGCAGCTGGCT-1",0
"GACAGAGTCAAACAAG-1",6.15915911816231
"GACAGAGTCAGAGACG-1",0
"GACAGAGTCCTTCAAT-1",0
"GACAGAGTCCTTGCCA-1",0
"GACAGAGTCTTCATGT-1",0
"GACCAATAGAAGGGTA-1",7.07729574661227
"GACCAATAGCTACCGC-1",0
"GACCAATAGCTACCTA-1",3.82589784577743
"GACCAATCAGGTGCCT-1",9.20042791921687
"GACCAATCATGCGCAC-1",0
"GACCAATGTACAGTTC-1",0
"GACCAATGTCGCTTCT-1",0
"GACCAATTCCGATATG-1",0
"GACCAATTCGAATGGG-1",6.09732770766367
"GACCAATTCGTCACGG-1",0
"GACCTGGCATCACAAC-1",0
"GACCTGGCATGTCTCC-1",0
"GACCTGGCATTGGCGC-1",6.7200329681628
"GACCTGGGTAAAGGAG-1",0
"GACCTGGGTCCAGTTA-1",6.65323246518143
"GACCTGGGTGCAGTAG-1",0
"GACCTGGTCATAGCAC-1",3.17435133594484
"GACCTGGTCCTTGCCA-1",8.65669316341584
"GACCTGGTCGCATGAT-1",0
"GACCTGGTCGTCACGG-1",6.75155251457939
"GACGCGTAGTGGTAAT-1",0
"GACGCGTAGTTGTAGA-1",0
"GACGCGTGTAAAGGAG-1",0
"GACGCGTGTGTGAAAT-1",6.29768282862465
"GACGCGTGTTAAGACA-1",5.29088176870334
"GACGCGTTCAAACCGT-1",3.71337021816531
"GACGCGTTCCAAATGC-1",0
"GACGCGTTCCGCGGTA-1",3.7067199280531
"GACGCGTTCCTACAGA-1",0
"GACGCGTTCTCCGGTT-1",3.80940787177119
"GACGGCTAGAAGATTC-1",0
"GACGGCTAGAGCTGGT-1",0
"GACGGCTCAAGGTTTC-1",0
"GACGGCTCACCGCTAG-1",0
"GACGGCTCATGAACCT-1",0
"GACGGCTCATGCAACT-1",7.19172899174411
"GACGGCTGTGTGTGCC-1",0
"GACGGCTGTTATGTGC-1",0
"GACGGCTGTTTGGCGC-1",4.91931414000352
"GACGGCTTCTATCGCC-1",6.60541591555289
"GACGTGCAGGCAAAGA-1",0
"GACGTGCAGGGTGTGT-1",4.72616257933774
"GACGTGCAGGTGTTAA-1",0
"GACGTGCCAGGTCGTC-1",0
"GACGTGCGTAACGTTC-1",0
"GACGTGCTCACCTCGT-1",0
"GACGTTAAGCTACCGC-1",0
"GACGTTAAGGCAAAGA-1",3.10077076977449
"GACGTTAAGTCAAGCG-1",0
"GACGTTACAAGCCATT-1",0
"GACGTTACAAGGTTTC-1",0
"GACGTTACAGACACTT-1",0
"GACGTTAGTATCTGCA-1",0
"GACGTTAGTTTGACAC-1",0
"GACGTTAGTTTGACTG-1",0
"GACGTTATCACAGGCC-1",0
"GACGTTATCATTGCGA-1",0
"GACGTTATCCCGGATG-1",3.7067199280531
"GACGTTATCCGAAGAG-1",4.80651991928789
"GACGTTATCGCGTTTC-1",0
"GACGTTATCTGTCCGT-1",0
"GACTAACAGACAGAGA-1",3.10077076977449
"GACTAACAGTGGAGAA-1",0
"GACTAACCAAATCCGT-1",3.52898493339057
"GACTAACGTCTAGTCA-1",8.6650948504424
"GACTAACGTGCAACTT-1",0
"GACTAACGTTCAGACT-1",10.2476270436986
"GACTAACTCCTTTCTC-1",0
"GACTAACTCTTGCCGT-1",0
"GACTAACTCTTTACAC-1",7.19172899174411
"GACTACAAGATATGGT-1",6.09732770766367
"GACTACACAAATCCGT-1",4.89580558425227
"GACTACAGTGCTGTAT-1",0
"GACTACATCAGCCTAA-1",4.07456080267245
"GACTACATCAGGTAAA-1",4.9489053479945
"GACTACATCTGCAGTA-1",0
"GACTGCGAGCGTAGTG-1",0
"GACTGCGAGTTGTAGA-1",5.94529193040039
"GACTGCGCACTTAACG-1",4.96948509780359
"GACTGCGCATGTTCCC-1",0
"GACTGCGGTACGCACC-1",6.58177499163592
"GACTGCGGTTCTCATT-1",0
"GACTGCGTCAACACAC-1",8.87311082277761
"GACTGCGTCACGACTA-1",0
"GACTGCGTCGCCCTTA-1",0
"GACTGCGTCTCAAACG-1",0
"GAGCAGAGTAGGGTAC-1",0
"GAGCAGAGTCAGATAA-1",4.8012333628981
"GAGCAGAGTCATATGC-1",4.07456080267245
"GAGCAGAGTGAGCGAT-1",6.09732770766367
"GAGCAGAGTGTAACGG-1",0
"GAGCAGAGTGTGACCC-1",0
"GAGCAGAGTTCGGGCT-1",0
"GAGCAGAGTTTAAGCC-1",0
"GAGCAGAGTTTGCATG-1",5.0008445295786
"GAGGTGAAGCAACGGT-1",0
"GAGGTGAAGGCTCTTA-1",0
"GAGGTGAAGTGGTAGC-1",3.63394662503067
"GAGGTGAAGTTGTAGA-1",3.7067199280531
"GAGGTGACACTGTCGG-1",0
"GAGGTGACATCCTTGC-1",0
"GAGGTGACATGCATGT-1",0
"GAGGTGAGTACCTACA-1",0
"GAGGTGAGTCATTAGC-1",0
"GAGGTGAGTTCCTCCA-1",3.24958719833328
"GAGGTGATCATCGCTC-1",0
"GAGGTGATCTAGAGTC-1",5.79032708121111
"GAGGTGATCTCTAGGA-1",0
"GAGGTGATCTGCTGTC-1",0
"GAGGTGATCTGGGCCA-1",0
"GAGTCCGAGGACAGAA-1",4.91750231516261
"GAGTCCGAGGCATGTG-1",0
"GAGTCCGAGGCGTACA-1",0
"GAGTCCGCAAACCCAT-1",0
"GAGTCCGGTCAAGCGA-1",0
"GAGTCCGGTGACCAAG-1",0
"GAGTCCGGTGACTCAT-1",4.97806143615827
"GAGTCCGGTGTGACCC-1",3.50320510890021
"GAGTCCGGTTCGGGCT-1",0
"GAGTCCGGTTTGCATG-1",0
"GAGTCCGTCGGCGCAT-1",0
"GAGTCCGTCTGATTCT-1",0
"GATCAGTAGATGTCGG-1",5.04981393373255
"GATCAGTAGTGGTAGC-1",0
"GATCAGTGTATATGAG-1",5.0008445295786
"GATCAGTGTCTGCGGT-1",3.71337021816531
"GATCAGTGTTATGCGT-1",9.53274098576348
"GATCAGTGTTGTACAC-1",3.60494888510061
"GATCGATAGAATGTTG-1",0
"GATCGATAGAGCTGCA-1",0
"GATCGATAGCATGGCA-1",3.45422851480934
"GATCGATCAAGCGAGT-1",0
"GATCGATCAAGCGTAG-1",0
"GATCGATGTCAACATC-1",0
"GATCGATGTTGCCTCT-1",3.70056089249077
"GATCGATTCCGCATCT-1",5.33762218628796
"GATCGCGAGATAGTCA-1",10.6763657496488
"GATCGCGAGCCTTGAT-1",0
"GATCGCGAGGAGCGTT-1",0
"GATCGCGCAGGTCGTC-1",8.25828102952541
"GATCGCGGTACAGCAG-1",0
"GATCGCGGTGAGTATA-1",0
"GATCGCGGTTGTCGCG-1",0
"GATCGCGTCACTCCTG-1",3.34501837119249
"GATCGTAAGACATAAC-1",5.94934828313439
"GATCGTAAGCTCAACT-1",0
"GATCGTACATAACCTG-1",0
"GATCGTAGTGGCTCCA-1",0
"GATCGTATCATATCGG-1",3.52898493339057
"GATCGTATCATGTCCC-1",5.11639277532069
"GATCGTATCTTACCGC-1",4.97384001266869
"GATCTAGAGCGTCTAT-1",0
"GATCTAGAGTGGAGAA-1",3.71337021816531
"GATCTAGCAACACCTA-1",0
"GATCTAGCAAGGGTCA-1",4.78515943423765
"GATCTAGGTCTAAAGA-1",0
"GATCTAGGTCTCACCT-1",0
"GATCTAGGTCTCTTTA-1",0
"GATCTAGTCACATAGC-1",6.43997749423916
"GATCTAGTCTAAGCCA-1",5.04981393373255
"GATGAAAAGAGTAATC-1",0
"GATGAAAAGCTCCCAG-1",3.01480226691621
"GATGAAACACGGTAGA-1",0
"GATGAAACAGCTGTAT-1",0
"GATGAAAGTGGGTATG-1",4.9888863329471
"GATGAAATCACCCTCA-1",0
"GATGAAATCACTCCTG-1",0
"GATGAAATCAGCAACT-1",0
"GATGAAATCGAGAGCA-1",0
"GATGAGGAGATCCCGC-1",0
"GATGAGGAGTTCGATC-1",4.94018852899225
"GATGAGGCACCAGTTA-1",0
"GATGAGGGTATCACCA-1",0
"GATGAGGGTATTCGTG-1",0
"GATGAGGGTCGCGTGT-1",8.25828102952541
"GATGAGGGTGATGATA-1",0
"GATGAGGTCACAGGCC-1",3.17891738156185
"GATGAGGTCACATAGC-1",0
"GATGAGGTCCCTTGTG-1",4.3642083782655
"GATGAGGTCTGCTGTC-1",0
"GATGCTAAGACTAAGT-1",6.3442027601302
"GATGCTAAGGATGCGT-1",0
"GATGCTAAGGCTCTTA-1",0
"GATGCTAAGGGAACGG-1",0
"GATGCTAAGTATCTCG-1",0
"GATGCTAAGTCTCGGC-1",0
"GATGCTACATGTTGAC-1",0
"GATGCTACATTGCGGC-1",0
"GATGCTAGTCTCCATC-1",0
"GATGCTAGTGGAAAGA-1",3.86585272414528
"GATGCTAGTTAGGGTG-1",0
"GATGCTATCCTGTACC-1",0
"GATGCTATCGGCGCTA-1",0
"GATTCAGAGAAACCTA-1",4.93820183196362
"GATTCAGAGAGTGACC-1",3.23033434271661
"GATTCAGAGATTACCC-1",0
"GATTCAGAGGGTCGAT-1",3.36090262900973
"GATTCAGAGGTCGGAT-1",5.23571926392913
"GATTCAGAGTCAATAG-1",0
"GATTCAGCAAGTTGTC-1",5.94934828313439
"GATTCAGCAATTCCTT-1",4.78515943423765
"GATTCAGCAGGGTACA-1",0
"GATTCAGCATCGACGC-1",0
"GATTCAGCATTATCTC-1",5.33762218628796
"GATTCAGGTAAATACG-1",0
"GATTCAGTCAACTCTT-1",0
"GCAAACTAGATGTTAG-1",0
"GCAAACTAGTCATGCT-1",5.45322702065052
"GCAAACTAGTCTCAAC-1",6.9274185832652
"GCAAACTCACAGGTTT-1",0
"GCAAACTGTCAGATAA-1",0
"GCAAACTGTCTCCATC-1",0
"GCAAACTTCGTGGTCG-1",7.19172899174411
"GCAATCAAGGGATCTG-1",0
"GCAATCAAGTATCTCG-1",0
"GCAATCAAGTGGGTTG-1",0
"GCAATCACAGCTTAAC-1",0
"GCAATCACATGTCGAT-1",0
"GCAATCACATTCCTCG-1",3.46932082863647
"GCAATCAGTAGGAGTC-1",0
"GCAATCAGTATAATGG-1",0
"GCAATCAGTTCTCATT-1",0
"GCAATCAGTTCTGGTA-1",0
"GCACATAAGAGCTATA-1",8.65669316341584
"GCACATAAGATGTTAG-1",0
"GCACATAAGCCTTGAT-1",5.57059402185518
"GCACATAAGGAGTACC-1",5.78555933414891
"GCACATAAGTGAAGTT-1",0
"GCACATACACCACGTG-1",5.94529193040039
"GCACATACAGCTGTAT-1",0
"GCACATACAGGAACGT-1",0
"GCACATAGTCATCGGC-1",15.6661746672576
"GCACATAGTCCGAATT-1",0
"GCACATAGTCTCTTTA-1",0
"GCACATAGTGCGCTTG-1",3.09443230351298
"GCACATATCACCTCGT-1",0
"GCACATATCTGGTTCC-1",0
"GCACTCTCAAGACACG-1",5.90486192038682
"GCACTCTCAATCACAC-1",11.3502408212738
"GCACTCTCATTTCAGG-1",3.30278234231719
"GCACTCTGTAAACCTC-1",0
"GCACTCTGTACCAGTT-1",0
"GCACTCTGTAGAAAGG-1",0
"GCACTCTGTCGAACAG-1",6.02178609442077
"GCACTCTGTCTAGGTT-1",4.78515943423765
"GCACTCTTCAACTCTT-1",0
"GCACTCTTCCCTAATT-1",7.33247627792487
"GCACTCTTCTGCCCTA-1",0
"GCAGCCAAGCTGATAA-1",4.93820183196362
"GCAGCCACATGAGCGA-1",0
"GCAGCCAGTAATCGTC-1",0
"GCAGCCAGTGTCGCTG-1",0
"GCAGCCATCAGTTGAC-1",0
"GCAGCCATCCCAACGG-1",0
"GCAGCCATCCGTACAA-1",3.80940787177119
"GCAGTTAAGTCCATAC-1",3.12141575970157
"GCAGTTAAGTCCGTAT-1",0
"GCAGTTAAGTTAACGA-1",8.64503934039261
"GCAGTTAGTGGACGAT-1",0
"GCAGTTAGTTATTCTC-1",4.97806143615827
"GCAGTTATCGCGATCG-1",0
"GCATACAAGATCTGCT-1",0
"GCATACAAGCAACGGT-1",3.12141575970157
"GCATACACAACGCACC-1",3.26094714856571
"GCATACACAAGGACTG-1",0
"GCATACACAAGTCTGT-1",4.14217476756334
"GCATACACAGTCAGCC-1",0
"GCATACACATCCTAGA-1",0
"GCATACACATCGGAAG-1",0
"GCATACAGTCCGAACC-1",3.74905778866215
"GCATACAGTTCTGGTA-1",0
"GCATACATCCACGACG-1",3.45422851480934
"GCATGATAGAATGTTG-1",0
"GCATGATAGAGTAATC-1",0
"GCATGATAGCTGATAA-1",0
"GCATGATAGGACCACA-1",0
"GCATGATAGGCTAGCA-1",0
"GCATGATAGTCAAGCG-1",3.89719563517455
"GCATGATAGTGGAGAA-1",11.3502408212738
"GCATGATCACACCGAC-1",6.09732770766367
"GCATGATCACATTTCT-1",5.11639277532069
"GCATGATGTCCCTACT-1",5.45907999414123
"GCATGATGTTGCGCAC-1",8.65669316341584
"GCATGATTCGTGGACC-1",0
"GCATGCGAGCATGGCA-1",6.81433919982896
"GCATGCGAGTCCAGGA-1",7.84848897232762
"GCATGCGCACTGCCAG-1",0
"GCATGCGGTAAGGATT-1",0
"GCATGCGGTCCTCTTG-1",0
"GCATGCGGTGTGAAAT-1",0
"GCATGCGTCCGCGGTA-1",0
"GCATGTAAGAACTGTA-1",0
"GCATGTAAGACAGACC-1",0
"GCATGTAAGTACTTGC-1",6.01086701892751
"GCATGTAAGTGCAAGC-1",5.11639277532069
"GCATGTACAACACGCC-1",0
"GCATGTATCACGAAGG-1",0
"GCCAAATCAAACTGTC-1",2.97355663288955
"GCCAAATCAAGGGTCA-1",6.36626271352096
"GCCAAATCAAGTTCTG-1",0
"GCCAAATCATAACCTG-1",0
"GCCAAATGTATAAACG-1",0
"GCCAAATGTGTTTGGT-1",11.3502408212738
"GCCAAATGTTTCGCTC-1",4.89836354573954
"GCCAAATTCAGGTAAA-1",0
"GCCAAATTCCGAGCCA-1",0
"GCCAAATTCCGCGGTA-1",0
"GCCAAATTCGGCTACG-1",0
"GCCTCTAAGAGTACCG-1",3.30069170945076
"GCCTCTAAGCCATCGC-1",0
"GCCTCTAAGCCGCCTA-1",0
"GCCTCTAAGCGATAGC-1",4.97384001266869
"GCCTCTAAGCTGCAAG-1",0
"GCCTCTAAGCTTCGCG-1",4.78515943423765
"GCCTCTAAGTCACGCC-1",6.73612685929527
"GCCTCTACAAGACGTG-1",0
"GCCTCTACAGCTATTG-1",3.82589784577743
"GCCTCTAGTAAGGATT-1",0
"GCCTCTAGTGATGATA-1",0
"GCCTCTAGTTAAGGGC-1",0
"GCCTCTATCAGCGACC-1",6.02178609442077
"GCCTCTATCCGATATG-1",0
"GCCTCTATCGAATCCA-1",0
"GCCTCTATCGAGCCCA-1",4.93820183196362
"GCCTCTATCGCTGATA-1",4.14217476756334
"GCCTCTATCTTTAGGG-1",3.16902246555555
"GCGACCAAGAGGTTAT-1",0
"GCGACCACACTTACGA-1",0
"GCGACCAGTCAGGACA-1",0
"GCGACCAGTCTAGAGG-1",7.53626048142571
"GCGACCATCAACGGGA-1",5.34722067598454
"GCGACCATCCCGGATG-1",0
"GCGACCATCTACTCAT-1",0
"GCGAGAAAGGTTCCTA-1",5.99249103739414
"GCGAGAAAGTACGATA-1",4.3642083782655
"GCGAGAAAGTGTCTCA-1",0
"GCGAGAACAAGCCCAC-1",4.14217476756334
"GCGAGAACACTGAAGG-1",0
"GCGAGAAGTAGCGCTC-1",0
"GCGAGAAGTCCCTACT-1",6.5277220619152
"GCGAGAATCCTTTCGG-1",0
"GCGAGAATCGAGAGCA-1",0
"GCGAGAATCGCACTCT-1",3.17891738156185
"GCGCAACAGTCCTCCT-1",0
"GCGCAACAGTGTACGG-1",5.04981393373255
"GCGCAACCAAGTCTGT-1",0
"GCGCAACCAGCCACCA-1",0
"GCGCAACGTAGCGCTC-1",0
"GCGCAACGTCCCTTGT-1",0
"GCGCAACGTCCTAGCG-1",0
"GCGCAACGTCGACTAT-1",3.7067199280531
"GCGCAACGTCTAGAGG-1",0
"GCGCAACTCAATACCG-1",0
"GCGCAGTCACATCCAA-1",4.9940567443033
"GCGCAGTCATTACCTT-1",5.11639277532069
"GCGCAGTGTTAGGGTG-1",0
"GCGCAGTTCGATCCCT-1",3.24485959529366
"GCGCAGTTCGCGGATC-1",0
"GCGCCAAAGACATAAC-1",6.64940502635271
"GCGCCAAAGGACAGCT-1",6.43997749423916
"GCGCCAAAGGCCCTTG-1",0
"GCGCCAAAGGGCTTCC-1",0
"GCGCCAAAGGTACTCT-1",6.60115113760736
"GCGCCAACATAACCTG-1",0
"GCGCCAACATTGGGCC-1",0
"GCGCCAAGTACTTGAC-1",4.31229777061313
"GCGCCAAGTCGGCACT-1",0
"GCGCCAAGTGAAAGAG-1",3.12729548144537
"GCGCCAAGTTGTACAC-1",4.97384001266869
"GCGCCAATCCGTTGCT-1",5.79513774373713
"GCGCGATAGAAGGTTT-1",0
"GCGCGATAGCAGGTCA-1",0
"GCGCGATAGTGAATTG-1",9.67860995337247
"GCGCGATAGTTTGCGT-1",8.65669316341584
"GCGCGATCAGCTCGAC-1",0
"GCGCGATGTAAGTAGT-1",5.45322702065052
"GCGCGATGTCACTTCC-1",0
"GCGCGATGTTACCAGT-1",0
"GCGCGATTCAGTTAGC-1",0
"GCGCGATTCGTTTAGG-1",0
"GCGGGTTAGAAACGAG-1",2.95920501848745
"GCGGGTTAGCTATGCT-1",6.91832762029462
"GCGGGTTAGTGTGAAT-1",0
"GCGGGTTCACGCGAAA-1",0
"GCGGGTTCAGGCAGTA-1",6.43997749423916
"GCGGGTTCAGTAACGG-1",0
"GCGGGTTGTGAGTATA-1",4.8012333628981
"GCGGGTTGTGGCGAAT-1",8.36145925465015
"GCGGGTTTCCAAAGTC-1",0
"GCGGGTTTCCTTTCTC-1",3.52898493339057
"GCGGGTTTCTCCAACC-1",0
"GCGGGTTTCTTGAGGT-1",0
"GCGGGTTTCTTGTATC-1",3.12141575970157
"GCTCCTACAAACTGTC-1",6.29768282862465
"GCTCCTACACCAGGTC-1",0
"GCTCCTACACCGATAT-1",0
"GCTCCTACAGGGTACA-1",0
"GCTCCTACATTAGCCA-1",0
"GCTCCTAGTCAGGACA-1",4.89836354573954
"GCTCCTAGTCCGTCAG-1",3.63394662503067
"GCTCCTATCAGCCTAA-1",0
"GCTCCTATCCCTAATT-1",0
"GCTCTGTAGAGGTAGA-1",3.52898493339057
"GCTCTGTAGCTGAACG-1",0
"GCTCTGTAGGAGTCTG-1",0
"GCTCTGTAGTGCTGCC-1",0
"GCTCTGTAGTGGACGT-1",3.74905778866215
"GCTCTGTTCACCTCGT-1",4.01354514997686
"GCTGCAGAGCGTGAGT-1",3.30278234231719
"GCTGCAGAGTCAAGCG-1",0
"GCTGCAGAGTCCCACG-1",3.82726631193363
"GCTGCAGCAATTGCTG-1",0
"GCTGCAGCATGCCCGA-1",0
"GCTGCAGCATGCCTAA-1",0
"GCTGCAGGTAAACCTC-1",0
"GCTGCAGGTACGAAAT-1",5.11639277532069
"GCTGCAGGTAGCGCAA-1",5.94788927811754
"GCTGCAGGTCACCCAG-1",0
"GCTGCAGGTCATGCCG-1",0
"GCTGCGAAGGAATGGA-1",0
"GCTGCGAGTCTAACGT-1",6.36626271352096
"GCTGCGAGTGTTTGGT-1",0
"GCTGCGATCTCCTATA-1",0
"GCTGCGATCTTGTTTG-1",0
"GCTGCTTAGAATTGTG-1",0
"GCTGCTTAGGCAATTA-1",3.46932082863647
"GCTGCTTCATCACGTA-1",3.09263970839021
"GCTGCTTCATCCAACA-1",6.64940502635271
"GCTGCTTCATGCCTAA-1",0
"GCTGCTTCATGGTCAT-1",0
"GCTGCTTGTAACGACG-1",0
"GCTGCTTGTAATCGTC-1",2.99554558259904
"GCTGCTTGTAGGGACT-1",4.43408422725563
"GCTGCTTGTGAAAGAG-1",0
"GCTGCTTTCCGGGTGT-1",0
"GCTGGGTAGACCCACC-1",4.80375508551582
"GCTGGGTAGCCACGCT-1",0
"GCTGGGTAGTCGCCGT-1",0
"GCTGGGTAGTCTCAAC-1",5.79032708121111
"GCTGGGTCACGGCTAC-1",0
"GCTGGGTCAGCCAATT-1",0
"GCTGGGTGTACAGTTC-1",0
"GCTGGGTGTACCGTTA-1",0
"GCTGGGTGTCGAGTTT-1",3.77532904279992
"GCTGGGTGTCTCCACT-1",3.93322134067331
"GCTGGGTGTGCCTGTG-1",0
"GCTGGGTTCAGCTTAG-1",3.93322134067331
"GCTGGGTTCCTTAATC-1",6.32931721438179
"GCTTCCAAGAAACCTA-1",3.59153278019591
"GCTTCCACACCACCAG-1",0
"GCTTCCACAGGTCGTC-1",0
"GCTTCCACAGTGAGTG-1",0
"GCTTCCAGTATAGGTA-1",4.96948509780359
"GCTTCCAGTTCAGCGC-1",0
"GCTTCCATCGTCCAGG-1",3.45422851480934
"GCTTGAAAGATGGCGT-1",0
"GCTTGAAAGCCGTCGT-1",3.77532904279992
"GCTTGAACAAACCTAC-1",2.99554558259904
"GCTTGAACACGGTGTC-1",3.7067199280531
"GCTTGAACATCGGAAG-1",0
"GCTTGAAGTGCGGTAA-1",6.0481042278588
"GCTTGAAGTTCTCATT-1",3.36090262900973
"GCTTGAATCAGGATCT-1",4.94018852899225
"GGAAAGCAGGCAGGTT-1",3.45422851480934
"GGAAAGCCAAACGCGA-1",5.46699320063521
"GGAAAGCCAAGTACCT-1",5.0008445295786
"GGAAAGCGTAAGCACG-1",0
"GGAAAGCGTCCTCCAT-1",3.71337021816531
"GGAAAGCGTCGCGTGT-1",0
"GGAAAGCGTGCTTCTC-1",3.87728298779279
"GGAAAGCTCCAGAGGA-1",4.85563881070225
"GGAACTTAGAGTAAGG-1",0
"GGAACTTCAATGTAAG-1",0
"GGAACTTCACAGGAGT-1",0
"GGAACTTCACCTCGTT-1",0
"GGAACTTGTCTCTTTA-1",0
"GGAACTTTCATTGCCC-1",0
"GGAACTTTCATTTGGG-1",9.72833117977742
"GGAACTTTCCGTCATC-1",5.54087854413835
"GGAACTTTCCTCAACC-1",5.82090401998546
"GGAACTTTCGGATGTT-1",0
"GGAATAAAGGTACTCT-1",7.44308459294429
"GGAATAAAGTGTCCAT-1",6.46657812470551
"GGAATAACAGCGTCCA-1",0
"GGAATAAGTCTGGTCG-1",0
"GGAATAAGTGCAGGTA-1",4.07456080267245
"GGAATAATCAGCACAT-1",3.17891738156185
"GGAATAATCTTTACGT-1",8.87311082277761
"GGACAAGAGGTACTCT-1",6.25393440889106
"GGACAAGCAACGATGG-1",3.07737875168877
"GGACAAGCAGTCGTGC-1",8.20155754387782
"GGACAAGCATGGGACA-1",3.12141575970157
"GGACAAGGTATAAACG-1",0
"GGACAAGGTATGAAAC-1",3.16902246555555
"GGACAAGGTCGGCATC-1",4.8694730372813
"GGACAAGGTTATGCGT-1",4.80651991928789
"GGACAAGTCTAACGGT-1",6.02178609442077
"GGACAGAAGCTAGTCT-1",0
"GGACAGAAGTACTTGC-1",0
"GGACAGACAACACGCC-1",0
"GGACAGACACAAGCCC-1",0
"GGACAGAGTAAGTGGC-1",0
"GGACAGAGTCTTTCAT-1",0
"GGACAGAGTGAGGGAG-1",0
"GGACAGAGTTCCACAA-1",0
"GGACAGATCAACGCTA-1",6.3442027601302
"GGACATTAGAGGGCTT-1",0
"GGACATTAGCCACGTC-1",5.79032708121111
"GGACATTCAAACGCGA-1",0
"GGACATTCAATGACCT-1",0
"GGACATTCACCAGCAC-1",0
"GGACATTGTTCTGGTA-1",4.93820183196362
"GGACATTTCCTCTAGC-1",8.57064146880905
"GGACGTCAGTACTTGC-1",0
"GGACGTCAGTGGTAAT-1",3.71337021816531
"GGACGTCCACAGTCGC-1",0
"GGACGTCGTGAGGGAG-1",0
"GGACGTCGTGGCGAAT-1",8.6650948504424
"GGACGTCGTTACGGAG-1",0
"GGACGTCGTTTAAGCC-1",0
"GGACGTCTCCACTCCA-1",3.64263828464032
"GGACGTCTCGCAAACT-1",3.48613768725715
"GGACGTCTCTCCAGGG-1",0
"GGACGTCTCTCGAGTA-1",4.14217476756334
"GGACGTCTCTGGTGTA-1",7.19172899174411
"GGACGTCTCTTCGAGA-1",0
"GGAGCAAAGAACTCGG-1",4.08329109265538
"GGAGCAAAGACTGTAA-1",0
"GGAGCAAAGCCGCCTA-1",3.53963192512618
"GGAGCAAAGCTAAACA-1",6.64940502635271
"GGAGCAAAGTACGCCC-1",3.93322134067331
"GGAGCAACAAGCTGTT-1",5.05996067728484
"GGAGCAACAATGGACG-1",6.02178609442077
"GGAGCAACAATTCCTT-1",3.34501837119249
"GGAGCAACATGCTGGC-1",3.20338952942346
"GGAGCAAGTGAGTATA-1",3.83722497195252
"GGAGCAAGTTACTGAC-1",6.47474641975431
"GGAGCAATCAAGATCC-1",0
"GGAGCAATCCCATTTA-1",0
"GGATGTTCAAACTGTC-1",6.64940502635271
"GGATGTTTCATCACCC-1",0
"GGATGTTTCATGCATG-1",0
"GGATGTTTCCTACAGA-1",0
"GGATGTTTCCTCTAGC-1",3.30278234231719
"GGATTACAGATCCCAT-1",0
"GGATTACAGCTTCGCG-1",8.20155754387782
"GGATTACAGGCTAGCA-1",0
"GGATTACAGTATCTCG-1",5.23571926392913
"GGATTACCAAGCGTAG-1",0
"GGATTACCACATCCGG-1",0
"GGATTACCAGCGTAAG-1",0
"GGATTACGTAATAGCA-1",0
"GGATTACGTACACCGC-1",0
"GGATTACGTCTCTTTA-1",4.14217476756334
"GGATTACGTTGAGGTG-1",0
"GGATTACTCGCGCCAA-1",0
"GGATTACTCGGCGCAT-1",4.75868317255882
"GGATTACTCTGCCCTA-1",5.40577090740922
"GGCAATTCAATCGGTT-1",3.94622397902743
"GGCAATTCACGGCGTT-1",3.53963192512618
"GGCAATTCATCACCCT-1",0
"GGCAATTGTCGATTGT-1",5.11639277532069
"GGCAATTTCACTTACT-1",5.26988427876524
"GGCAATTTCAGCACAT-1",4.93820183196362
"GGCAATTTCTCCGGTT-1",0
"GGCCGATAGTGTCTCA-1",0
"GGCCGATCACGGACAA-1",0
"GGCCGATGTAGGACAC-1",0
"GGCCGATGTCACTGGC-1",0
"GGCCGATGTCCCTACT-1",4.78515943423765
"GGCCGATTCACCGTAA-1",0
"GGCCGATTCCGCGCAA-1",3.89831703624474
"GGCGACTAGAGCTGGT-1",0
"GGCGACTAGGACCACA-1",3.42317793997695
"GGCGACTAGGTTACCT-1",0
"GGCGACTCAAAGCGGT-1",0
"GGCGACTCAAGAGTCG-1",0
"GGCGACTCACCAGGTC-1",0
"GGCGACTCATTGTGCA-1",4.31229777061313
"GGCGACTTCAGAAATG-1",0
"GGCGACTTCAGAGACG-1",0
"GGCGACTTCCAGATCA-1",8.87311082277761
"GGCGACTTCTCTAGGA-1",0
"GGCGTGTAGCTAGCCC-1",10.3411930435436
"GGCGTGTAGGGTATCG-1",3.7165810034959
"GGCGTGTCAGGTCCAC-1",8.09541520427417
"GGCGTGTCAGTATAAG-1",5.5727367371181
"GGCGTGTCATCGTCGG-1",4.80375508551582
"GGCGTGTCATGGAATA-1",0
"GGCGTGTGTCTCCCTA-1",0
"GGCGTGTTCTTGAGGT-1",0
"GGCTCGAAGCCGTCGT-1",0
"GGCTCGAAGGTAAACT-1",4.89836354573954
"GGCTCGACAAGAAGAG-1",0
"GGCTCGACAATAGCAA-1",0
"GGCTCGACATGGTCAT-1",5.40577090740922
"GGCTCGAGTATATCCG-1",0
"GGCTCGAGTTACGTCA-1",0
"GGCTCGAGTTAGGGTG-1",6.7200329681628
"GGCTCGATCTGCAAGT-1",0
"GGCTGGTAGAAGAAGC-1",0
"GGCTGGTAGACCCACC-1",0
"GGCTGGTCAAGGACAC-1",0
"GGCTGGTCACTGCCAG-1",3.26751602192244
"GGCTGGTCATTTCAGG-1",3.93322134067331
"GGCTGGTGTATTCTCT-1",0
"GGCTGGTGTCGCATCG-1",4.75685575053114
"GGCTGGTGTCTAGTGT-1",6.47474641975431
"GGCTGGTGTTATGCGT-1",0
"GGGAATGAGCGTTGCC-1",6.36626271352096
"GGGAATGAGTAGGTGC-1",4.80375508551582
"GGGAATGGTAAGGGAA-1",0
"GGGAATGTCAACGAAA-1",0
"GGGAATGTCCAGTATG-1",0
"GGGAATGTCCGGGTGT-1",0
"GGGACCTAGATGTAAC-1",0
"GGGACCTAGTCTTGCA-1",0
"GGGACCTCAATCAGAA-1",0
"GGGACCTCACTGAAGG-1",11.3502408212738
"GGGAGATAGTACGACG-1",8.6650948504424
"GGGAGATCAAAGTGCG-1",3.07737875168877
"GGGAGATCAAATCCGT-1",5.40577090740922
"GGGAGATCAAGGACTG-1",0
"GGGAGATCACGCGAAA-1",5.59308605427498
"GGGAGATGTAGCGCAA-1",0
"GGGAGATTCAACGGGA-1",0
"GGGAGATTCATCACCC-1",5.82090401998546
"GGGATGAAGTGACATA-1",0
"GGGATGACATCATCCC-1",4.93820183196362
"GGGATGAGTCACCCAG-1",0
"GGGATGAGTGGAAAGA-1",3.89719563517455
"GGGATGAGTTACGACT-1",0
"GGGATGAGTTGGTAAA-1",0
"GGGATGATCAGTTAGC-1",0
"GGGATGATCTATCCTA-1",0
"GGGATGATCTTTAGGG-1",3.86585272414528
"GGGCACTAGTCTCGGC-1",5.82090401998546
"GGGCACTCATCTCCCA-1",3.30278234231719
"GGGCACTTCACCTCGT-1",5.59556873923834
"GGGCACTTCTGAGGGA-1",9.53274098576348
"GGGCATCCAATGTAAG-1",0
"GGGCATCCAGTCTTCC-1",0
"GGGCATCGTGGCGAAT-1",4.89836354573954
"GGGCATCTCACAGTAC-1",0
"GGGCATCTCCCTTGTG-1",3.59153278019591
"GGGCATCTCCGGCACA-1",3.46682014416798
"GGGCATCTCTGTCCGT-1",0
"GGGCATCTCTTATCTG-1",0
"GGGTCTGAGAAGATTC-1",0
"GGGTCTGAGATCCCGC-1",11.3502408212738
"GGGTCTGAGCCAACAG-1",0
"GGGTCTGCACAGGCCT-1",5.11639277532069
"GGGTCTGCACCAGGTC-1",0
"GGGTCTGGTCTGGTCG-1",0
"GGGTCTGGTGATGATA-1",0
"GGGTCTGGTGTGACCC-1",0
"GGGTCTGTCAACTCTT-1",4.91750231516261
"GGGTCTGTCACTCCTG-1",4.42879657556174
"GGGTCTGTCCGTAGTA-1",6.7200329681628
"GGGTTGCAGACAGAGA-1",0
"GGGTTGCAGACCTTTG-1",5.59308605427498
"GGGTTGCAGATCGATA-1",0
"GGGTTGCAGGGTGTTG-1",16.9293427535156
"GGGTTGCAGGTGGGTT-1",0
"GGGTTGCCAATAACGA-1",8.57064146880905
"GGGTTGCCACGCCAGT-1",7.46466821179204
"GGGTTGCCATTAACCG-1",4.93820183196362
"GGGTTGCGTACATCCA-1",0
"GGGTTGCGTAGCGCAA-1",0
"GGGTTGCGTCCTCCAT-1",3.67771786438826
"GGGTTGCGTCGAGTTT-1",0
"GGGTTGCGTGAGTATA-1",5.40577090740922
"GGGTTGCGTGTGACCC-1",0
"GGGTTGCTCGTACCGG-1",2.99554558259904
"GGTATTGAGCACCGTC-1",0
"GGTATTGAGCTATGCT-1",0
"GGTATTGCACATCCAA-1",3.53963192512618
"GGTATTGCAGCTTCGG-1",3.71337021816531
"GGTATTGGTTCCGTCT-1",3.14717576115347
"GGTATTGTCAGAAATG-1",0
"GGTATTGTCCATTCTA-1",0
"GGTATTGTCGCCAGCA-1",0
"GGTGAAGAGACACGAC-1",0
"GGTGAAGAGATCCGAG-1",0
"GGTGAAGCAAGGTGTG-1",0
"GGTGAAGCACTCGACG-1",8.57064146880905
"GGTGAAGCAGTATGCT-1",0
"GGTGAAGGTATGAAAC-1",0
"GGTGAAGGTCAGAATA-1",0
"GGTGAAGGTGGTACAG-1",0
"GGTGAAGGTGTATGGG-1",4.97965570603548
"GGTGAAGGTGTCTGAT-1",5.40577090740922
"GGTGAAGGTGTGGTTT-1",6.64446927301861
"GGTGAAGGTGTGTGCC-1",0
"GGTGAAGTCACGATGT-1",0
"GGTGAAGTCACTCTTA-1",5.23571926392913
"GGTGAAGTCTGGCGTG-1",4.50087381948307
"GGTGCGTAGGTGATTA-1",0
"GGTGCGTAGTACGATA-1",0
"GGTGCGTCACTTAAGC-1",0
"GGTGCGTCAGCTGTAT-1",5.19346078054678
"GGTGCGTGTTCGTTGA-1",0
"GGTGCGTTCCGTACAA-1",3.12141575970157
"GGTGCGTTCTTGACGA-1",0
"GGTGTTAAGGGCTCTC-1",0
"GGTGTTAAGTAGCGGT-1",4.89836354573954
"GGTGTTAAGTGGGATC-1",0
"GGTGTTAAGTTATCGC-1",0
"GGTGTTACAAATCCGT-1",4.9888863329471
"GGTGTTACACGGATAG-1",0
"GGTGTTAGTAATCACC-1",0
"GGTGTTAGTAGCAAAT-1",3.09263970839021
"GGTGTTAGTGTATGGG-1",0
"GGTGTTAGTTGAACTC-1",5.82090401998546
"GGTGTTATCGGACAAG-1",11.3502408212738
"GGTGTTATCGGTGTTA-1",0
"GGTGTTATCTACTTAC-1",0
"GTAACGTAGGTGACCA-1",0
"GTAACGTCACAGGCCT-1",0
"GTAACGTGTACCATCA-1",3.86585272414528
"GTAACGTGTGAGTATA-1",0
"GTAACGTGTTACGGAG-1",3.24958719833328
"GTAACGTGTTAGGGTG-1",4.99816095830979
"GTAACGTTCGGTCCGA-1",0
"GTAACGTTCTCATTCA-1",0
"GTAACTGAGTGGGTTG-1",0
"GTAACTGCAATGGAAT-1",3.79242067416377
"GTAACTGCACAGGCCT-1",3.39195359614415
"GTAACTGCAGGATCGA-1",4.3642083782655
"GTAACTGCATCGGGTC-1",0
"GTAACTGGTATTACCG-1",3.48613768725715
"GTAACTGTCACGGTTA-1",4.51544752583784
"GTAACTGTCTACTATC-1",3.09263970839021
"GTACGTAAGGTGCTTT-1",0
"GTACGTACAGGAATGC-1",3.30069170945076
"GTACGTACATGGATGG-1",6.64940502635271
"GTACGTAGTGAGTGAC-1",4.75868317255882
"GTACGTAGTTGGTAAA-1",6.46657812470551
"GTACGTATCACCTCGT-1",3.38865512990788
"GTACGTATCATCGGAT-1",0
"GTACGTATCCACTGGG-1",5.99249103739414
"GTACTCCAGGCAGTCA-1",7.07729574661227
"GTACTCCCAATAGCGG-1",0
"GTACTCCCACAGGTTT-1",0
"GTACTCCTCACCTTAT-1",0
"GTACTCCTCATTGCCC-1",0
"GTACTCCTCCTTCAAT-1",3.30263397327048
"GTACTTTCAGTTAACC-1",4.85563881070225
"GTACTTTCATGTCGAT-1",0
"GTACTTTTCCGAAGAG-1",4.96948509780359
"GTAGGCCAGCAATCTC-1",3.83580769228698
"GTAGGCCCATTCGACA-1",6.7200329681628
"GTAGGCCGTAACGCGA-1",0
"GTAGGCCGTAAGGGCT-1",0
"GTAGGCCGTACGACCC-1",0
"GTAGGCCGTTCAGGCC-1",4.78515943423765
"GTAGGCCGTTGATTGC-1",0
"GTAGGCCTCAGCACAT-1",3.66688638123568
"GTAGTCAAGAATGTGT-1",5.78555933414891
"GTAGTCAAGATGCCTT-1",0
"GTAGTCAAGGACGAAA-1",0
"GTAGTCAAGTGAAGAG-1",0
"GTAGTCATCGTCACGG-1",0
"GTAGTCATCTGAAAGA-1",0
"GTATCTTAGAAACCAT-1",0
"GTATCTTAGGCTATCT-1",5.94529193040039
"GTATCTTAGTTGTCGT-1",3.3954254390788
"GTATCTTCACACCGCA-1",0
"GTATCTTCACGAAGCA-1",0
"GTATCTTGTTCGCTAA-1",0
"GTATCTTTCATGCTCC-1",5.79032708121111
"GTATCTTTCATGTAGC-1",0
"GTATTCTAGAAACCAT-1",0
"GTATTCTAGACAAAGG-1",0
"GTATTCTCAAAGTCAA-1",3.67771786438826
"GTATTCTCAACAACCT-1",0
"GTATTCTCAACTTGAC-1",6.46657812470551
"GTATTCTCAATAAGCA-1",0
"GTATTCTCAGGGTTAG-1",9.92305755957654
"GTATTCTCATACTACG-1",3.23033434271661
"GTATTCTCATGGTAGG-1",3.64263828464032
"GTATTCTGTAGTGAAT-1",0
"GTATTCTGTCTAGAGG-1",0
"GTCAAGTCATATGCTG-1",0
"GTCAAGTCATGGTTGT-1",0
"GTCAAGTGTCAGCTAT-1",0
"GTCAAGTGTTCCACTC-1",0
"GTCACAAAGCCGATTT-1",3.93322134067331
"GTCACAAAGTGGAGTC-1",3.12141575970157
"GTCACAACAGGTGGAT-1",6.3442027601302
"GTCACAAGTAAACGCG-1",6.29768282862465
"GTCACAATCAGGATCT-1",15.1749630779636
"GTCACAATCAGTTGAC-1",0
"GTCACAATCATGCATG-1",4.91750231516261
"GTCACGGAGATCACGG-1",5.0008445295786
"GTCACGGCATATACCG-1",6.60541591555289
"GTCACGGGTGAGTGAC-1",0
"GTCACGGGTGTGGCTC-1",0
"GTCACGGTCGAGAGCA-1",0
"GTCACGGTCTACCTGC-1",6.15915911816231
"GTCATTTAGAGACTAT-1",3.42317793997695
"GTCATTTCACGTGAGA-1",0
"GTCATTTGTAGAAGGA-1",0
"GTCATTTGTCAGATAA-1",3.77532904279992
"GTCATTTTCCAGAGGA-1",0
"GTCCTCAAGCCCAACC-1",0
"GTCCTCAAGTAGATGT-1",0
"GTCCTCAAGTGGGCTA-1",0
"GTCCTCACAATCACAC-1",0
"GTCCTCAGTGGAAAGA-1",3.93322134067331
"GTCCTCATCAAAGACA-1",0
"GTCCTCATCGTCCGTT-1",3.77532904279992
"GTCGGGTCACTGAAGG-1",3.24282545745548
"GTCGGGTCACTTCGAA-1",0
"GTCGGGTCATGAAGTA-1",0
"GTCGGGTGTCTCACCT-1",0
"GTCGGGTGTGTGACGA-1",0
"GTCGGGTGTGTGTGCC-1",4.94018852899225
"GTCGGGTGTTACGTCA-1",6.88157940588484
"GTCGGGTTCTGCTGTC-1",0
"GTCGGGTTCTGTGCAA-1",4.8694730372813
"GTCGTAAAGAGATGAG-1",0
"GTCGTAAAGCTGCAAG-1",0
"GTCGTAAAGGCGACAT-1",6.90841392740781
"GTCGTAACATCACGAT-1",4.8012333628981
"GTCGTAAGTATCACCA-1",0
"GTCGTAATCCAAGTAC-1",0
"GTCTCGTAGACCACGA-1",4.14217476756334
"GTCTCGTCAGGAACGT-1",0
"GTCTCGTGTGGTAACG-1",3.3001766669686
"GTCTCGTGTTTGGCGC-1",3.10077076977449
"GTCTCGTTCACCGGGT-1",5.54087854413835
"GTCTCGTTCAGTGCAT-1",6.36626271352096
"GTCTTCGAGACAAGCC-1",0
"GTCTTCGAGGAATGGA-1",6.36626271352096
"GTCTTCGAGTCAAGCG-1",6.09732770766367
"GTCTTCGCACATGGGA-1",0
"GTCTTCGCACCAGGTC-1",0
"GTCTTCGCAGACGCAA-1",3.93322134067331
"GTCTTCGCATAACCTG-1",0
"GTCTTCGCATCGATGT-1",0
"GTCTTCGGTCTAGTGT-1",0
"GTCTTCGTCTCGATGA-1",0
"GTGAAGGAGAGCTGGT-1",3.17891738156185
"GTGAAGGAGATCGGGT-1",7.07729574661227
"GTGAAGGAGCCAGTTT-1",3.10077076977449
"GTGAAGGAGTGTTGAA-1",0
"GTGAAGGCAAAGGCGT-1",0
"GTGAAGGCACTTAAGC-1",0
"GTGAAGGCAGATTGCT-1",4.75868317255882
"GTGAAGGGTATATGGA-1",6.7200329681628
"GTGAAGGGTCTCTCTG-1",11.3502408212738
"GTGAAGGTCTCCTATA-1",3.3001766669686
"GTGCAGCAGACATAAC-1",0
"GTGCAGCAGTGGTCCC-1",0
"GTGCAGCCACATCTTT-1",0
"GTGCAGCGTGAGTATA-1",0
"GTGCAGCTCTTAGAGC-1",0
"GTGCATAAGGCATGGT-1",3.10077076977449
"GTGCATAGTTTGTTGG-1",0
"GTGCATATCAGAGCTT-1",0
"GTGCATATCATCATTC-1",0
"GTGCATATCTGCGTAA-1",4.42879657556174
"GTGCGGTAGCAATCTC-1",3.53963192512618
"GTGCGGTAGGACAGAA-1",0
"GTGCGGTCAAAGGTGC-1",7.33247627792487
"GTGCGGTGTTCAGACT-1",11.6229055544639
"GTGCGGTGTTCTGTTT-1",0
"GTGCGGTTCATCTGCC-1",0
"GTGCGGTTCCAGGGCT-1",5.94529193040039
"GTGCGGTTCGGATGGA-1",6.02178609442077
"GTGCGGTTCTCGTTTA-1",3.53963192512618
"GTGCGGTTCTGCTGTC-1",0
"GTGCTTCAGCCAGTTT-1",0
"GTGCTTCAGGATTCGG-1",4.72616257933774
"GTGCTTCAGTACACCT-1",0
"GTGCTTCCACTTAACG-1",3.34501837119249
"GTGCTTCCAGCTATTG-1",0
"GTGCTTCGTAGAGTGC-1",0
"GTGCTTCTCACAATGC-1",0
"GTGCTTCTCACTTCAT-1",3.63394662503067
"GTGGGTCAGACCGGAT-1",7.81599219833037
"GTGGGTCAGACTGTAA-1",0
"GTGGGTCAGCCGTCGT-1",6.91832762029462
"GTGGGTCCACCAACCG-1",0
"GTGGGTCCACCACCAG-1",0
"GTGTGCGAGACCGGAT-1",0
"GTGTGCGAGACTTGAA-1",0
"GTGTGCGCAGGTCGTC-1",0
"GTGTGCGGTGAGCGAT-1",3.71337021816531
"GTGTGCGTCAGTCAGT-1",0
"GTGTGCGTCCCTTGTG-1",0
"GTGTGCGTCTAACTTC-1",0
"GTGTTAGAGGACAGAA-1",0
"GTGTTAGAGGCATGGT-1",0
"GTGTTAGAGTGGAGAA-1",0
"GTGTTAGAGTTTGCGT-1",3.07737875168877
"GTGTTAGCAATGGAAT-1",3.50320510890021
"GTGTTAGCACCACCAG-1",2.95920501848745
"GTGTTAGGTGCCTGGT-1",0
"GTGTTAGGTGGAAAGA-1",0
"GTGTTAGGTTCCATGA-1",0
"GTGTTAGGTTGGGACA-1",0
"GTTAAGCAGAGCTGCA-1",0
"GTTAAGCAGATAGCAT-1",0
"GTTAAGCAGCTAACAA-1",4.26796184461806
"GTTAAGCAGGCTACGA-1",0
"GTTAAGCAGTGTACCT-1",0
"GTTAAGCAGTTTGCGT-1",4.93820183196362
"GTTAAGCCATTCACTT-1",0
"GTTAAGCGTACTCGCG-1",0
"GTTAAGCGTCTAGGTT-1",0
"GTTAAGCGTGGCAAAC-1",0
"GTTAAGCGTTGCTCCT-1",4.14217476756334
"GTTAAGCTCCTTTCGG-1",3.53963192512618
"GTTACAGAGAGCTATA-1",0
"GTTACAGAGTACGATA-1",3.50320510890021
"GTTACAGCAGACGCCT-1",0
"GTTACAGCATCGGTTA-1",0
"GTTACAGGTATGGTTC-1",5.46699320063521
"GTTACAGGTCGACTGC-1",5.45661348069826
"GTTACAGGTCTAGGTT-1",0
"GTTCATTAGCGATGAC-1",0
"GTTCATTCATATACGC-1",4.96948509780359
"GTTCATTCATTGGCGC-1",5.45907999414123
"GTTCATTGTGCACGAA-1",5.59308605427498
"GTTCATTGTGTTAAGA-1",0
"GTTCATTGTTCAGTAC-1",3.63817621694316
"GTTCGGGAGACGACGT-1",0
"GTTCGGGAGCTAAGAT-1",0
"GTTCGGGAGTGTCTCA-1",0
"GTTCGGGGTAGGGTAC-1",0
"GTTCGGGGTGCAGGTA-1",0
"GTTCGGGTCCACGCAG-1",3.46932082863647
"GTTCGGGTCTACTTAC-1",0
"GTTCTCGAGACCACGA-1",4.97384001266869
"GTTCTCGAGCGATGAC-1",0
"GTTCTCGAGGCCATAG-1",0
"GTTCTCGCATCGGACC-1",5.11639277532069
"GTTCTCGGTAAGGGAA-1",0
"GTTCTCGGTAGCGTAG-1",0
"GTTCTCGGTCCGTGAC-1",0
"GTTCTCGGTGTTAAGA-1",4.9888863329471
"GTTCTCGTCAACGCTA-1",0
"GTTCTCGTCCTGTACC-1",0
"GTTTCTACAAACCTAC-1",0
"GTTTCTACAAGAAAGG-1",3.10077076977449
"GTTTCTAGTGTTGGGA-1",3.83411766026303
"GTTTCTATCCCAACGG-1",8.25828102952541
"GTTTCTATCCGTAGTA-1",0
"GTTTCTATCGGCATCG-1",4.3642083782655
"TAAACCGGTACTTAGC-1",3.17435133594484
"TAAACCGTCACTCTTA-1",0
"TAAACCGTCAGGCGAA-1",7.07729574661227
"TAAACCGTCCGTTGTC-1",8.87311082277761
"TAAACCGTCTTCCTTC-1",0
"TAAGAGACAAGTTGTC-1",5.45661348069826
"TAAGAGAGTATATCCG-1",7.54676744327112
"TAAGAGATCAATCACG-1",3.71337021816531
"TAAGAGATCTAACGGT-1",0
"TAAGAGATCTTTCCTC-1",0
"TAAGCGTAGTGGACGT-1",0
"TAAGCGTAGTGTCTCA-1",0
"TAAGCGTCAGCTTCGG-1",7.44308459294429
"TAAGCGTCAGGTGGAT-1",6.75155251457939
"TAAGCGTGTCCTGCTT-1",6.64940502635271
"TAAGCGTGTGCCTGGT-1",0
"TAAGCGTGTTGTTTGG-1",3.93322134067331
"TAAGCGTTCCTCATTA-1",3.89719563517455
"TAAGCGTTCGGCGCAT-1",0
"TAAGCGTTCTCGCATC-1",0
"TAAGTGCAGGCTAGGT-1",3.36771220518856
"TAAGTGCAGTAGCGGT-1",0
"TAAGTGCCAACGCACC-1",0
"TAAGTGCCATACAGCT-1",0
"TAAGTGCGTAAACACA-1",0
"TAAGTGCGTCTCACCT-1",0
"TAAGTGCGTTCAGACT-1",3.3879092507553
"TAAGTGCTCACCCTCA-1",5.05996067728484
"TAAGTGCTCACTGGGC-1",4.31229777061313
"TAAGTGCTCTGGCGTG-1",0
"TACACGACACCCATTC-1",0
"TACACGAGTGATAAAC-1",0
"TACACGATCTGTCTCG-1",3.45422851480934
"TACAGTGAGATGCGAC-1",8.64503934039261
"TACAGTGAGCGTTGCC-1",6.64940502635271
"TACAGTGAGTGTACGG-1",4.07456080267245
"TACAGTGCAGGAATCG-1",0
"TACAGTGCAGGTGCCT-1",0
"TACAGTGGTACTCAAC-1",3.09263970839021
"TACAGTGGTTGGACCC-1",5.94529193040039
"TACCTATAGAGCTGGT-1",8.25828102952541
"TACCTATAGAGTTGGC-1",0
"TACCTATAGGCTCATT-1",0
"TACCTATAGTTAGCGG-1",0
"TACCTATCAAGCTGGA-1",0
"TACCTATGTAAATGAC-1",8.64503934039261
"TACCTATGTAGAGTGC-1",0
"TACCTATGTCACCTAA-1",3.75998144539708
"TACCTATGTGTTGAGG-1",0
"TACCTATGTTAAAGAC-1",0
"TACCTATTCTATGTGG-1",3.7067199280531
"TACCTATTCTTCCTTC-1",0
"TACCTTAAGAGGTTGC-1",0
"TACCTTAAGTCAAGCG-1",5.94934828313439
"TACCTTAAGTGGTCCC-1",3.21078370002761
"TACCTTACAACTGGCC-1",5.57059402185518
"TACCTTACAAGGGTCA-1",0
"TACCTTACACTCAGGC-1",8.57064146880905
"TACCTTACATCTACGA-1",0
"TACCTTAGTAGCGTCC-1",4.80375508551582
"TACCTTAGTCTCCACT-1",0
"TACGGATAGATGGCGT-1",4.93820183196362
"TACGGATAGGTACTCT-1",0
"TACGGATCAGGGATTG-1",0
"TACGGATCATCACCCT-1",0
"TACGGATGTCTAGCCG-1",0
"TACGGATTCGGTGTCG-1",11.3502408212738
"TACGGATTCTACTATC-1",0
"TACGGGCAGGATGCGT-1",5.94529193040039
"TACGGGCAGGGAACGG-1",6.29768282862465
"TACGGGCAGTATTGGA-1",0
"TACGGGCAGTCAAGCG-1",0
"TACGGGCCAAGAAGAG-1",0
"TACGGGCCACCAGATT-1",4.89836354573954
"TACGGGCCATCAGTAC-1",5.09939912631906
"TACGGGCGTAAGGGCT-1",6.57913303250802
"TACGGGCGTCTGATTG-1",6.54456984438821
"TACGGGCGTGATGTGG-1",6.02178609442077
"TACGGGCTCACCTTAT-1",4.91750231516261
"TACGGGCTCAGCTCTC-1",6.09732770766367
"TACGGGCTCCACGAAT-1",0
"TACGGGCTCCTATTCA-1",0
"TACGGGCTCGGTGTTA-1",0
"TACGGTAAGATATGGT-1",0
"TACGGTAAGCCGATTT-1",6.81433919982896
"TACGGTAAGTCATGCT-1",3.24282545745548
"TACGGTAAGTGCCATT-1",5.47258755844595
"TACGGTACACAGGCCT-1",7.38131947586005
"TACGGTACATTTCAGG-1",0
"TACGGTAGTATATCCG-1",0
"TACGGTAGTCACTTCC-1",9.11503324425591
"TACGGTAGTGCAGGTA-1",0
"TACGGTAGTGGGTATG-1",3.3001766669686
"TACGGTATCGCAGGCT-1",3.42317793997695
"TACGGTATCGGACAAG-1",7.73274089846035
"TACGGTATCGTTTATC-1",0
"TACTCATAGTCACGCC-1",0
"TACTCATCAATCTACG-1",0
"TACTCATCACGGTAGA-1",6.29768282862465
"TACTCATCACTTCTGC-1",4.99816095830979
"TACTCATCATCCGTGG-1",0
"TACTCATCATGTCGAT-1",3.45422851480934
"TACTCATGTACAGCAG-1",0
"TACTCATGTCTTCAAG-1",0
"TACTCATTCCTTTCTC-1",6.09732770766367
"TACTCGCAGGCGACAT-1",3.80940787177119
"TACTCGCGTCAGAAGC-1",0
"TACTCGCGTCTGATTG-1",3.99176544126499
"TACTCGCGTGTAACGG-1",0
"TACTCGCGTTGAGTTC-1",0
"TACTCGCTCAACGGGA-1",0
"TACTCGCTCCGAATGT-1",0
"TACTTACAGACTAGGC-1",0
"TACTTACAGCTGAACG-1",3.23033434271661
"TACTTACAGTACACCT-1",5.54087854413835
"TACTTACAGTACGCCC-1",0
"TACTTACAGTGATCGG-1",0
"TACTTACCAAGCCGTC-1",0
"TACTTACCACAGGTTT-1",4.4329108015309
"TACTTACTCGCGTTTC-1",0
"TACTTGTAGCGATATA-1",2.99554558259904
"TACTTGTAGTAATCCC-1",9.92305755957654
"TACTTGTCAAACAACA-1",0
"TACTTGTCATGCAACT-1",0
"TACTTGTGTAGCACGA-1",0
"TACTTGTGTATAAACG-1",3.3001766669686
"TACTTGTGTTCCACAA-1",4.42734888050004
"TACTTGTTCTGCAGTA-1",3.13289730246286
"TAGACCAAGAGACGAA-1",0
"TAGACCAAGCCTCGTG-1",0
"TAGACCAAGTCGATAA-1",3.63394662503067
"TAGACCACAACACCCG-1",0
"TAGACCAGTAGATTAG-1",3.53963192512618
"TAGACCAGTTCATGGT-1",3.64263828464032
"TAGACCATCACTTCAT-1",3.16902246555555
"TAGACCATCGTCACGG-1",0
"TAGACCATCTCCAGGG-1",3.48613768725715
"TAGAGCTAGAATTCCC-1",5.94529193040039
"TAGAGCTAGTATTGGA-1",0
"TAGAGCTCACTGAAGG-1",0
"TAGAGCTGTACTTGAC-1",0
"TAGAGCTGTCTAAAGA-1",3.89719563517455
"TAGCCGGAGACTGGGT-1",0
"TAGCCGGAGTCCCACG-1",4.80375508551582
"TAGCCGGAGTGACATA-1",3.07326356241877
"TAGCCGGCAGCAGTTT-1",0
"TAGCCGGGTACAGTGG-1",0
"TAGCCGGGTACCATCA-1",0
"TAGCCGGGTCGCGAAA-1",8.65669316341585
"TAGCCGGTCACGACTA-1",0
"TAGGCATAGAACTGTA-1",3.77532904279992
"TAGGCATAGCTAGGCA-1",6.02178609442077
"TAGGCATAGTCGTACT-1",5.45661348069826
"TAGGCATAGTTTAGGA-1",10.3411930435436
"TAGGCATCAAGCCTAT-1",0
"TAGGCATCAGACGCAA-1",0
"TAGGCATGTACGAAAT-1",7.02794976343338
"TAGGCATGTCCAGTTA-1",0
"TAGGCATGTTCCACTC-1",7.73274089846035
"TAGGCATTCCCTAACC-1",0
"TAGGCATTCGCTAGCG-1",0
"TAGGCATTCGTAGATC-1",0
"TAGGCATTCTTCATGT-1",6.25393440889106
"TAGTGGTAGATCACGG-1",4.26796184461806
"TAGTGGTAGCTGTTCA-1",0
"TAGTGGTCAGTATAAG-1",6.02178609442077
"TAGTGGTGTAGCGTAG-1",0
"TAGTGGTTCAGCATGT-1",0
"TAGTGGTTCGGCGCAT-1",0
"TAGTGGTTCTCAAGTG-1",3.93322134067331
"TAGTGGTTCTGGGCCA-1",8.80894212097876
"TAGTGGTTCTTTAGTC-1",3.75998144539708
"TAGTTGGAGATAGGAG-1",0
"TAGTTGGCAGACGCAA-1",0
"TAGTTGGCATGCGCAC-1",5.0008445295786
"TAGTTGGGTATGGTTC-1",0
"TAGTTGGTCCGAATGT-1",0
"TAGTTGGTCTACTCAT-1",3.3001766669686
"TAGTTGGTCTCTAAGG-1",0
"TAGTTGGTCTGATACG-1",0
"TATCAGGAGAGTAAGG-1",5.47258755844595
"TATCAGGAGATCCGAG-1",5.94529193040039
"TATCAGGAGCAGATCG-1",0
"TATCAGGAGGTGCTTT-1",0
"TATCAGGCAACTTGAC-1",0
"TATCAGGCACGTTGGC-1",3.19506207061556
"TATCAGGGTCCGTTAA-1",0
"TATCAGGGTCTGCAAT-1",8.09346926362173
"TATCAGGGTTAAAGAC-1",7.19172899174411
"TATCAGGTCAAGATCC-1",9.92305755957654
"TATCAGGTCCACTCCA-1",0
"TATCAGGTCGTAGGTT-1",3.7067199280531
"TATCTCAAGAGTTGGC-1",0
"TATCTCAAGCCACCTG-1",4.3642083782655
"TATCTCAAGCGTAATA-1",0
"TATCTCAAGGCTAGCA-1",0
"TATCTCAAGTGGGCTA-1",0
"TATCTCACATGTCCTC-1",0
"TATCTCAGTAACGACG-1",3.94622397902743
"TATCTCAGTACCTACA-1",0
"TATCTCAGTACGACCC-1",5.34722067598454
"TATCTCAGTCAATGTC-1",6.75155251457939
"TATCTCATCAAGCCTA-1",0
"TATGCCCAGAAACCGC-1",0
"TATGCCCAGGTAGCTG-1",0
"TATGCCCCAATGGAAT-1",0
"TATGCCCCACTTAACG-1",3.3001766669686
"TATGCCCCATGTTCCC-1",0
"TATGCCCGTAGCCTCG-1",0
"TATGCCCGTATAGGGC-1",0
"TATGCCCGTATGAAAC-1",3.17891738156185
"TATGCCCGTCGCCATG-1",4.91750231516261
"TATGCCCGTGCCTTGG-1",0
"TATGCCCGTTAAGATG-1",0
"TATGCCCGTTGGTGGA-1",0
"TATGCCCGTTTAGGAA-1",0
"TATTACCAGAGAGCTC-1",0
"TATTACCAGCAAATCA-1",3.12141575970157
"TATTACCAGCCCGAAA-1",0
"TATTACCAGTATCTCG-1",0
"TATTACCCAAAGTGCG-1",0
"TATTACCCAGACAAGC-1",0
"TATTACCCAGTCAGCC-1",5.33433830721081
"TATTACCCATAAAGGT-1",6.64940502635271
"TATTACCCATCTACGA-1",5.11639277532069
"TATTACCGTCCAGTAT-1",0
"TCAACGAAGCCGATTT-1",5.05996067728484
"TCAACGAAGCGATGAC-1",3.46682014416798
"TCAACGAAGGCATGTG-1",0
"TCAACGAAGTAGTGCG-1",0
"TCAACGACACCAGGCT-1",3.89719563517455
"TCAACGACATGCCTTC-1",8.64503934039261
"TCAACGAGTTACCAGT-1",0
"TCAACGAGTTCCATGA-1",0
"TCAACGAGTTCTGGTA-1",0
"TCAACGATCAGTCCCT-1",0
"TCAACGATCTGTGCAA-1",0
"TCAATCTAGATCCCGC-1",0
"TCAATCTCACAAGCCC-1",0
"TCAATCTCACAGCCCA-1",0
"TCAATCTCATGACGGA-1",9.92305755957654
"TCAATCTCATTTGCTT-1",0
"TCAATCTGTAGTGAAT-1",0
"TCAATCTGTTAGATGA-1",0
"TCAATCTTCAGATAAG-1",6.09732770766367
"TCAATCTTCATGTCCC-1",3.3001766669686
"TCACAAGAGACTGGGT-1",3.12141575970157
"TCACAAGAGAGAGCTC-1",0
"TCACAAGAGGCCCTCA-1",3.50320510890021
"TCACAAGAGGTGGGTT-1",6.3442027601302
"TCACAAGAGTAGATGT-1",0
"TCACAAGCAGTATGCT-1",0
"TCACAAGCATAACCTG-1",0
"TCACAAGCATGACATC-1",0
"TCACAAGGTCAGATAA-1",0
"TCACAAGGTGTGGTTT-1",6.69674614106438
"TCACAAGTCATCATTC-1",4.50087381948307
"TCACAAGTCATGCATG-1",0
"TCACGAAAGCTCCTTC-1",3.7067199280531
"TCACGAAAGGTGCTTT-1",6.09732770766367
"TCACGAAAGTCTCGGC-1",0
"TCACGAACACAAGACG-1",7.83571421516624
"TCACGAACACTGTCGG-1",0
"TCACGAAGTGGTCCGT-1",0
"TCACGAAGTTGGTGGA-1",0
"TCACGAATCATGCAAC-1",0
"TCACGAATCCCGACTT-1",0
"TCACGAATCCTCGCAT-1",0
"TCACGAATCGTCACGG-1",3.93322134067331
"TCAGATGAGGTGCACA-1",0
"TCAGATGGTCTTGTCC-1",9.67860995337247
"TCAGATGGTGCCTGCA-1",3.24282545745548
"TCAGATGGTGCTGTAT-1",0
"TCAGATGTCAGTTTGG-1",3.53963192512618
"TCAGATGTCGCATGAT-1",0
"TCAGATGTCTCCTATA-1",0
"TCAGCAAAGGAGTCTG-1",5.75181445732364
"TCAGCAAAGGCTCATT-1",4.78515943423765
"TCAGCAAAGTACGACG-1",0
"TCAGCAAAGTGGCACA-1",9.53274098576348
"TCAGCAACACGCATCG-1",0
"TCAGCAAGTACCGGCT-1",0
"TCAGCAATCAGCGATT-1",4.70657273194124
"TCAGCAATCGGAAACG-1",3.28130333212077
"TCAGCAATCTTCAACT-1",0
"TCAGCTCAGGTGTTAA-1",0
"TCAGCTCAGTATGACA-1",5.33762218628796
"TCAGCTCCAATCTGCA-1",4.26796184461806
"TCAGCTCCACGGTTTA-1",0
"TCAGCTCGTAATAGCA-1",0
"TCAGCTCGTCCGTCAG-1",3.23033434271661
"TCAGCTCGTTCACGGC-1",0
"TCAGCTCTCACGATGT-1",3.12141575970157
"TCAGCTCTCATGCATG-1",6.81433919982896
"TCAGCTCTCCTAAGTG-1",7.5711004432541
"TCAGCTCTCTCGTATT-1",0
"TCAGGATAGACAGAGA-1",0
"TCAGGATAGATATGGT-1",4.99816095830979
"TCAGGATCAAACGTGG-1",0
"TCAGGATCAAGTTCTG-1",0
"TCAGGATCACGGTGTC-1",3.10077076977449
"TCAGGATCACTGTGTA-1",7.19172899174411
"TCAGGATCAGCATACT-1",4.9940567443033
"TCAGGATCATCTGGTA-1",0
"TCAGGATGTAAGCACG-1",0
"TCAGGATGTGGCCCTA-1",0
"TCAGGATTCCGATATG-1",0
"TCAGGATTCTCGATGA-1",4.42734888050004
"TCAGGTAAGATGGCGT-1",0
"TCAGGTAAGTGTTTGC-1",0
"TCAGGTACACAAGTAA-1",0
"TCAGGTACACAGAGGT-1",7.19172899174411
"TCAGGTACAGCTGCTG-1",0
"TCAGGTAGTAAACGCG-1",3.53963192512618
"TCATTACAGAAACCAT-1",3.16902246555555
"TCATTACAGGAGTTGC-1",0
"TCATTACAGTTGCAGG-1",0
"TCATTACCACATCCAA-1",0
"TCATTACCAGTCAGCC-1",0
"TCATTACGTACGCACC-1",5.59308605427498
"TCATTACGTCTAGAGG-1",0
"TCATTACGTGAAGGCT-1",0
"TCATTACGTTCTGTTT-1",4.26796184461806
"TCATTACTCATCGATG-1",5.79032708121111
"TCATTTGAGCCAGTTT-1",0
"TCATTTGCACGTCTCT-1",7.10225859180236
"TCATTTGCAGTTAACC-1",0
"TCATTTGTCCAGAGGA-1",0
"TCATTTGTCCCTTGCA-1",0
"TCATTTGTCCGTCAAA-1",0
"TCATTTGTCGCTAGCG-1",0
"TCATTTGTCGTACGGC-1",0
"TCATTTGTCTCTGCTG-1",0
"TCCACACCAAAGAATC-1",0
"TCCACACCACGCCAGT-1",5.40577090740922
"TCCACACGTACAGCAG-1",0
"TCCACACGTAGCCTAT-1",0
"TCCACACGTCATCGGC-1",3.53963192512618
"TCCACACGTGACCAAG-1",0
"TCCACACGTGCGAAAC-1",0
"TCCACACTCAACACCA-1",0
"TCCACACTCCAGTATG-1",0
"TCCACACTCCCATTTA-1",0
"TCCACACTCGAACTGT-1",5.54087854413835
"TCCCGATAGAAGAAGC-1",4.71489946687305
"TCCCGATAGCACAGGT-1",0
"TCCCGATAGCCGGTAA-1",0
"TCCCGATCAAGGTTCT-1",3.17435133594484
"TCCCGATCAGCCAATT-1",0
"TCCCGATCATCCAACA-1",0
"TCCCGATGTAAGGATT-1",6.73612685929527
"TCCCGATGTCAATACC-1",5.79032708121111
"TCCCGATTCAGAAATG-1",6.64940502635271
"TCCCGATTCAGTCCCT-1",0
"TCCCGATTCATCTGTT-1",6.36626271352096
"TCCCGATTCCCTAATT-1",4.96948509780359
"TCCCGATTCTGGAGCC-1",0
"TCGAGGCAGCGATGAC-1",0
"TCGAGGCAGTGTTTGC-1",0
"TCGAGGCCAAAGAATC-1",0
"TCGAGGCCAAGTTCTG-1",0
"TCGAGGCCAGTAACGG-1",0
"TCGAGGCGTATATCCG-1",0
"TCGAGGCTCGCAAGCC-1",0
"TCGAGGCTCTTGAGAC-1",0
"TCGAGGCTCTTTCCTC-1",0
"TCGCGAGAGACAAAGG-1",0
"TCGCGAGAGTGAATTG-1",0
"TCGCGAGCAAGCGTAG-1",0
"TCGCGAGCACCGAATT-1",6.5277220619152
"TCGCGAGCAGTAAGAT-1",5.04981393373255
"TCGCGAGTCCACGAAT-1",4.96948509780359
"TCGCGAGTCTAGCACA-1",2.99554558259904
"TCGCGAGTCTCTAGGA-1",0
"TCGCGAGTCTTCATGT-1",0
"TCGCGTTAGTGGGCTA-1",0
"TCGCGTTCACAGGCCT-1",8.57064146880905
"TCGCGTTCATCACAAC-1",6.09732770766367
"TCGCGTTCATCTCGCT-1",0
"TCGCGTTGTTCACCTC-1",0
"TCGCGTTTCAAGATCC-1",0
"TCGCGTTTCAGGTAAA-1",9.92305755957654
"TCGCGTTTCATTCACT-1",0
"TCGCGTTTCCTGTACC-1",0
"TCGCGTTTCGCCCTTA-1",3.20338952942346
"TCGGGACCACACATGT-1",0
"TCGGGACTCCTTGCCA-1",5.54087854413835
"TCGGGACTCTGCGGCA-1",6.81433919982896
"TCGGGACTCTTGTCAT-1",3.21078370002761
"TCGGTAAAGACAGGCT-1",3.63817621694316
"TCGGTAAAGCTCAACT-1",6.7200329681628
"TCGGTAACAAGCTGAG-1",0
"TCGGTAACAGGAATGC-1",0
"TCGGTAAGTATATGGA-1",3.24958719833328
"TCGGTAAGTCTAGTCA-1",0
"TCGGTAATCCCGGATG-1",3.12141575970157
"TCGTACCAGCAGGCTA-1",0
"TCGTACCAGTTTCCTT-1",0
"TCGTACCGTTTGCATG-1",6.47474641975431
"TCGTACCTCGGGAGTA-1",3.67771786438826
"TCGTAGAAGCTAACTC-1",0
"TCGTAGAAGGCGACAT-1",0
"TCGTAGAAGGGAACGG-1",0
"TCGTAGAAGTCCATAC-1",3.7067199280531
"TCGTAGACAATCCAAC-1",0
"TCGTAGACACTCAGGC-1",0
"TCGTAGAGTATGAATG-1",5.94529193040039
"TCGTAGAGTGAGCGAT-1",0
"TCGTAGAGTGTGTGCC-1",6.65323246518143
"TCGTAGAGTTCAACCA-1",3.13286273043627
"TCGTAGAGTTCCATGA-1",11.3502408212738
"TCGTAGATCCAAGCCG-1",4.75868317255882
"TCGTAGATCTTAGCCC-1",0
"TCTATTGAGCGATTCT-1",5.54087854413835
"TCTATTGAGTGCCATT-1",3.93322134067331
"TCTATTGCACATCTTT-1",0
"TCTATTGGTAAGTGTA-1",9.72833117977742
"TCTATTGGTCCAACTA-1",0
"TCTATTGGTCTGCCAG-1",5.45322702065052
"TCTATTGGTTGCTCCT-1",0
"TCTATTGTCGGCGCTA-1",6.3442027601302
"TCTCATAAGCTAAACA-1",0
"TCTCATAAGCTAGTCT-1",6.15915911816231
"TCTCATAAGTGCCATT-1",3.75660294604391
"TCTCATAGTACCGGCT-1",0
"TCTCATAGTGTAAGTA-1",6.88710525022161
"TCTCATATCAAGCCTA-1",0
"TCTCATATCACCTTAT-1",3.59153278019591
"TCTCATATCCTGTACC-1",4.72616257933774
"TCTCTAAAGACCGGAT-1",0
"TCTCTAAAGGGTGTTG-1",0
"TCTCTAACAGCCTATA-1",3.7067199280531
"TCTCTAAGTCCAGTAT-1",0
"TCTCTAAGTCCATGAT-1",4.72616257933774
"TCTCTAAGTCTCATCC-1",4.89836354573954
"TCTCTAAGTGGAAAGA-1",9.097020868372
"TCTCTAATCAAACCAC-1",0
"TCTCTAATCACAGGCC-1",0
"TCTCTAATCACATACG-1",0
"TCTCTAATCCGTAGGC-1",0
"TCTCTAATCGTATCAG-1",8.64503934039261
"TCTGAGACAAACCTAC-1",6.0164914698729
"TCTGAGACAGAGTGTG-1",5.57059402185518
"TCTGAGAGTAAGGGAA-1",0
"TCTGAGATCCTTGACC-1",0
"TCTGAGATCTATCCTA-1",3.77532904279992
"TCTGGAAAGCGATGAC-1",0
"TCTGGAAAGCTCTCGG-1",0
"TCTGGAAAGGAGCGAG-1",3.77532904279992
"TCTGGAACACAAGACG-1",0
"TCTGGAACACACTGCG-1",0
"TCTGGAACACTTCTGC-1",0
"TCTGGAAGTGAGTATA-1",0
"TCTTCGGAGGTTCCTA-1",3.53963192512618
"TCTTCGGAGTTCGATC-1",3.75660294604391
"TCTTCGGCAAAGCAAT-1",0
"TCTTCGGCAAAGGTGC-1",9.67860995337247
"TCTTCGGCAATAGCAA-1",0
"TCTTCGGCAATGTAAG-1",7.5711004432541
"TCTTCGGCACACCGAC-1",8.67118631583714
"TCTTCGGCAGCCAATT-1",0
"TCTTCGGGTCATTAGC-1",0
"TCTTCGGTCGTAGGTT-1",3.75660294604391
"TCTTCGGTCTCTAAGG-1",0
"TCTTTCCAGAGAGCTC-1",3.59153278019591
"TCTTTCCAGTCATCCA-1",0
"TCTTTCCCATCTCCCA-1",0
"TCTTTCCGTAATCACC-1",0
"TCTTTCCGTAGTACCT-1",0
"TCTTTCCTCACAACGT-1",6.36626271352096
"TCTTTCCTCAGCTGGC-1",3.71337021816531
"TCTTTCCTCCAAGTAC-1",0
"TCTTTCCTCCTCGCAT-1",4.93820183196362
"TGAAAGAAGCTAAGAT-1",6.88710525022161
"TGAAAGACAAGCCGTC-1",0
"TGAAAGACACATTCGA-1",3.14717576115347
"TGAAAGACATGAGCGA-1",0
"TGAAAGAGTCTAGCGC-1",3.12141575970157
"TGAAAGAGTCTCATCC-1",0
"TGAAAGATCCCGACTT-1",0
"TGAAAGATCTATGTGG-1",10.2441975971721
"TGACAACCAAGCGAGT-1",8.57064146880905
"TGACAACGTAGGGACT-1",0
"TGACAACGTGCGCTTG-1",5.26988427876524
"TGACAACGTGGTTTCA-1",0
"TGACAACTCACAAACC-1",0
"TGACAACTCCACGTGG-1",0
"TGACAACTCGAATGCT-1",6.5924681710714
"TGACGGCAGCGCCTCA-1",0
"TGACGGCAGGCTCAGA-1",0
"TGACGGCAGTCAAGCG-1",0
"TGACGGCCACAGACTT-1",0
"TGACGGCGTCATCCCT-1",0
"TGACGGCTCAGGCGAA-1",0
"TGACGGCTCCACTGGG-1",0
"TGACTAGAGACCCACC-1",3.23033434271661
"TGACTAGAGGGCATGT-1",3.48613768725715
"TGACTAGAGTCTCAAC-1",3.66688638123568
"TGACTAGAGTTGAGAT-1",0
"TGACTAGCAGCATACT-1",5.75181445732364
"TGACTAGCAGTCAGAG-1",3.71337021816531
"TGACTAGCATTTCACT-1",0
"TGACTAGGTAAATACG-1",6.0481042278588
"TGACTAGGTGAAAGAG-1",0
"TGACTAGGTGCAGTAG-1",6.54456984438821
"TGACTAGTCATGCATG-1",4.50961527184005
"TGACTAGTCCATGCTC-1",4.91931414000352
"TGACTAGTCTGTTGAG-1",0
"TGACTTTAGAACAATC-1",0
"TGACTTTAGTCTCGGC-1",5.71654333315511
"TGACTTTAGTTAGGTA-1",0
"TGACTTTCAGTCCTTC-1",0
"TGACTTTCATTATCTC-1",3.07737875168877
"TGACTTTGTCACACGC-1",5.0008445295786
"TGACTTTTCCTCAATT-1",5.47258755844595
"TGACTTTTCTGCCCTA-1",0
"TGAGAGGAGGCTCATT-1",6.91832762029462
"TGAGAGGCAAAGTCAA-1",0
"TGAGAGGCAAGCCATT-1",7.06643413597138
"TGAGAGGCACCATGTA-1",4.89836354573954
"TGAGAGGGTCACTGGC-1",5.11639277532069
"TGAGAGGGTCTAAACC-1",5.79032708121111
"TGAGAGGTCGAACTGT-1",5.05996067728484
"TGAGAGGTCGCGTTTC-1",0
"TGAGAGGTCTGACCTC-1",0
"TGAGCATAGAAACGAG-1",3.09443230351298
"TGAGCATAGAAGCCCA-1",0
"TGAGCATAGATGTCGG-1",3.10077076977449
"TGAGCATAGGAATGGA-1",9.72833117977742
"TGAGCATCACCAGGCT-1",0
"TGAGCATCAGATGAGC-1",4.75379377876856
"TGAGCATCAGCGTAAG-1",0
"TGAGCATCAGCTGTAT-1",4.42879657556174
"TGAGCATGTGGCCCTA-1",4.96948509780359
"TGAGCATTCCACGTTC-1",6.7200329681628
"TGAGCATTCCGATATG-1",4.8841489022429
"TGAGCATTCGGCCGAT-1",0
"TGAGCCGCATCGGGTC-1",6.5277220619152
"TGAGCCGGTCGAACAG-1",6.81433919982896
"TGAGCCGGTGTAATGA-1",0
"TGAGCCGGTTGATTCG-1",0
"TGAGCCGTCATCTGCC-1",4.0551939429712
"TGAGCCGTCGTCACGG-1",0
"TGAGCCGTCTTGAGGT-1",9.20042791921687
"TGAGGGAAGAGACTAT-1",0
"TGAGGGAAGGAGTACC-1",7.5711004432541
"TGAGGGAAGTCATCCA-1",0
"TGAGGGAAGTCATGCT-1",7.44308459294429
"TGAGGGACACCAGTTA-1",0
"TGAGGGACATAAGACA-1",0
"TGAGGGAGTAAACGCG-1",15.6661746672576
"TGAGGGAGTTAGGGTG-1",0
"TGAGGGATCAACGGGA-1",3.16902246555555
"TGAGGGATCTAGCACA-1",0
"TGAGGGATCTCTTATG-1",0
"TGATTTCCATCCGGGT-1",0
"TGATTTCGTAGGCATG-1",3.24958719833328
"TGATTTCGTTAAGACA-1",5.57059402185518
"TGATTTCTCTGATTCT-1",4.12808780970398
"TGCACCTAGACCTTTG-1",3.42521402345659
"TGCACCTAGGACGAAA-1",0
"TGCACCTCAAGTTGTC-1",3.80940787177119
"TGCACCTCAATAGAGT-1",3.30278234231719
"TGCACCTCATCCGGGT-1",0
"TGCACCTGTAATCACC-1",10.3411930435436
"TGCACCTGTCACACGC-1",0
"TGCACCTTCACGGTTA-1",0
"TGCACCTTCATCGGAT-1",3.23033434271661
"TGCACCTTCCGCGGTA-1",0
"TGCACCTTCGAACTGT-1",8.26986563917612
"TGCACCTTCTCTTGAT-1",0
"TGCCAAACAATGTAAG-1",3.45422851480934
"TGCCAAACAATTCCTT-1",2.97626939844251
"TGCCAAAGTTCGCGAC-1",3.80940787177119
"TGCCAAATCCAAACTG-1",6.0164914698729
"TGCCAAATCCCTGACT-1",0
"TGCCAAATCGGCGGTT-1",3.20338952942346
"TGCCCATAGACTAGGC-1",0
"TGCCCATAGCGTCAAG-1",4.89836354573954
"TGCCCATAGCGTGAAC-1",3.07326356241877
"TGCCCATAGCTGTTCA-1",0
"TGCCCATAGGATGGAA-1",5.54087854413835
"TGCCCATAGTACGCCC-1",4.75868317255882
"TGCCCATAGTTGAGTA-1",0
"TGCCCATCACCAGGTC-1",0
"TGCCCATCACGAAATA-1",0
"TGCCCATCAGGACGTA-1",0
"TGCCCATCATGGAATA-1",0
"TGCCCATCATGGATGG-1",5.0008445295786
"TGCCCATGTAGCCTCG-1",0
"TGCCCATTCAAACCGT-1",0
"TGCCCATTCAGGCCCA-1",5.11639277532069
"TGCCCATTCCTTCAAT-1",3.32459287713067
"TGCCCATTCGGAAATA-1",3.36090262900973
"TGCCCTAAGGTCGGAT-1",0
"TGCCCTAAGGTTCCTA-1",3.24958719833328
"TGCCCTACACCACCAG-1",0
"TGCCCTACAGCCACCA-1",0
"TGCCCTACAGTGAGTG-1",0
"TGCCCTAGTCCGAGTC-1",8.23763045769365
"TGCCCTAGTGGTTTCA-1",0
"TGCCCTAGTTTCGCTC-1",0
"TGCCCTATCGACGGAA-1",6.60541591555289
"TGCCCTATCTTCGGTC-1",0
"TGCGCAGAGACTAGGC-1",6.54456984438821
"TGCGCAGAGCACACAG-1",0
"TGCGCAGAGCGTCTAT-1",3.50597429202029
"TGCGCAGAGGAGCGAG-1",0
"TGCGCAGCAAACGTGG-1",7.19172899174411
"TGCGCAGCAGCTCGCA-1",0
"TGCGCAGCAGTAGAGC-1",5.79032708121111
"TGCGCAGTCCTACAGA-1",0
"TGCGGGTAGAGACTTA-1",0
"TGCGGGTAGATCGATA-1",3.53963192512618
"TGCGGGTAGCTCTCGG-1",5.54087854413835
"TGCGGGTAGGTGTGGT-1",0
"TGCGGGTAGTACTTGC-1",4.14217476756334
"TGCGGGTCAATGGAAT-1",4.3642083782655
"TGCGGGTCACACGCTG-1",0
"TGCGGGTCATTGGGCC-1",0
"TGCGGGTGTAGAAAGG-1",4.50961527184005
"TGCGGGTGTCACCTAA-1",6.02178609442077
"TGCGGGTGTCAGATAA-1",3.50320510890021
"TGCGGGTGTTAGAACA-1",9.92305755957654
"TGCGGGTTCAGTTCGA-1",0
"TGCGGGTTCGTAGATC-1",6.46085188322789
"TGCGGGTTCTCTTGAT-1",0
"TGCGTGGAGACGCAAC-1",4.50087381948307
"TGCGTGGAGACTGGGT-1",0
"TGCGTGGCAATTCCTT-1",7.44308459294429
"TGCGTGGGTGCACCAC-1",7.06643413597138
"TGCGTGGTCCGCGCAA-1",3.89719563517455
"TGCGTGGTCGCCCTTA-1",6.46657812470551
"TGCGTGGTCTGGCGAC-1",0
"TGCTACCAGAAAGTGG-1",6.75155251457939
"TGCTACCAGATGGCGT-1",4.96948509780359
"TGCTACCAGCAAATCA-1",0
"TGCTACCAGTCCGTAT-1",0
"TGCTACCCAAGAGGCT-1",8.57064146880905
"TGCTACCCACTTAACG-1",0
"TGCTACCCATCGTCGG-1",0
"TGCTACCCATGGTTGT-1",0
"TGCTACCGTGTGACGA-1",6.3442027601302
"TGCTACCTCCTCGCAT-1",3.12141575970157
"TGCTACCTCTTCTGGC-1",0
"TGCTGCTAGACTAAGT-1",0
"TGCTGCTAGGTGATAT-1",4.80375508551582
"TGCTGCTCAATAGAGT-1",0
"TGCTGCTCACAGACAG-1",0
"TGCTGCTCATCCCATC-1",0
"TGCTGCTCATGGTTGT-1",15.6661746672576
"TGCTGCTGTCATACTG-1",4.50087381948307
"TGCTGCTGTGAAGGCT-1",0
"TGCTGCTTCATTGCGA-1",0
"TGGACGCAGAGGTACC-1",0
"TGGACGCAGTCAAGGC-1",0
"TGGACGCCACAGAGGT-1",0
"TGGACGCCATGGTAGG-1",0
"TGGACGCGTCCGAACC-1",0
"TGGACGCGTCTCCCTA-1",5.71654333315511
"TGGCCAGAGAAGGTGA-1",0
"TGGCCAGAGAGTACAT-1",0
"TGGCCAGAGGCGATAC-1",4.71489946687305
"TGGCCAGAGGCGTACA-1",0
"TGGCCAGCAACTGCGC-1",0
"TGGCCAGCACGACTCG-1",0
"TGGCCAGGTCAATACC-1",6.47474641975431
"TGGCCAGTCGTAGATC-1",6.0481042278588
"TGGCCAGTCTATCCCG-1",5.45661348069826
"TGGCGCAAGCTACCTA-1",3.7067199280531
"TGGCGCAAGCTATGCT-1",0
"TGGCGCAAGTGTGGCA-1",0
"TGGCGCAAGTTACCCA-1",16.9293427535156
"TGGCGCACACAGGCCT-1",4.9940567443033
"TGGCGCACACGGATAG-1",0
"TGGCGCACAGCGATCC-1",0
"TGGCGCACATAGGATA-1",0
"TGGCGCAGTACTCTCC-1",0
"TGGCGCAGTGGACGAT-1",11.3502408212738
"TGGCGCAGTTATGTGC-1",0
"TGGCGCATCAAGAAGT-1",6.47474641975431
"TGGCGCATCATGCTCC-1",8.25828102952541
"TGGCGCATCATGTGGT-1",0
"TGGCGCATCATTATCC-1",3.75998144539708
"TGGCGCATCGTGGTCG-1",5.54087854413835
"TGGCTGGAGCGGATCA-1",0
"TGGCTGGAGTGCAAGC-1",3.23033434271661
"TGGCTGGCAAGTTAAG-1",3.01480226691621
"TGGCTGGCACGGATAG-1",0
"TGGCTGGCAGGAACGT-1",0
"TGGCTGGGTCGAGTTT-1",0
"TGGCTGGGTCGGCATC-1",3.53963192512618
"TGGCTGGGTCTAGCCG-1",0
"TGGCTGGGTTACGCGC-1",6.77198021264776
"TGGCTGGGTTGGACCC-1",3.71337021816531
"TGGCTGGTCTCGTTTA-1",0
"TGGGAAGAGATATACG-1",0
"TGGGAAGAGCCCAATT-1",0
"TGGGAAGAGCGCTCCA-1",0
"TGGGAAGAGGGCTTCC-1",6.25393440889106
"TGGGAAGAGTAAGTAC-1",11.3502408212738
"TGGGAAGAGTTAACGA-1",0
"TGGGAAGCAAGGTGTG-1",3.30069170945076
"TGGGAAGCAGATCCAT-1",0
"TGGGAAGCAGCGAACA-1",0
"TGGGAAGGTAAGTTCC-1",0
"TGGGAAGGTTAGATGA-1",5.71654333315511
"TGGGAAGGTTATTCTC-1",0
"TGGGAAGTCCCAAGAT-1",0
"TGGGAAGTCCTTCAAT-1",0
"TGGGAAGTCGTGGACC-1",3.82589784577743
"TGGGAAGTCTCCTATA-1",4.3642083782655
"TGGGCGTAGTCTCCTC-1",0
"TGGGCGTCAGACGTAG-1",0
"TGGGCGTCAGGGATTG-1",4.93820183196362
"TGGGCGTGTCCAAGTT-1",0
"TGGGCGTGTCTAGAGG-1",3.48613768725715
"TGGGCGTGTGGCTCCA-1",0
"TGGGCGTGTTTCGCTC-1",0
"TGGGCGTTCAGCTTAG-1",0
"TGGTTAGAGCTACCTA-1",3.07737875168877
"TGGTTAGAGTTAGGTA-1",0
"TGGTTAGGTGATGATA-1",4.14217476756334
"TGGTTAGGTTCACGGC-1",3.46932082863647
"TGGTTAGTCCCGACTT-1",0
"TGGTTAGTCTTGTATC-1",0
"TGGTTCCAGCCGTCGT-1",0
"TGGTTCCAGTAATCCC-1",0
"TGGTTCCCAAGTTGTC-1",10.4651030958579
"TGGTTCCCAGACAAAT-1",0
"TGGTTCCCAGACAGGT-1",4.26796184461806
"TGGTTCCCAGCTCGAC-1",3.07737875168877
"TGGTTCCCATGTCCTC-1",3.23033434271661
"TGGTTCCCATTTCACT-1",3.48613768725715
"TGGTTCCGTCCAAGTT-1",0
"TGGTTCCTCACATACG-1",0
"TGGTTCCTCAGCTTAG-1",0
"TGGTTCCTCTAACTTC-1",0
"TGGTTCCTCTAGAGTC-1",3.82589784577743
"TGGTTCCTCTGGGCCA-1",0
"TGTATTCAGCCCGAAA-1",0
"TGTATTCAGCGATCCC-1",0
"TGTATTCCAGGGCATA-1",7.06643413597138
"TGTATTCGTAAGAGAG-1",3.7067199280531
"TGTATTCGTTTGTTTC-1",3.71444093712778
"TGTATTCTCAGCATGT-1",0
"TGTATTCTCATCTGTT-1",3.66688638123568
"TGTCCCAAGCAGATCG-1",11.3502408212738
"TGTCCCAAGCTAGTTC-1",3.71337021816531
"TGTCCCAAGCTGAACG-1",0
"TGTCCCAAGTTGTCGT-1",6.75155251457939
"TGTCCCACAGTAAGCG-1",0
"TGTCCCACATCACGTA-1",0
"TGTCCCAGTAAGAGGA-1",0
"TGTCCCAGTAAGTGGC-1",6.02178609442077
"TGTCCCAGTCGGATCC-1",3.19910306670513
"TGTCCCATCATTTGGG-1",0
"TGTCCCATCTGCAAGT-1",0
"TGTCCCATCTGCGTAA-1",4.26796184461806
"TGTGGTAGTCCCGACA-1",7.44308459294429
"TGTGGTAGTGTGAAAT-1",4.80651991928789
"TGTGGTAGTGTGACGA-1",0
"TGTGGTATCCAGGGCT-1",0
"TGTGGTATCTTGCATT-1",0
"TGTGTTTAGAGGTTAT-1",4.3642083782655
"TGTGTTTAGCGTGAGT-1",0
"TGTGTTTAGTGCGTGA-1",9.67860995337247
"TGTGTTTCATGCGCAC-1",5.82090401998546
"TGTGTTTTCTCATTCA-1",0
"TGTGTTTTCTTTCCTC-1",3.75998144539708
"TGTTCCGAGAGCAATT-1",4.14217476756334
"TGTTCCGAGCAACGGT-1",9.9764799422759
"TGTTCCGAGGAATTAC-1",7.81599219833037
"TGTTCCGAGGACTGGT-1",7.06643413597138
"TGTTCCGCAGTGAGTG-1",0
"TGTTCCGGTGAGTATA-1",0
"TGTTCCGTCAAGCCTA-1",0
"TGTTCCGTCAGTTCGA-1",0
"TGTTCCGTCGGCGGTT-1",0
"TGTTCCGTCTGAAAGA-1",5.05996067728484
"TGTTCCGTCTGGTATG-1",0
"TTAACTCAGTGTACGG-1",5.17813153778311
"TTAACTCCAAGCGCTC-1",4.26796184461806
"TTAACTCCAGGCAGTA-1",7.11901019881529
"TTAACTCGTTCCACAA-1",3.38865512990788
"TTAACTCTCATAAAGG-1",3.21078370002761
"TTAACTCTCCCTCAGT-1",0
"TTAGGACAGCAGGCTA-1",4.80599390753455
"TTAGGACAGCTCTCGG-1",0
"TTAGGACCAAGCCATT-1",0
"TTAGGACCAGTCAGAG-1",3.64263828464032
"TTAGGACGTTTGTTTC-1",6.46657812470551
"TTAGGCAAGAAGATTC-1",6.5277220619152
"TTAGGCAAGAGCCCAA-1",6.75155251457939
"TTAGGCAAGAGTGACC-1",0
"TTAGGCAAGGTTCCTA-1",3.17891738156185
"TTAGGCAAGTCGTTTG-1",4.84543260154606
"TTAGGCAAGTGTACCT-1",0
"TTAGGCACAGACGCTC-1",0
"TTAGGCACATGTTCCC-1",0
"TTAGGCAGTAAGGATT-1",0
"TTAGGCAGTAAGTAGT-1",0
"TTAGGCAGTCTTGATG-1",0
"TTAGGCATCACGCATA-1",0
"TTAGGCATCAGTCAGT-1",3.80940787177119
"TTAGGCATCCAGTATG-1",0
"TTAGGCATCGTTACGA-1",0
"TTAGTTCAGGTGCAAC-1",0
"TTAGTTCCAATGTAAG-1",0
"TTAGTTCCATCCTTGC-1",0
"TTAGTTCGTAGCCTAT-1",6.56255069240729
"TTAGTTCGTGCAGACA-1",5.79032708121111
"TTAGTTCGTGTCAATC-1",5.40577090740922
"TTAGTTCGTTGCCTCT-1",0
"TTAGTTCTCAGGCCCA-1",0
"TTAGTTCTCGCAGGCT-1",0
"TTAGTTCTCTACTATC-1",0
"TTATGCTAGAATGTGT-1",0
"TTATGCTAGCACACAG-1",6.7200329681628
"TTATGCTAGCAGCCTC-1",0
"TTATGCTAGTCCCACG-1",0
"TTATGCTCAGCCAGAA-1",3.66688638123568
"TTATGCTCATACCATG-1",0
"TTATGCTCATGTAGTC-1",9.72833117977742
"TTATGCTGTCCGAGTC-1",3.36090262900973
"TTATGCTTCGATAGAA-1",0
"TTCCCAGAGAATTCCC-1",0
"TTCCCAGAGACTAGAT-1",0
"TTCCCAGAGTATCGAA-1",0
"TTCCCAGCAGATGGGT-1",3.26301069034062
"TTCCCAGCATCAGTAC-1",0
"TTCCCAGCATCTCCCA-1",0
"TTCCCAGCATTACCTT-1",0
"TTCCCAGTCAACACTG-1",0
"TTCCCAGTCGAGAGCA-1",6.3442027601302
"TTCGAAGAGTCTCAAC-1",0
"TTCGAAGCAAGCGCTC-1",0
"TTCGAAGCACATTAGC-1",0
"TTCGAAGCACGGTGTC-1",4.14217476756334
"TTCGGTCAGAGGACGG-1",0
"TTCGGTCAGCACACAG-1",0
"TTCGGTCAGGCCCTCA-1",8.09346926362173
"TTCGGTCAGTGAATTG-1",0
"TTCGGTCAGTTGAGAT-1",15.1749630779636
"TTCGGTCCAAGGGTCA-1",6.29768282862465
"TTCGGTCCACGTCAGC-1",0
"TTCGGTCGTAACGTTC-1",0
"TTCGGTCGTAGAGTGC-1",5.26988427876524
"TTCGGTCGTTCATGGT-1",0
"TTCGGTCGTTCTGTTT-1",3.64263828464032
"TTCGGTCTCAAAGACA-1",0
"TTCGGTCTCCAGTATG-1",5.75181445732364
"TTCGGTCTCGCGTTTC-1",0
"TTCGGTCTCGTCTGAA-1",0
"TTCTACAAGACTAAGT-1",4.9888863329471
"TTCTACAAGCAGCCTC-1",6.02178609442077
"TTCTACAAGCCTTGAT-1",0
"TTCTACAAGGCAGGTT-1",0
"TTCTACAAGGTAAACT-1",0
"TTCTACAAGTTAGGTA-1",0
"TTCTACACACGTGAGA-1",5.45661348069826
"TTCTACACAGCTGTTA-1",0
"TTCTACACATCGATTG-1",9.72833117977742
"TTCTACACATTACGAC-1",4.75868317255882
"TTCTACAGTACCGTTA-1",0
"TTCTACAGTATATGAG-1",0
"TTCTACAGTGGCTCCA-1",7.11901019881529
"TTCTACATCAACGGGA-1",0
"TTCTACATCCGCGTTT-1",0
"TTCTCAAAGAAAGTGG-1",6.65323246518143
"TTCTCAAAGAATCTCC-1",15.1749630779636
"TTCTCAAAGAGGTTAT-1",4.71489946687305
"TTCTCAAAGCAGCCTC-1",0
"TTCTCAAAGCCGCCTA-1",0
"TTCTCAAAGTCAATAG-1",0
"TTCTCAAAGTTGAGAT-1",15.6661746672576
"TTCTCAACACCCAGTG-1",0
"TTCTCAACATTGTGCA-1",7.54676744327112
"TTCTCAAGTATAAACG-1",0
"TTCTCAAGTCCCTTGT-1",0
"TTCTCAAGTCGAGATG-1",0
"TTCTCAATCATCGCTC-1",0
"TTCTCAATCCCTAACC-1",0
"TTCTCAATCGTAGGAG-1",5.82090401998546
"TTCTCCTAGAGTAAGG-1",0
"TTCTCCTAGCGACGTA-1",3.10077076977449
"TTCTCCTAGCGTGAGT-1",0
"TTCTCCTAGTCTCGGC-1",0
"TTCTCCTCAACACGCC-1",7.06643413597138
"TTCTCCTCAATAACGA-1",0
"TTCTCCTGTTAAGAAC-1",0
"TTCTCCTTCAGTTCGA-1",0
"TTCTCCTTCCGTAGGC-1",15.6661746672576
"TTCTCCTTCCTTTCTC-1",0
"TTCTCCTTCTGCAAGT-1",9.72833117977742
"TTCTCCTTCTTCAACT-1",5.94529193040039
"TTCTCCTTCTTGTACT-1",0
"TTCTTAGAGGACTGGT-1",0
"TTCTTAGCAAGGTGTG-1",5.19346078054678
"TTCTTAGCATCGGAAG-1",0
"TTCTTAGGTAGAAGGA-1",0
"TTCTTAGGTCATATGC-1",0
"TTCTTAGTCAGTTCGA-1",0
"TTGAACGGTCACTTCC-1",5.05996067728484
"TTGAACGTCATGTCCC-1",0
"TTGACTTAGCCACGTC-1",3.64263828464032
"TTGACTTAGCGACGTA-1",4.78515943423765
"TTGACTTAGTTAACGA-1",0
"TTGACTTCACTTACGA-1",4.50961527184005
"TTGACTTGTCTCTCTG-1",5.71654333315511
"TTGACTTGTGCGATAG-1",0
"TTGACTTTCCAGAGGA-1",0
"TTGACTTTCTGTCCGT-1",0
"TTGCCGTAGGAGCGTT-1",0
"TTGCCGTAGGTGGGTT-1",3.75998144539708
"TTGCCGTCATGGTCAT-1",3.12729548144537
"TTGCGTCAGACAGAGA-1",0
"TTGCGTCAGCTCCTTC-1",0
"TTGCGTCAGTCCATAC-1",6.7200329681628
"TTGCGTCAGTGAATTG-1",0
"TTGCGTCCAAATTGCC-1",0
"TTGCGTCCACTGTGTA-1",0
"TTGCGTCCAGTCACTA-1",3.12141575970157
"TTGCGTCGTCTGATTG-1",0
"TTGGAACAGCCCAATT-1",6.29768282862465
"TTGGAACAGCGTCTAT-1",8.65669316341584
"TTGGAACAGGCGTACA-1",0
"TTGGAACGTATTACCG-1",0
"TTGGAACTCCCATTAT-1",0
"TTGGAACTCCGTAGTA-1",0
"TTGGAACTCGTCCAGG-1",0
"TTGGCAAAGTTAGGTA-1",5.33762218628796
"TTGGCAAGTATAGGTA-1",0
"TTGGCAATCACATGCA-1",0
"TTGGCAATCAGAGCTT-1",0
"TTGGCAATCGCATGAT-1",0
"TTGGCAATCTAGAGTC-1",4.91984377050868
"TTGTAGGAGGTGCTAG-1",0
"TTGTAGGCACACGCTG-1",0
"TTGTAGGGTCTCCCTA-1",0
"TTGTAGGGTGGTAACG-1",0
"TTGTAGGTCGGCGCTA-1",0
"TTGTAGGTCTGCCAGG-1",3.75660294604391
"TTTACTGAGATCACGG-1",0
"TTTACTGCAAAGCAAT-1",0
"TTTACTGCACATGGGA-1",0
"TTTACTGCACCACGTG-1",0
"TTTACTGCATGGGACA-1",0
"TTTACTGCATGTCCTC-1",0
"TTTACTGGTAACGTTC-1",0
"TTTACTGGTGGTGTAG-1",0
"TTTACTGGTTCGCTAA-1",3.17435133594484
"TTTACTGTCTGGAGCC-1",8.6650948504424
"TTTATGCAGACTGTAA-1",3.30263397327048
"TTTATGCAGATGCGAC-1",0
"TTTATGCAGGCAAAGA-1",4.42879657556174
"TTTATGCAGGCCCGTT-1",5.0729259998171
"TTTATGCAGTTCCACA-1",0
"TTTATGCCAAACGCGA-1",0
"TTTATGCCAATCTGCA-1",3.09263970839021
"TTTATGCCACAGGTTT-1",3.24958719833328
"TTTATGCCAGCCAATT-1",0
"TTTATGCCAGGTCGTC-1",8.6650948504424
"TTTATGCCATGGTCAT-1",5.45907999414123
"TTTATGCTCACATAGC-1",4.31229777061313
"TTTATGCTCACCTTAT-1",5.45661348069826
"TTTATGCTCGGCGGTT-1",3.34501837119249
"TTTATGCTCTCGCTTG-1",0
"TTTCCTCAGCGTGAAC-1",0
"TTTCCTCAGGACTGGT-1",0
"TTTCCTCCAAAGTGCG-1",5.82090401998546
"TTTCCTCCAGGAATGC-1",0
"TTTCCTCCATTAGCCA-1",6.77198021264776
"TTTCCTCGTCCGAAGA-1",2.99554558259904
"TTTCCTCGTCGCTTTC-1",0
"TTTCCTCTCGGCCGAT-1",0
"TTTCCTCTCGTGTAGT-1",5.47258755844595
"TTTGCGCAGCTAAACA-1",0
"TTTGCGCAGCTAGTCT-1",5.79032708121111
"TTTGCGCAGGCCGAAT-1",6.46085188322789
"TTTGCGCAGTCAAGGC-1",0
"TTTGCGCCAAGTAGTA-1",5.79032708121111
"TTTGCGCCAGGTGCCT-1",0
"TTTGCGCGTCTAAACC-1",5.79032708121111
"TTTGCGCTCAAAGTAG-1",3.48613768725715
"TTTGCGCTCATGTAGC-1",0
"TTTGGTTAGAATGTGT-1",0
"TTTGGTTAGACAATAC-1",6.29768282862465
"TTTGGTTAGCGATTCT-1",0
"TTTGGTTAGGCTCAGA-1",0
"TTTGGTTAGTTACCCA-1",0
"TTTGGTTCAAACTGCT-1",0
"TTTGGTTCAAGCTGTT-1",5.0008445295786
"TTTGGTTCAGATCGGA-1",0
"TTTGGTTCATCACAAC-1",0
"TTTGGTTGTACTTCTT-1",0
"TTTGGTTGTATGCTTG-1",0
"TTTGGTTGTGCTTCTC-1",8.20155754387782
"TTTGGTTTCATGCTCC-1",0
"TTTGGTTTCCCTGACT-1",4.96948509780359
"TTTGTCAAGAGTCGGT-1",3.74905778866215
"TTTGTCACAAGTTCTG-1",0
"TTTGTCACAAGTTGTC-1",3.89831703624474
"TTTGTCATCACCTTAT-1",0
"TTTGTCATCCATTCTA-1",4.93820183196362
"TTTGTCATCCTTAATC-1",3.01480226691621
"TTTGTCATCTTATCTG-1",4.12808780970398
