"cell_barcode","expression"
"AAACCTGAGACAGAGA-1",9.62349429071648
"AAACCTGAGACTTTCG-1",12.1388828596871
"AAACCTGAGAGTAAGG-1",0
"AAACCTGAGAGTCGGT-1",6.38844439022027
"AAACCTGAGGATGGAA-1",0
"AAACCTGAGTAGATGT-1",11.7704919377454
"AAACCTGCAATCAGAA-1",0
"AAACCTGCACCGATAT-1",0
"AAACCTGCAGACGTAG-1",9.77221966935465
"AAACCTGCAGTATCTG-1",7.492251939556
"AAACCTGCATAGTAAG-1",9.57509925198402
"AAACCTGCATGAACCT-1",10.9830756356019
"AAACCTGGTAAGAGGA-1",0
"AAACCTGGTCCAACTA-1",10.1367502654784
"AAACCTGTCCGTAGTA-1",0
"AAACCTGTCGAGAGCA-1",0
"AAACGGGAGTACGACG-1",10.8009383467453
"AAACGGGCAAGGTTTC-1",0
"AAACGGGCACGTCAGC-1",0
"AAACGGGCAGCGTTCG-1",0
"AAACGGGGTAGCCTCG-1",6.68192129505468
"AAACGGGGTCTACCTC-1",0
"AAACGGGGTGCGGTAA-1",7.17198241227162
"AAACGGGGTTGTCGCG-1",9.9662473560867
"AAACGGGTCCATGAGT-1",0
"AAACGGGTCCCAACGG-1",0
"AAACGGGTCCCATTAT-1",0
"AAAGATGCAGTCAGCC-1",0
"AAAGATGCATCTACGA-1",7.15374573241833
"AAAGCAAAGCGTCTAT-1",0
"AAAGCAACATGTCGAT-1",0
"AAAGCAAGTAGCTGCC-1",0
"AAAGCAAGTAGGCATG-1",7.91669618104676
"AAAGCAAGTGCGCTTG-1",8.92186879745865
"AAAGCAAGTTATTCTC-1",0
"AAAGCAATCCGTAGTA-1",0
"AAAGTAGAGATGTGTA-1",0
"AAAGTAGAGTGGGCTA-1",0
"AAAGTAGGTATATGGA-1",9.43944904574953
"AAAGTAGGTGAGCGAT-1",0
"AAAGTAGGTTGAGGTG-1",0
"AAATGCCAGCCCTAAT-1",7.31661282047447
"AAATGCCAGCGTGTCC-1",6.42909950606761
"AAATGCCCAACACCTA-1",6.59868975139141
"AAATGCCGTAGGAGTC-1",0
"AAATGCCGTCTTTCAT-1",0
"AAATGCCGTGGTCCGT-1",8.92827277091211
"AAATGCCGTTCCCGAG-1",0
"AAATGCCTCATAGCAC-1",0
"AAATGCCTCGCTTAGA-1",0
"AACACGTAGAATTCCC-1",13.830268004375
"AACACGTAGCCCTAAT-1",0
"AACACGTAGGGTGTGT-1",0
"AACACGTCACTGTCGG-1",0
"AACACGTCATCCCATC-1",0
"AACACGTGTGCAACGA-1",10.5846635830971
"AACACGTGTGTCGCTG-1",6.94774429257711
"AACCATGAGCGCTTAT-1",0
"AACCATGGTCCGTTAA-1",0
"AACCATGTCAGTTCGA-1",0
"AACCATGTCATCGATG-1",0
"AACCATGTCCCAAGTA-1",7.51708486577891
"AACCGCGAGAAGCCCA-1",0
"AACCGCGAGACTGGGT-1",0
"AACCGCGAGAGGTACC-1",11.4668998038353
"AACCGCGAGTTAGGTA-1",0
"AACCGCGAGTTGCAGG-1",0
"AACCGCGCACGGTAGA-1",8.58412889548222
"AACCGCGCAGCATGAG-1",0
"AACCGCGCAGCCTGTG-1",0
"AACCGCGCAGCTGTGC-1",8.01576920621445
"AACCGCGCAGTATGCT-1",9.43944904574953
"AACCGCGGTACTTGAC-1",6.87190146316492
"AACCGCGGTCTGCAAT-1",11.6467856627332
"AACCGCGTCACATGCA-1",14.8324725624605
"AACCGCGTCACCGTAA-1",0
"AACCGCGTCCAGAGGA-1",0
"AACCGCGTCCGAAGAG-1",11.9124509882636
"AACGTTGAGCGATAGC-1",6.9653849758758
"AACGTTGAGCGATCCC-1",0
"AACGTTGAGCTTATCG-1",8.01576920621445
"AACGTTGCAAGTTGTC-1",0
"AACGTTGCAATAGAGT-1",10.1367502654784
"AACGTTGCAATGGATA-1",11.8213500134035
"AACGTTGCATGGATGG-1",0
"AACGTTGCATTCTCAT-1",7.12829332063025
"AACGTTGTCAACACGT-1",13.1845909652819
"AACGTTGTCGAGGTAG-1",10.1128878297677
"AACGTTGTCGGTCCGA-1",0
"AACTCAGAGAGCTATA-1",0
"AACTCAGAGAGTCGGT-1",0
"AACTCAGAGCCACCTG-1",0
"AACTCAGAGCCCAATT-1",0
"AACTCAGCAAACAACA-1",9.69827891435422
"AACTCAGCACAAGCCC-1",13.2897645478008
"AACTCAGCACGGTTTA-1",0
"AACTCAGCAGGATCGA-1",6.44999363590874
"AACTCAGCATAAAGGT-1",0
"AACTCAGGTTCCACAA-1",0
"AACTCAGTCGTACCGG-1",6.9653849758758
"AACTCCCAGCCCAGCT-1",0
"AACTCCCAGCTAAGAT-1",0
"AACTCCCCATGGTCTA-1",11.6467856627332
"AACTCCCGTTGCGCAC-1",0
"AACTCCCTCAAGAAGT-1",0
"AACTCCCTCAAGCCTA-1",0
"AACTCCCTCATCGCTC-1",0
"AACTCCCTCTGCAGTA-1",7.75362768088862
"AACTCCCTCTGGCGTG-1",6.44999363590874
"AACTCTTAGCAGACTG-1",0
"AACTCTTAGTCCGGTC-1",6.76157521111773
"AACTCTTCATGCTAGT-1",0
"AACTCTTGTCGAATCT-1",9.65950397118547
"AACTCTTGTCGGGTCT-1",7.17198241227162
"AACTCTTTCTCAAACG-1",8.16153586830741
"AACTCTTTCTCCAGGG-1",8.51051607411829
"AACTCTTTCTCTGCTG-1",0
"AACTGGTAGAAGATTC-1",8.31961864798223
"AACTGGTAGAGACTAT-1",8.81977435046596
"AACTGGTAGCCAACAG-1",6.38844439022027
"AACTGGTAGTGTACTC-1",10.9918776810059
"AACTGGTCACTGAAGG-1",0
"AACTGGTGTCCGAACC-1",0
"AACTGGTTCGGAGCAA-1",0
"AACTGGTTCGTGGGAA-1",0
"AACTGGTTCTGCTTGC-1",6.73775040190133
"AACTTTCAGCGTGAAC-1",0
"AACTTTCAGTATCTCG-1",0
"AACTTTCAGTTTCCTT-1",9.72553080451342
"AACTTTCCATCCTTGC-1",0
"AACTTTCGTCTAGAGG-1",0
"AACTTTCGTCTCTTTA-1",0
"AACTTTCGTTTGTTTC-1",0
"AAGACCTAGGGCTTCC-1",0
"AAGACCTAGTACACCT-1",0
"AAGACCTGTATATGAG-1",0
"AAGACCTGTATCAGTC-1",0
"AAGACCTGTCCGTGAC-1",0
"AAGACCTGTCGAAAGC-1",0
"AAGACCTTCGCCATAA-1",0
"AAGCCGCAGATCTGAA-1",0
"AAGCCGCAGGGTGTTG-1",0
"AAGCCGCAGTGGACGT-1",6.90411044457319
"AAGCCGCAGTGTACTC-1",9.31570329195139
"AAGCCGCCACGCTTTC-1",0
"AAGCCGCCAGGACGTA-1",12.4653763845769
"AAGCCGCGTACAGTTC-1",0
"AAGCCGCGTCATTAGC-1",6.59868975139141
"AAGCCGCTCACGAAGG-1",8.28422607237224
"AAGCCGCTCAGTTAGC-1",0
"AAGCCGCTCGCAAACT-1",8.92827277091211
"AAGCCGCTCGTCGTTC-1",0
"AAGCCGCTCTTACCGC-1",0
"AAGGAGCAGAAACCGC-1",0
"AAGGAGCAGGCATGTG-1",10.5963910846197
"AAGGAGCAGGCGCTCT-1",10.5229925734524
"AAGGAGCAGTTGAGTA-1",10.1128878297677
"AAGGAGCCACGGCGTT-1",9.19024266311922
"AAGGAGCGTCTGCAAT-1",9.08849077315589
"AAGGAGCTCGTCTGCT-1",8.58412889548222
"AAGGCAGAGAACTGTA-1",10.0915161899515
"AAGGCAGAGAGATGAG-1",8.01576920621445
"AAGGCAGAGGTGATAT-1",6.47096189750078
"AAGGCAGCATAGTAAG-1",0
"AAGGCAGGTACTTCTT-1",0
"AAGGCAGGTGTGCCTG-1",6.6944068280879
"AAGGCAGTCAGATAAG-1",0
"AAGGCAGTCGGAATCT-1",0
"AAGGTTCAGTATCTCG-1",13.2670912597638
"AAGGTTCCATCACGTA-1",0
"AAGGTTCGTATATGGA-1",0
"AAGGTTCGTCCGAATT-1",7.5834967156809
"AAGGTTCGTCGACTAT-1",8.77203932298066
"AAGGTTCGTGTGACCC-1",0
"AAGGTTCTCCGTCATC-1",14.9102564916784
"AAGGTTCTCCTCGCAT-1",10.1013452124234
"AAGGTTCTCTGCGGCA-1",0
"AAGTCTGAGCCATCGC-1",0
"AAGTCTGAGTCAAGCG-1",10.9918776810059
"AAGTCTGCAAAGGAAG-1",0
"AAGTCTGGTCAGCTAT-1",0
"AAGTCTGTCAAACAAG-1",0
"AAGTCTGTCACTGGGC-1",0
"AAGTCTGTCAGCAACT-1",0
"AATCCAGCAAAGTGCG-1",7.400195215637
"AATCCAGCAGCATACT-1",7.95221068797876
"AATCCAGGTAGGCATG-1",0
"AATCCAGGTCTCCCTA-1",7.17637099487502
"AATCCAGTCCGAATGT-1",11.1552506926627
"AATCGGTAGGCATGGT-1",10.232269265188
"AATCGGTTCCTGTACC-1",0
"AATCGGTTCGCCGTGA-1",7.603994657388
"ACACCAAAGATGAGAG-1",10.2102170387093
"ACACCAAAGCCCTAAT-1",0
"ACACCAAAGGATGGTC-1",0
"ACACCAAAGTGTCCAT-1",9.63161617334949
"ACACCAACACTTCGAA-1",0
"ACACCAACAGACGCTC-1",0
"ACACCAACAGCCTATA-1",0
"ACACCAAGTCGCGTGT-1",0
"ACACCAAGTCTAAACC-1",9.69827891435422
"ACACCAAGTTATGTGC-1",11.8628741038433
"ACACCAATCGCGTTTC-1",0
"ACACCCTAGCCAGGAT-1",11.1552506926627
"ACACCCTAGTACTTGC-1",13.6531635367423
"ACACCCTCAAGCGCTC-1",0
"ACACCCTCATCACAAC-1",0
"ACACCCTCATGCCCGA-1",0
"ACACCCTGTCTGGTCG-1",6.43125501272149
"ACACCCTTCCGCAAGC-1",8.39998715837003
"ACACCCTTCCTTGCCA-1",6.59868975139141
"ACACCCTTCTATCCTA-1",8.39600287263517
"ACACCCTTCTGGCGTG-1",0
"ACACCGGAGGCTCAGA-1",7.91669618104676
"ACACCGGAGTGACATA-1",0
"ACACCGGAGTTACCCA-1",6.70287452984907
"ACACCGGCACCAGATT-1",9.9202869483362
"ACACCGGCACCGAAAG-1",13.5687803380876
"ACACCGGCATCACAAC-1",0
"ACACCGGTCCGCATAA-1",9.55861803363615
"ACACCGGTCTCGGACG-1",0
"ACACCGGTCTCTGTCG-1",9.72552117566374
"ACACTGAAGCACGCCT-1",0
"ACACTGAAGGTGATTA-1",6.59142576153103
"ACACTGACAATAGAGT-1",0
"ACACTGACAGACTCGC-1",0
"ACACTGACATCCAACA-1",6.47096189750078
"ACACTGAGTCCGAAGA-1",9.63014715007916
"ACACTGAGTGTTTGTG-1",6.59868975139141
"ACACTGAGTTTGACTG-1",11.3417896818569
"ACAGCCGAGGAATGGA-1",11.8628741038433
"ACAGCCGAGGCCCGTT-1",10.8894213005706
"ACAGCCGAGGTGCTTT-1",8.02505205550117
"ACAGCCGAGTGGTAGC-1",8.92186879745865
"ACAGCCGCATATACGC-1",0
"ACAGCCGCATGCAACT-1",0
"ACAGCCGGTAGGGTAC-1",0
"ACAGCCGGTCGAATCT-1",0
"ACAGCCGGTTCACCTC-1",0
"ACAGCCGGTTCCACTC-1",10.5846635830971
"ACAGCCGTCCAGAAGG-1",7.492251939556
"ACAGCCGTCTTTACAC-1",10.6570265090909
"ACAGCTAAGCACCGCT-1",0
"ACAGCTAAGTATCTCG-1",0
"ACAGCTAAGTGTTGAA-1",0
"ACAGCTACATCGTCGG-1",7.33486472865566
"ACAGCTAGTCGACTAT-1",7.34534387699156
"ACAGCTAGTGGTACAG-1",9.69827891435422
"ACAGCTATCACCACCT-1",9.90756280245341
"ACAGCTATCTGCTTGC-1",0
"ACATACGAGAGCTTCT-1",6.95352181185289
"ACATACGAGCGTAGTG-1",0
"ACATACGAGCTTCGCG-1",6.9653849758758
"ACATACGAGCTTTGGT-1",6.92946742010202
"ACATACGCAAACGTGG-1",13.830268004375
"ACATACGCAAGCCTAT-1",0
"ACATACGCATCTCCCA-1",0
"ACATACGCATTCTCAT-1",0
"ACATACGGTAGGAGTC-1",0
"ACATACGGTGCACCAC-1",11.3921014351069
"ACATACGGTGGTTTCA-1",9.30615067400278
"ACATACGTCGTATCAG-1",8.77203932298066
"ACATCAGAGCCACTAT-1",0
"ACATCAGAGCCTTGAT-1",6.42909950606761
"ACATCAGCAACACCCG-1",7.603994657388
"ACATCAGCAACGATGG-1",9.63161617334949
"ACATCAGCAATTGCTG-1",0
"ACATCAGCACCGGAAA-1",0
"ACATCAGCATAAAGGT-1",7.91669618104676
"ACATCAGCATCCCACT-1",9.72552117566374
"ACATCAGCATTTGCCC-1",9.5315636615138
"ACATCAGGTAAGGATT-1",0
"ACATCAGGTCCGTGAC-1",0
"ACATCAGGTTAAGTAG-1",6.40442561578525
"ACATCAGTCAAACCGT-1",0
"ACATGGTAGCATGGCA-1",0
"ACATGGTAGCTGTTCA-1",0
"ACATGGTCACTTGGAT-1",0
"ACATGGTGTCAGATAA-1",6.42909950606761
"ACATGGTGTCTGCGGT-1",7.17637099487502
"ACATGGTGTGCAACTT-1",0
"ACATGGTTCCGCAAGC-1",0
"ACATGGTTCCTCCTAG-1",8.02926819450986
"ACATGGTTCTGGAGCC-1",8.77203932298066
"ACATGGTTCTTCTGGC-1",0
"ACCAGTAAGATCACGG-1",0
"ACCAGTAAGCTTCGCG-1",10.9830756356019
"ACCAGTACACAGATTC-1",8.14086321318263
"ACCAGTACACAGGCCT-1",0
"ACCAGTACAGTATGCT-1",7.56748541313232
"ACCAGTACAGTCAGAG-1",0
"ACCAGTACAGTTTACG-1",11.6467856627332
"ACCAGTAGTCACCCAG-1",0
"ACCAGTAGTCCATCCT-1",0
"ACCAGTAGTCTTCAAG-1",0
"ACCAGTAGTGGACGAT-1",0
"ACCAGTATCTGCGACG-1",0
"ACCAGTATCTGCTTGC-1",0
"ACCAGTATCTGTTTGT-1",0
"ACCCACTAGAGGTTAT-1",7.31661282047447
"ACCCACTAGATCCCGC-1",10.7951454255655
"ACCCACTAGATGTGTA-1",0
"ACCCACTAGCCCAATT-1",0
"ACCCACTCAAGGGTCA-1",0
"ACCCACTCAAGGTTCT-1",0
"ACCCACTGTAAATGAC-1",8.58412889548222
"ACCCACTGTAGCCTCG-1",6.76157521111773
"ACCCACTGTCAAAGAT-1",0
"ACCCACTGTCAATACC-1",0
"ACCCACTGTGTGGTTT-1",9.54963612393341
"ACCCACTTCGCAAACT-1",7.0523504722098
"ACCCACTTCTGCCAGG-1",0
"ACCGTAACAATCGGTT-1",7.47771807924978
"ACCGTAACAATCTACG-1",0
"ACCGTAACAGGTCCAC-1",0
"ACCGTAAGTACAGCAG-1",7.62812550177672
"ACCGTAAGTCATGCAT-1",0
"ACCGTAAGTGAGTGAC-1",9.45884037381897
"ACCGTAAGTTAAGAAC-1",0
"ACCGTAAGTTCCGTCT-1",0
"ACCGTAATCACATAGC-1",7.6279618009362
"ACCGTAATCATGTGGT-1",9.72552117566374
"ACCGTAATCTGAAAGA-1",11.4493467347866
"ACCTTTACAATCGGTT-1",0
"ACCTTTACACGGACAA-1",0
"ACCTTTACAGCAGTTT-1",8.14450139932893
"ACCTTTACATGCAACT-1",8.35367049213468
"ACCTTTACATTTCAGG-1",0
"ACCTTTAGTGAACCTT-1",10.016598151811
"ACCTTTAGTTCCACTC-1",6.70287452984907
"ACCTTTATCTCTAGGA-1",0
"ACGAGCCAGGCAGGTT-1",0
"ACGAGCCCACAGGCCT-1",8.77203932298066
"ACGAGCCCATGGAATA-1",0
"ACGAGCCGTGCACGAA-1",0
"ACGAGCCGTGTGACCC-1",0
"ACGAGCCGTTGGTTTG-1",0
"ACGAGCCTCAGTCCCT-1",0
"ACGAGCCTCGCAAACT-1",7.34149879207275
"ACGAGGACACTACAGT-1",7.492251939556
"ACGAGGACATGTAGTC-1",7.603994657388
"ACGAGGAGTACACCGC-1",0
"ACGAGGAGTGCCTGCA-1",0
"ACGAGGAGTTCTGAAC-1",7.95221068797876
"ACGAGGATCTGCGGCA-1",0
"ACGATACAGAGTGACC-1",0
"ACGATACAGCGCCTTG-1",0
"ACGATACCACGTTGGC-1",0
"ACGATACCATTGGGCC-1",0
"ACGATACGTCGAATCT-1",0
"ACGATACTCTGACCTC-1",7.603994657388
"ACGATGTAGTGCGATG-1",0
"ACGATGTAGTTGAGAT-1",0
"ACGATGTCAACGCACC-1",0
"ACGATGTCACACGCTG-1",6.9653849758758
"ACGATGTGTATTCTCT-1",0
"ACGATGTGTCAGTGGA-1",0
"ACGATGTGTGACTACT-1",0
"ACGATGTGTGTCGCTG-1",11.345726791126
"ACGATGTTCGCGTAGC-1",0
"ACGATGTTCTCTTATG-1",0
"ACGCAGCAGCGGCTTC-1",7.65828554314333
"ACGCAGCAGCTGCGAA-1",8.28422607237224
"ACGCAGCAGTGTACGG-1",6.88322728925295
"ACGCAGCCACCTCGTT-1",12.1388828596871
"ACGCAGCCATCGACGC-1",11.3417896818569
"ACGCAGCCATTACCTT-1",0
"ACGCAGCGTCCATGAT-1",7.06912819333644
"ACGCAGCGTCTACCTC-1",0
"ACGCAGCGTCTGGTCG-1",11.2701868095
"ACGCAGCGTGCGATAG-1",0
"ACGCCAGCAAAGCAAT-1",0
"ACGCCAGCAACGCACC-1",0
"ACGCCAGCACGAGAGT-1",0
"ACGCCAGCAGTGAGTG-1",0
"ACGCCAGGTGCACTTA-1",9.01614152452564
"ACGCCAGGTGTGCGTC-1",0
"ACGCCAGTCACAGGCC-1",0
"ACGCCAGTCAGTGTTG-1",0
"ACGCCGAAGAAACGCC-1",6.5261068335139
"ACGCCGAAGATCTGCT-1",8.77203932298066
"ACGCCGACAGCCTGTG-1",0
"ACGCCGAGTTCCAACA-1",0
"ACGCCGATCCTATGTT-1",6.42909950606761
"ACGCCGATCGCAGGCT-1",0
"ACGCCGATCTTGTATC-1",6.73775040190133
"ACGGAGAAGCCAGTTT-1",7.15374573241833
"ACGGAGACACACATGT-1",9.27382119394692
"ACGGAGACAGCCTGTG-1",0
"ACGGAGACAGCGTAAG-1",0
"ACGGAGACAGTAAGCG-1",8.65376550152236
"ACGGAGAGTGTGACGA-1",0
"ACGGAGATCCACGAAT-1",0
"ACGGCCACACATCCAA-1",0
"ACGGCCACACATTCGA-1",7.603994657388
"ACGGCCAGTACCGTAT-1",6.9653849758758
"ACGGCCAGTGTATGGG-1",0
"ACGGCCATCACGGTTA-1",0
"ACGGCCATCAGTGTTG-1",0
"ACGGCCATCTACTATC-1",0
"ACGGGCTAGGATCGCA-1",0
"ACGGGCTAGGTTCCTA-1",11.2833185470368
"ACGGGCTAGTGGCACA-1",0
"ACGGGCTCATCTGGTA-1",0
"ACGGGCTGTGAGGCTA-1",7.57538679204184
"ACGGGCTTCCGAACGC-1",6.38844439022027
"ACGGGTCAGATGCCAG-1",0
"ACGGGTCCATGATCCA-1",0
"ACGGGTCCATTAGGCT-1",8.58412889548222
"ACGGGTCCATTTCACT-1",0
"ACGGGTCGTTAGGGTG-1",0
"ACGGGTCTCAACACCA-1",11.8213500134035
"ACGGGTCTCCACGCAG-1",0
"ACGTCAAAGGGCTTCC-1",9.0205305065732
"ACGTCAAAGTGGTAAT-1",0
"ACGTCAACAACTGCGC-1",8.44556400146737
"ACGTCAACACAAGACG-1",7.17278278369207
"ACGTCAAGTAGCTCCG-1",7.31661282047447
"ACGTCAAGTGTCGCTG-1",9.5315636615138
"ACGTCAAGTTATGCGT-1",7.3282561693536
"ACGTCAATCAACCAAC-1",7.492251939556
"ACGTCAATCATAACCG-1",0
"ACGTCAATCCAGAAGG-1",7.5834967156809
"ACGTCAATCTAACTCT-1",9.7832024391261
"ACTATCTAGAGGTTAT-1",0
"ACTATCTAGATACACA-1",0
"ACTATCTAGGAGTAGA-1",10.8603192411445
"ACTATCTAGGCATGTG-1",0
"ACTATCTCAAATACAG-1",9.0798739749036
"ACTATCTCAAATTGCC-1",0
"ACTATCTGTAGGGACT-1",0
"ACTATCTGTCGCGTGT-1",9.79410901510835
"ACTATCTGTGCACGAA-1",0
"ACTATCTGTGGTTTCA-1",0
"ACTATCTTCGCCGTGA-1",0
"ACTGAACAGAGTGAGA-1",11.4476361406777
"ACTGAACAGATCCCGC-1",6.60823378440848
"ACTGAACAGGTGATAT-1",6.50288053615779
"ACTGAACCAAAGCGGT-1",0
"ACTGAACCAAGCGAGT-1",0
"ACTGAACCAATTCCTT-1",7.06912819333644
"ACTGAACCAGCTGGCT-1",12.5575677390203
"ACTGAACCAGTCTTCC-1",0
"ACTGAACCATTACCTT-1",0
"ACTGAACGTAAGCACG-1",9.16753048099068
"ACTGAACGTAATCGTC-1",9.65950397118547
"ACTGAACGTCCAGTAT-1",6.97041313238656
"ACTGAACGTCTGATCA-1",0
"ACTGAACTCCCACTTG-1",0
"ACTGAGTAGCCGGTAA-1",0
"ACTGAGTCAGTGGGAT-1",0
"ACTGAGTCATTTGCCC-1",10.1367502654784
"ACTGAGTGTAGAGCTG-1",15.9035332535069
"ACTGAGTGTTGTGGCC-1",9.90756280245341
"ACTGAGTTCAGGTTCA-1",0
"ACTGATGAGACAGACC-1",7.41950162119004
"ACTGATGAGCGGATCA-1",0
"ACTGATGAGGTGCTTT-1",0
"ACTGATGCAGCAGTTT-1",0
"ACTGATGCATCACAAC-1",7.15915397672554
"ACTGATGGTCATGCAT-1",0
"ACTGATGTCACAATGC-1",0
"ACTGATGTCACTCCTG-1",6.84714743199457
"ACTGATGTCCCTGACT-1",0
"ACTGATGTCCGCTGTT-1",10.9918776810059
"ACTGATGTCCGGCACA-1",8.61124637976287
"ACTGATGTCCTATTCA-1",0
"ACTGCTCAGAGCTTCT-1",9.52294418393122
"ACTGCTCAGATGCCTT-1",0
"ACTGCTCCACACCGCA-1",10.2102170387093
"ACTGCTCCAGATGGGT-1",0
"ACTGCTCCATGCCTAA-1",8.77203932298066
"ACTGCTCGTAGGCATG-1",11.2682737821074
"ACTGCTCGTATCACCA-1",0
"ACTGCTCGTCCGAAGA-1",0
"ACTGCTCTCCGAGCCA-1",0
"ACTGTCCAGAGGGCTT-1",0
"ACTGTCCAGCAGCGTA-1",7.81966765883396
"ACTGTCCAGGCATGGT-1",10.6570265090909
"ACTGTCCCAAGGTTTC-1",13.830268004375
"ACTGTCCCAAGTACCT-1",7.06912819333644
"ACTGTCCCAGTATCTG-1",0
"ACTGTCCCATAGAAAC-1",9.31570329195139
"ACTGTCCGTTGAGGTG-1",7.73265106294189
"ACTGTCCTCCACGTGG-1",0
"ACTGTCCTCCTTGGTC-1",10.9918776810059
"ACTGTCCTCTCTGTCG-1",0
"ACTTACTAGCGATAGC-1",0
"ACTTACTAGGGATGGG-1",0
"ACTTACTCACAGACAG-1",0
"ACTTACTCACATTTCT-1",0
"ACTTACTGTACTCAAC-1",12.1388828596871
"ACTTACTGTTCCACAA-1",6.60823378440848
"ACTTACTTCATCGGAT-1",7.96568604221392
"ACTTGTTAGACAAGCC-1",9.7262350516334
"ACTTGTTAGCTAGCCC-1",7.15374573241833
"ACTTGTTAGTTACCCA-1",7.603994657388
"ACTTGTTCACGACGAA-1",6.73775040190133
"ACTTGTTCACGGCTAC-1",0
"ACTTGTTGTATCGCAT-1",9.7832024391261
"ACTTGTTGTGGTAACG-1",0
"ACTTGTTGTTGTGGAG-1",10.6570265090909
"ACTTGTTTCATCACCC-1",0
"ACTTTCACATGGTCAT-1",0
"ACTTTCAGTGACTACT-1",9.19024266311922
"ACTTTCATCGCCAGCA-1",6.41977434390577
"AGAATAGAGCTGAACG-1",6.56193609547195
"AGAATAGAGCTGTCTA-1",0
"AGAATAGAGGTAGCTG-1",7.16904045872558
"AGAATAGCATGGTCTA-1",9.43944904574953
"AGAATAGGTATTCTCT-1",0
"AGAATAGGTGCGGTAA-1",7.95998495219541
"AGAATAGGTTAAGAAC-1",0
"AGAATAGTCAGGCCCA-1",10.8099317796887
"AGACGTTAGAATGTGT-1",0
"AGACGTTAGCTCCTCT-1",11.3478085232992
"AGACGTTAGTGCCAGA-1",11.8628741038433
"AGACGTTCAGGATCGA-1",0
"AGACGTTGTAGCTGCC-1",14.7863040147223
"AGACGTTGTCTGCAAT-1",0
"AGACGTTGTTCTGTTT-1",10.1128878297677
"AGACGTTTCGCATGGC-1",7.95221068797876
"AGACGTTTCGCTTAGA-1",0
"AGAGCGACAACTTGAC-1",0
"AGAGCGACAAGTACCT-1",6.65354539023222
"AGAGCGACACAACGTT-1",0
"AGAGCGACATGAGCGA-1",0
"AGAGCGAGTCAGTGGA-1",0
"AGAGCGAGTCGACTGC-1",7.08014023142624
"AGAGCGAGTTGAGTTC-1",0
"AGAGCGATCGCGTAGC-1",6.76157521111773
"AGAGCGATCTATCCTA-1",8.14450139932893
"AGAGCGATCTCGCTTG-1",0
"AGAGCTTAGCCGTCGT-1",11.4493467347866
"AGAGCTTAGTACACCT-1",0
"AGAGCTTAGTCATGCT-1",8.10774092109693
"AGAGCTTGTAGAGCTG-1",0
"AGAGCTTGTATCACCA-1",6.68635616422222
"AGAGCTTTCACTATTC-1",9.62840696567824
"AGAGCTTTCCTGCAGG-1",0
"AGAGCTTTCGCAAACT-1",0
"AGAGCTTTCGCTTAGA-1",0
"AGAGTGGAGAGCCTAG-1",0
"AGAGTGGAGGCCCTTG-1",0
"AGAGTGGAGGTACTCT-1",0
"AGAGTGGCACAAGACG-1",0
"AGAGTGGCACCTCGTT-1",0
"AGAGTGGCATCCGGGT-1",0
"AGAGTGGCATCTGGTA-1",0
"AGAGTGGGTCAGCTAT-1",0
"AGAGTGGGTCCTCCAT-1",10.1128878297677
"AGAGTGGGTCTAGTCA-1",7.12829332063025
"AGAGTGGGTTACCGAT-1",0
"AGATCTGAGGTGGGTT-1",0
"AGATCTGAGTCAAGGC-1",0
"AGATCTGCAATGTTGC-1",6.92946742010202
"AGATCTGTCGAATCCA-1",0
"AGATCTGTCTGCAGTA-1",0
"AGATTGCAGGCTACGA-1",8.66376289469397
"AGATTGCCACGACGAA-1",6.92946742010202
"AGATTGCCAGATGGGT-1",7.47771807924978
"AGATTGCGTAGAGCTG-1",10.8955144760372
"AGATTGCGTGATGTCT-1",0
"AGATTGCGTGTTCGAT-1",8.58412889548222
"AGATTGCGTTCACGGC-1",0
"AGATTGCTCACTGGGC-1",0
"AGATTGCTCATCTGTT-1",13.1774218098548
"AGCAGCCAGCTGATAA-1",0
"AGCAGCCCACCGAAAG-1",0
"AGCAGCCGTCGACTGC-1",0
"AGCAGCCGTCGCTTTC-1",8.99239270072623
"AGCAGCCGTCTAACGT-1",0
"AGCAGCCGTGTGAAAT-1",8.6817502083227
"AGCAGCCGTTTGTTGG-1",8.99643520518424
"AGCAGCCTCCAAACAC-1",0
"AGCATACAGTGGTAGC-1",10.9392005118061
"AGCATACAGTTGTCGT-1",9.90756280245341
"AGCATACGTCTTCTCG-1",9.37234987083806
"AGCATACGTTAAGTAG-1",0
"AGCATACTCCGTTGCT-1",10.9307800639835
"AGCCTAAAGATATGGT-1",0
"AGCCTAACAAAGCGGT-1",0
"AGCCTAACAGATAATG-1",0
"AGCCTAAGTACGAAAT-1",7.62812550177672
"AGCCTAAGTCACCTAA-1",7.70483229661654
"AGCCTAAGTGTGCCTG-1",0
"AGCCTAATCACCCGAG-1",0
"AGCCTAATCCAATGGT-1",0
"AGCCTAATCCTTGGTC-1",0
"AGCCTAATCTGTGCAA-1",11.7704919377454
"AGCCTAATCTGTTTGT-1",8.81977435046596
"AGCGGTCAGCGAAGGG-1",6.73775040190133
"AGCGGTCAGGTACTCT-1",11.1552506926627
"AGCGGTCAGTGACTCT-1",6.68192129505468
"AGCGGTCCAGCCTTGG-1",0
"AGCGGTCGTCCTAGCG-1",8.69299739127332
"AGCGGTCGTGGTGTAG-1",7.15374573241833
"AGCGGTCGTTAAGGGC-1",6.68635616422222
"AGCGGTCGTTTGCATG-1",0
"AGCGGTCTCCGAAGAG-1",0
"AGCGGTCTCCTCAATT-1",7.95221068797876
"AGCGGTCTCTGGGCCA-1",8.77203932298066
"AGCGTATAGAACTGTA-1",0
"AGCGTATAGCGATGAC-1",11.7995453599899
"AGCGTATAGGTACTCT-1",0
"AGCGTATGTTGAGGTG-1",0
"AGCGTATTCCAGAGGA-1",8.04793872493648
"AGCGTCGAGTTGAGTA-1",0
"AGCGTCGCAGGGATTG-1",8.00496375633565
"AGCGTCGTCTGAAAGA-1",0
"AGCTCCTAGACCTAGG-1",0
"AGCTCCTAGCGTTTAC-1",7.95998495219541
"AGCTCCTGTGTTTGTG-1",0
"AGCTCCTGTTGTCTTT-1",7.79598435652704
"AGCTCCTTCCGAATGT-1",7.492251939556
"AGCTCCTTCTTGACGA-1",0
"AGCTCTCAGCGGATCA-1",7.492251939556
"AGCTCTCAGCTGTTCA-1",7.603994657388
"AGCTCTCAGGTGCTAG-1",0
"AGCTCTCCATACAGCT-1",8.04793872493648
"AGCTCTCGTCAGAGGT-1",0
"AGCTCTCGTGGGTCAA-1",0
"AGCTCTCTCACAACGT-1",6.97041313238656
"AGCTCTCTCTTGACGA-1",7.46710663745005
"AGCTTGAAGCATCATC-1",0
"AGCTTGAAGTAGCGGT-1",6.78074915486102
"AGCTTGAAGTTGTCGT-1",0
"AGCTTGACAATCCAAC-1",7.56748541313232
"AGCTTGACACCGATAT-1",0
"AGCTTGAGTCTACCTC-1",0
"AGCTTGAGTGCGCTTG-1",0
"AGCTTGAGTTACGCGC-1",0
"AGCTTGATCCTGCCAT-1",13.5905736255628
"AGCTTGATCTGCAAGT-1",0
"AGGCCACAGAGTAAGG-1",0
"AGGCCACAGGGTCTCC-1",8.36635716506131
"AGGCCACAGTACTTGC-1",8.00496375633565
"AGGCCACCAGGACCCT-1",0
"AGGCCACCATCAGTCA-1",7.68118683281422
"AGGCCACTCATGCTCC-1",7.47771807924978
"AGGCCACTCATTGCGA-1",0
"AGGCCGTAGGATCGCA-1",9.06382109489369
"AGGCCGTCACGTAAGG-1",10.1413286257536
"AGGCCGTCAGCTCGAC-1",8.28662413685828
"AGGCCGTCATCGTCGG-1",8.56045080126014
"AGGCCGTTCACGGTTA-1",0
"AGGCCGTTCGAACTGT-1",0
"AGGCCGTTCTCAAGTG-1",7.68118683281422
"AGGCCGTTCTGCTTGC-1",12.1388828596871
"AGGGAGTAGCCCAACC-1",0
"AGGGAGTAGGAGTACC-1",6.6944068280879
"AGGGAGTAGGCAGGTT-1",0
"AGGGAGTCACGAGAGT-1",0
"AGGGAGTCAGAAGCAC-1",0
"AGGGAGTCAGATCCAT-1",7.33486472865566
"AGGGAGTCATCGACGC-1",13.2670912597638
"AGGGAGTCATGCTAGT-1",9.01494153482702
"AGGGAGTGTCCATGAT-1",9.69827891435422
"AGGGAGTTCATAACCG-1",7.17637099487502
"AGGGATGAGCTCTCGG-1",0
"AGGGATGAGGAGTAGA-1",0
"AGGGATGAGTAGCGGT-1",0
"AGGGATGCAATGAATG-1",0
"AGGGATGCAATGGAGC-1",0
"AGGGATGCACAAGACG-1",10.8603192411445
"AGGGATGCACATTTCT-1",7.14570467219978
"AGGGATGCATGGTCTA-1",11.0401328184178
"AGGGATGGTTAAAGTG-1",0
"AGGGATGGTTATGCGT-1",0
"AGGGATGTCGTGACAT-1",0
"AGGGTGAAGATGGCGT-1",9.43944904574953
"AGGGTGAAGATGGGTC-1",0
"AGGGTGAAGGCTCAGA-1",8.36635716506131
"AGGGTGACACGAGAGT-1",7.56748541313232
"AGGGTGACAGATGGCA-1",12.4206012919632
"AGGGTGACAGATTGCT-1",0
"AGGGTGAGTACTCTCC-1",10.8099317796887
"AGGGTGAGTTATCGGT-1",0
"AGGGTGAGTTCTGAAC-1",10.1367502654784
"AGGGTGATCTCGCTTG-1",0
"AGGTCATAGAGCCCAA-1",0
"AGGTCATAGCCAGAAC-1",0
"AGGTCATAGGCATGGT-1",0
"AGGTCATAGGGAGTAA-1",0
"AGGTCATCACTCAGGC-1",0
"AGGTCATCACTCTGTC-1",9.87057171005443
"AGGTCATGTTCCACTC-1",10.9392005118061
"AGGTCATTCTCGTTTA-1",13.2897645478008
"AGGTCCGAGGATGCGT-1",12.8351777892684
"AGGTCCGGTGATGCCC-1",0
"AGGTCCGTCCATGAAC-1",0
"AGGTCCGTCGCCCTTA-1",0
"AGGTCCGTCTGCGTAA-1",0
"AGTAGTCAGACTGTAA-1",0
"AGTAGTCAGTACGACG-1",0
"AGTAGTCAGTTTAGGA-1",0
"AGTAGTCCAACTGGCC-1",12.1388828596871
"AGTAGTCGTGCAGACA-1",0
"AGTAGTCTCACCCGAG-1",0
"AGTCTTTAGGCAGTCA-1",7.62812550177672
"AGTCTTTCAAATCCGT-1",10.1413286257536
"AGTCTTTCATATACCG-1",0
"AGTCTTTGTGCTTCTC-1",15.9035332535069
"AGTCTTTGTGTCCTCT-1",6.68192129505468
"AGTCTTTTCGCAGGCT-1",9.62840696567824
"AGTCTTTTCGCGTAGC-1",0
"AGTCTTTTCGCTAGCG-1",11.3417896818569
"AGTCTTTTCGCTTGTC-1",0
"AGTCTTTTCTGACCTC-1",0
"AGTGAGGAGATAGCAT-1",6.68192129505468
"AGTGAGGCAGGTGCCT-1",0
"AGTGAGGGTATGAAAC-1",0
"AGTGAGGGTCACTTCC-1",0
"AGTGAGGGTCGCGAAA-1",0
"AGTGAGGGTTATGTGC-1",9.72552117566374
"AGTGAGGTCTACTATC-1",0
"AGTGGGAAGCAGACTG-1",8.31961864798223
"AGTGGGACAAACGCGA-1",0
"AGTGGGACAAGCCGTC-1",0
"AGTGGGACACAGGAGT-1",0
"AGTGGGACACGAGAGT-1",0
"AGTGGGATCATCGATG-1",7.31661282047447
"AGTGGGATCCACGAAT-1",0
"AGTGGGATCCTGCAGG-1",10.7951454255655
"AGTGTCAAGAAGCCCA-1",10.4517901306618
"AGTGTCAAGCTAGTCT-1",0
"AGTGTCAAGTACGACG-1",7.65828554314333
"AGTGTCAAGTGAACAT-1",7.11456169530147
"AGTGTCACACCATCCT-1",0
"AGTGTCACAGTAAGCG-1",7.40267402379589
"AGTGTCACAGTGGAGT-1",0
"AGTGTCAGTAAACCTC-1",0
"AGTGTCAGTACAGCAG-1",12.1388828596871
"AGTGTCAGTCTCCACT-1",0
"AGTGTCAGTTTGACTG-1",11.3417896818569
"AGTGTCATCAAAGTAG-1",0
"AGTGTCATCCGTCAAA-1",0
"AGTGTCATCGTTACAG-1",13.5687803380876
"AGTGTCATCTGTCAAG-1",0
"AGTTGGTAGACTGTAA-1",6.97041313238656
"AGTTGGTAGTACGCGA-1",11.1552506926627
"AGTTGGTCAAATTGCC-1",0
"AGTTGGTCAGGAATGC-1",0
"AGTTGGTCATGCGCAC-1",0
"AGTTGGTGTACCGTAT-1",10.1367502654784
"AGTTGGTGTATGCTTG-1",9.62840696567824
"AGTTGGTGTCAGGACA-1",0
"AGTTGGTGTTCAGACT-1",7.2872939665778
"AGTTGGTTCAGTACGT-1",7.46710663745005
"AGTTGGTTCCTCAACC-1",0
"AGTTGGTTCGTACCGG-1",0
"AGTTGGTTCTGTCCGT-1",7.06912819333644
"ATAACGCAGTTGAGTA-1",9.43944904574953
"ATAACGCCACGTGAGA-1",0
"ATAACGCGTGAACCTT-1",7.5834967156809
"ATAACGCGTGTCCTCT-1",9.2389588551799
"ATAACGCGTGTGAAAT-1",0
"ATAACGCTCTCCGGTT-1",7.5834967156809
"ATAAGAGAGTCCGGTC-1",0
"ATAAGAGCAACTGCGC-1",0
"ATAAGAGCAGTATCTG-1",7.2872939665778
"ATAAGAGGTGACGCCT-1",7.15915397672554
"ATAAGAGGTTAAAGTG-1",10.0618710978691
"ATAAGAGTCAGCACAT-1",6.6944068280879
"ATAAGAGTCAGTGCAT-1",0
"ATAGACCAGAGAGCTC-1",0
"ATAGACCAGCCCAATT-1",0
"ATAGACCCAAGCCATT-1",7.95221068797876
"ATAGACCCATCTGGTA-1",0
"ATAGACCGTATATGGA-1",0
"ATAGACCGTGGACGAT-1",0
"ATAGACCGTGGCGAAT-1",6.68635616422222
"ATAGACCGTTTCGCTC-1",10.9307800639835
"ATCACGAAGAACTCGG-1",11.59781245987
"ATCACGAAGACACGAC-1",0
"ATCACGAAGTTACCCA-1",0
"ATCACGACAAGACACG-1",0
"ATCACGACAAGCGTAG-1",0
"ATCACGACACACATGT-1",0
"ATCACGACACCACCAG-1",9.7832024391261
"ATCACGACACGGTAAG-1",7.57538679204184
"ATCACGACAGCGAACA-1",10.8955144760372
"ATCACGATCCCGACTT-1",7.78117076782673
"ATCACGATCGGTGTCG-1",7.62812550177672
"ATCATCTAGCCTATGT-1",0
"ATCATCTAGGCCATAG-1",10.1367502654784
"ATCATCTAGTACTTGC-1",0
"ATCATCTCAGACGCCT-1",8.92827277091211
"ATCATCTCATCCGTGG-1",10.8099317796887
"ATCATCTGTATTACCG-1",0
"ATCATCTGTCACTTCC-1",9.68766794002864
"ATCATCTTCAGCGACC-1",0
"ATCATCTTCCTCAACC-1",6.68192129505468
"ATCATGGCAAGCGTAG-1",0
"ATCATGGCAAGGTTCT-1",8.68811297146501
"ATCATGGCACTACAGT-1",8.66376289469397
"ATCATGGGTAAGGGAA-1",0
"ATCATGGGTTGTGGCC-1",8.14450139932893
"ATCATGGTCAATAAGG-1",0
"ATCATGGTCCAATGGT-1",10.9918776810059
"ATCATGGTCGCCATAA-1",0
"ATCATGGTCGGTTAAC-1",6.94774429257711
"ATCCACCAGCTAGTCT-1",8.02926819450986
"ATCCACCAGGCTCTTA-1",9.19024266311922
"ATCCACCCAAACGTGG-1",7.95998495219541
"ATCCACCCAGTTAACC-1",0
"ATCCACCGTCCGAAGA-1",0
"ATCCACCGTTTGTTTC-1",0
"ATCCACCTCCTGCTTG-1",7.41950162119004
"ATCCACCTCCTTAATC-1",13.7204903745165
"ATCCACCTCTGGTATG-1",0
"ATCCGAAAGCGATGAC-1",0
"ATCCGAAAGCTAGGCA-1",10.1013452124234
"ATCCGAACAAACGTGG-1",7.17637099487502
"ATCCGAACAACAACCT-1",7.06912819333644
"ATCCGAACAAGGACTG-1",0
"ATCCGAACACCCATTC-1",11.8628741038433
"ATCCGAACACGGTAGA-1",7.06912819333644
"ATCCGAAGTAGCGCTC-1",6.97041313238656
"ATCCGAAGTCATTAGC-1",0
"ATCCGAAGTCTCTTAT-1",0
"ATCCGAATCCAACCAA-1",0
"ATCCGAATCCTTGACC-1",10.016598151811
"ATCCGAATCTTGTCAT-1",0
"ATCGAGTAGACTTTCG-1",0
"ATCGAGTCATCCGGGT-1",8.58412889548222
"ATCGAGTGTCCCTTGT-1",9.31570329195139
"ATCGAGTGTCTCCCTA-1",0
"ATCGAGTTCATGCATG-1",8.10744558344971
"ATCGAGTTCCTGCCAT-1",0
"ATCTACTAGGTGTGGT-1",0
"ATCTACTCAGCTGTAT-1",6.3367596664312
"ATCTACTCAGTACACT-1",0
"ATCTACTCATGACATC-1",6.68635616422222
"ATCTACTGTAAGTAGT-1",0
"ATCTACTGTGTCGCTG-1",0
"ATCTACTTCCGCGTTT-1",0
"ATCTACTTCGCAAGCC-1",12.4653763845769
"ATCTACTTCTATCGCC-1",8.77203932298066
"ATCTACTTCTCTAAGG-1",7.37413042523044
"ATCTGCCAGGCTCAGA-1",9.0798739749036
"ATCTGCCGTACAGTTC-1",0
"ATCTGCCGTTGTGGAG-1",7.492251939556
"ATCTGCCTCAGAGACG-1",11.2682737821074
"ATCTGCCTCAGCTGGC-1",0
"ATCTGCCTCGTACGGC-1",9.0205305065732
"ATCTGCCTCTCGAGTA-1",7.52095544836651
"ATCTGCCTCTGAGTGT-1",9.0798739749036
"ATCTGCCTCTTGTATC-1",11.9124509882636
"ATGAGGGAGGTCGGAT-1",7.12829332063025
"ATGAGGGCATGACGGA-1",0
"ATGAGGGCATTAGGCT-1",7.40267402379589
"ATGAGGGTCACATGCA-1",6.76157521111773
"ATGAGGGTCAGTCCCT-1",0
"ATGCGATAGTCAATAG-1",6.92946742010202
"ATGCGATCATGTTGAC-1",0
"ATGCGATGTGCAGTAG-1",0
"ATGCGATGTGCATCTA-1",0
"ATGCGATTCCCAAGAT-1",7.492251939556
"ATGCGATTCGCCATAA-1",6.87190146316492
"ATGGGAGAGCAATATG-1",8.04793872493648
"ATGGGAGAGCCACGCT-1",0
"ATGGGAGAGGTGATAT-1",0
"ATGGGAGCACCAGGTC-1",0
"ATGGGAGCACTATCTT-1",0
"ATGGGAGCAGCATACT-1",0
"ATGGGAGCATAGAAAC-1",14.8324725624605
"ATGGGAGCATTACCTT-1",0
"ATGTGTGAGCGAAGGG-1",0
"ATGTGTGAGGGTTTCT-1",0
"ATGTGTGAGTTGAGTA-1",0
"ATGTGTGCACGGCGTT-1",0
"ATGTGTGCACGGTTTA-1",0
"ATGTGTGCAGTATAAG-1",0
"ATGTGTGTCACGCGGT-1",0
"ATTACTCAGATGTGTA-1",0
"ATTACTCAGCGTAATA-1",0
"ATTACTCAGGTGCACA-1",0
"ATTACTCAGTGAAGTT-1",0
"ATTACTCCAAACTGTC-1",0
"ATTACTCCACCATCCT-1",0
"ATTACTCCAGACTCGC-1",7.12025504976339
"ATTACTCCATATGCTG-1",0
"ATTACTCCATCGGTTA-1",7.400195215637
"ATTACTCCATTGCGGC-1",0
"ATTACTCGTTAAAGAC-1",0
"ATTACTCTCCGAACGC-1",6.81068731630409
"ATTATCCAGAGTACCG-1",0
"ATTATCCAGCTTATCG-1",7.14340535337208
"ATTATCCCACAAGCCC-1",7.91669618104676
"ATTATCCCATATGAGA-1",7.16269898510874
"ATTATCCCATCTGGTA-1",0
"ATTATCCGTCGTTGTA-1",9.8812899338444
"ATTATCCGTCTCTCTG-1",0
"ATTATCCTCAACGGGA-1",0
"ATTATCCTCCGCGCAA-1",7.15915397672554
"ATTATCCTCTCCGGTT-1",6.78074915486102
"ATTCTACGTCACTTCC-1",8.58412889548222
"ATTCTACGTCTAGTCA-1",0
"ATTCTACGTTGTCGCG-1",0
"ATTGGACAGCAGATCG-1",10.232269265188
"ATTGGACAGGGCATGT-1",0
"ATTGGACAGTGGACGT-1",0
"ATTGGACCAAGACACG-1",11.1552506926627
"ATTGGACGTAATAGCA-1",6.59502788343028
"ATTGGACTCCTGCTTG-1",0
"ATTGGACTCGGCGCAT-1",11.7704919377454
"ATTGGACTCGTTTGCC-1",0
"ATTGGTGAGAATGTTG-1",0
"ATTGGTGCAAGCTGAG-1",8.76386323845397
"ATTGGTGCAGCAGTTT-1",0
"ATTGGTGGTTGAGTTC-1",0
"ATTGGTGTCAAAGTAG-1",6.73775040190133
"ATTGGTGTCGGAAACG-1",7.06912819333644
"ATTTCTGAGGGATACC-1",0
"ATTTCTGAGGGATCTG-1",0
"ATTTCTGAGGTGTTAA-1",7.21487122053541
"ATTTCTGAGTCGAGTG-1",0
"ATTTCTGAGTTCGCAT-1",0
"ATTTCTGCAAGGTGTG-1",0
"ATTTCTGGTAGCTCCG-1",9.43944904574953
"ATTTCTGGTGCACGAA-1",10.4199649496587
"ATTTCTGGTTGCCTCT-1",8.56045080126014
"ATTTCTGTCAAAGTAG-1",11.2199579429476
"ATTTCTGTCAGCTCGG-1",0
"ATTTCTGTCTTGGGTA-1",0
"CAACCAAAGAAACGCC-1",0
"CAACCAAAGAGGGCTT-1",13.7204903745165
"CAACCAAAGCTGAAAT-1",8.02926819450986
"CAACCAAAGGACAGCT-1",0
"CAACCAAAGGGAGTAA-1",0
"CAACCAACATACGCTA-1",6.78074915486102
"CAACCTCAGTAATCCC-1",0
"CAACCTCCAGACGCAA-1",0
"CAACCTCGTGAGTGAC-1",0
"CAACCTCGTTCCACGG-1",0
"CAACCTCTCATACGGT-1",0
"CAACCTCTCCGATATG-1",0
"CAACCTCTCCTTTACA-1",10.6570265090909
"CAACCTCTCTCTAGGA-1",0
"CAACTAGAGAATAGGG-1",0
"CAACTAGAGGATGCGT-1",0
"CAACTAGCACCATCCT-1",0
"CAACTAGCAGACTCGC-1",0
"CAACTAGCAGTTCATG-1",8.92186879745865
"CAACTAGGTACGCACC-1",0
"CAACTAGTCAGGCCCA-1",9.62349429071648
"CAAGAAAAGAAGGACA-1",6.34991799068155
"CAAGAAAAGACGCACA-1",10.3031935658173
"CAAGAAAAGGCCCTTG-1",8.92186879745865
"CAAGAAAAGGTGATAT-1",0
"CAAGAAAAGTCGATAA-1",8.01576920621445
"CAAGAAAAGTGGAGTC-1",0
"CAAGAAAAGTGTACCT-1",12.4653763845769
"CAAGAAACACGGTGTC-1",0
"CAAGAAATCTGCTTGC-1",7.5834967156809
"CAAGATCAGCTGAAAT-1",0
"CAAGATCGTAAGAGGA-1",0
"CAAGATCGTGCCTTGG-1",0
"CAAGATCTCAACACCA-1",7.40267402379589
"CAAGATCTCTCGATGA-1",0
"CAAGGCCAGGAGTCTG-1",6.51839343317464
"CAAGGCCAGGCTATCT-1",0
"CAAGGCCCACGGTAAG-1",7.95221068797876
"CAAGGCCCATGTTCCC-1",0
"CAAGGCCGTCCGTCAG-1",6.9653849758758
"CAAGGCCTCAACGGGA-1",0
"CAAGGCCTCCTTGACC-1",11.4493467347866
"CAAGGCCTCGTGACAT-1",0
"CAAGTTGAGACAGGCT-1",0
"CAAGTTGAGATGTCGG-1",8.14450139932893
"CAAGTTGAGCGTCAAG-1",8.92827277091211
"CAAGTTGAGCGTTTAC-1",9.7832024391261
"CAAGTTGCACATTAGC-1",6.91899890859371
"CAAGTTGCACGCTTTC-1",0
"CAAGTTGCACGGTGTC-1",0
"CAAGTTGCATTCTTAC-1",9.27382119394692
"CAAGTTGGTACTCAAC-1",0
"CAAGTTGGTCAGGACA-1",6.73775040190133
"CAAGTTGGTCGGCACT-1",8.82057308234831
"CAAGTTGTCAACGAAA-1",0
"CAAGTTGTCACCACCT-1",0
"CAAGTTGTCATTGCCC-1",9.24160514520803
"CAAGTTGTCGAATCCA-1",0
"CAAGTTGTCTACTTAC-1",0
"CACAAACAGGGCTCTC-1",0
"CACAAACAGGGCTTGA-1",8.52768397993655
"CACAAACAGTGACATA-1",0
"CACAAACCAACTGCGC-1",11.7704919377454
"CACAAACCAATAAGCA-1",0
"CACAAACCAATCAGAA-1",0
"CACAAACCACTTAACG-1",0
"CACAAACCATGAACCT-1",0
"CACAAACCATGGTCAT-1",11.7995453599899
"CACAAACGTCAACTGT-1",9.19024266311922
"CACAAACGTCAGAATA-1",7.81578114286045
"CACAAACTCTTCGGTC-1",0
"CACAAACTCTTGGGTA-1",7.5834967156809
"CACACAAAGCGACGTA-1",0
"CACACAAAGGGAGTAA-1",9.0798739749036
"CACACAACAAACGTGG-1",7.91669618104676
"CACACAACACATGACT-1",0
"CACACAACATCGATTG-1",0
"CACACAACATTGGGCC-1",0
"CACACAAGTACGACCC-1",0
"CACACAAGTCAGTGGA-1",11.7995453599899
"CACACAAGTCATCGGC-1",0
"CACACAAGTTTACTCT-1",0
"CACACAATCCACGTGG-1",0
"CACACAATCCACGTTC-1",0
"CACACAATCGGCGCAT-1",0
"CACACCTAGAGACTAT-1",8.01881004505495
"CACACCTAGGACATTA-1",0
"CACACCTAGTGTGAAT-1",12.635465113372
"CACACCTCACTGAAGG-1",0
"CACACCTCATAGGATA-1",0
"CACACCTCATAGTAAG-1",11.59781245987
"CACACCTCATTGGGCC-1",10.232269265188
"CACACCTGTACAGCAG-1",6.44999363590874
"CACACCTGTACCGCTG-1",7.79598435652704
"CACACCTGTCCAAGTT-1",6.73775040190133
"CACACCTGTGGACGAT-1",8.399014333602
"CACACCTGTGGTCTCG-1",0
"CACACCTTCATGTCTT-1",0
"CACACCTTCTGGCGAC-1",0
"CACACTCAGGGAAACA-1",8.35367049213468
"CACACTCCAACACCTA-1",0
"CACACTCCAAGGGTCA-1",9.68766794002864
"CACACTCGTGACGCCT-1",6.92946742010202
"CACACTCGTTTGTGTG-1",12.8127088113261
"CACAGGCAGCCATCGC-1",10.9830756356019
"CACAGGCAGGGATGGG-1",6.43265420054768
"CACAGGCCAAGAGTCG-1",8.58412889548222
"CACAGGCCAATGGAGC-1",7.56748541313232
"CACAGGCGTCTAGGTT-1",0
"CACAGGCGTTACGCGC-1",6.6944068280879
"CACAGGCTCGGGAGTA-1",0
"CACAGGCTCTATGTGG-1",9.62349429071648
"CACAGTAAGACGCAAC-1",0
"CACAGTAAGACGCACA-1",11.2302919126534
"CACAGTAAGTGGGCTA-1",0
"CACAGTACAACTGGCC-1",7.47771807924978
"CACAGTACATCGGACC-1",9.62349429071648
"CACAGTAGTTCCATGA-1",10.1367502654784
"CACATAGAGCCCAATT-1",7.34534387699156
"CACATAGAGTGTACTC-1",6.42909950606761
"CACATAGCACTTCTGC-1",0
"CACATAGCAGGGTATG-1",0
"CACATAGTCCTTGCCA-1",0
"CACATAGTCGGCGCAT-1",11.2833185470368
"CACATTTAGCAGATCG-1",0
"CACATTTAGGGCACTA-1",0
"CACATTTCACGGCGTT-1",8.64357235236144
"CACATTTCATTACCTT-1",0
"CACATTTGTCGAACAG-1",7.89654234893388
"CACATTTGTGTTGAGG-1",10.0618710978691
"CACATTTTCCAGAGGA-1",0
"CACATTTTCCGCATCT-1",8.399014333602
"CACATTTTCTACTATC-1",9.22825668185624
"CACATTTTCTGTGCAA-1",0
"CACCACTAGCCACGTC-1",7.15915397672554
"CACCACTAGTGGTAAT-1",0
"CACCACTAGTTACCCA-1",0
"CACCACTCAAGCCCAC-1",0
"CACCACTCAGTTCATG-1",0
"CACCACTGTTATTCTC-1",0
"CACCACTTCACCGGGT-1",7.69205456912618
"CACCACTTCGAATCCA-1",11.1552506926627
"CACCACTTCGACCAGC-1",11.3417896818569
"CACCACTTCTAACCGA-1",0
"CACCACTTCTTTAGTC-1",11.7995453599899
"CACCAGGCACATTAGC-1",10.1367502654784
"CACCAGGCACTGCCAG-1",0
"CACCAGGCATAAAGGT-1",10.5846635830971
"CACCAGGCATGAACCT-1",0
"CACCAGGGTGAAATCA-1",7.51708486577891
"CACCAGGGTGTTTGGT-1",0
"CACCAGGGTTATCACG-1",7.40267402379589
"CACCAGGTCATGTAGC-1",0
"CACCAGGTCTGCTTGC-1",0
"CACCTTGAGACTTGAA-1",8.36635716506131
"CACCTTGAGTCAATAG-1",0
"CACCTTGCAGGCGATA-1",6.90411044457319
"CACCTTGCATTCCTGC-1",0
"CACCTTGGTCATTAGC-1",0
"CACCTTGGTGATGTCT-1",0
"CACCTTGGTTATGTGC-1",12.8351777892684
"CACCTTGTCAACCATG-1",0
"CACCTTGTCATTATCC-1",8.00496375633565
"CACCTTGTCCAAAGTC-1",0
"CACCTTGTCTCACATT-1",0
"CACTCCAAGACAAGCC-1",12.0806426292067
"CACTCCAAGGTACTCT-1",7.44147978397265
"CACTCCACAATGGACG-1",9.7832024391261
"CACTCCAGTACATGTC-1",0
"CACTCCAGTTGTCGCG-1",15.9035332535069
"CACTCCATCAACACAC-1",14.8324725624605
"CACTCCATCCCAGGTG-1",0
"CAGAATCAGAAACCTA-1",9.06382109489369
"CAGAATCAGCCAACAG-1",10.1128878297677
"CAGAATCAGCTGGAAC-1",0
"CAGAATCAGGACTGGT-1",0
"CAGAATCAGTATCGAA-1",10.1367502654784
"CAGAATCCACAGAGGT-1",0
"CAGAATCCAGGGTACA-1",7.36040698547859
"CAGAATCGTAAGTGTA-1",0
"CAGAATCGTAATCACC-1",6.59142576153103
"CAGAATCTCAGTTTGG-1",6.34117417097924
"CAGAATCTCGCAAGCC-1",0
"CAGAATCTCGGTCCGA-1",0
"CAGAATCTCTTGCAAG-1",12.8127088113261
"CAGAATCTCTTGTACT-1",9.55861803363614
"CAGAGAGAGAATTGTG-1",0
"CAGAGAGAGCAATATG-1",11.4982528190454
"CAGAGAGCAAGAAGAG-1",0
"CAGAGAGCACCAGATT-1",0
"CAGAGAGGTAATCACC-1",9.0798739749036
"CAGAGAGGTAGCTGCC-1",0
"CAGAGAGGTAGGACAC-1",0
"CAGAGAGGTATAGGGC-1",0
"CAGAGAGGTCCGAATT-1",0
"CAGAGAGGTTGAGGTG-1",0
"CAGAGAGTCACCCGAG-1",0
"CAGAGAGTCATAACCG-1",9.31570329195139
"CAGAGAGTCCGAACGC-1",15.9035332535069
"CAGAGAGTCTGGTATG-1",6.59142576153103
"CAGATCAAGAGACGAA-1",0
"CAGATCAAGCACCGTC-1",7.54682866376716
"CAGATCAAGCTTCGCG-1",10.8009383467453
"CAGATCAAGGATTCGG-1",0
"CAGATCAAGTGTACCT-1",8.14086321318263
"CAGATCAAGTTTAGGA-1",7.54721402980676
"CAGATCACAATAACGA-1",0
"CAGATCACACACCGAC-1",7.400195215637
"CAGATCACACGGTAAG-1",0
"CAGATCACACTCTGTC-1",0
"CAGATCACAGCATACT-1",0
"CAGATCACAGTGGGAT-1",8.77203932298066
"CAGATCAGTACCAGTT-1",0
"CAGATCAGTGCGGTAA-1",8.61789606769987
"CAGATCATCTGATTCT-1",7.95221068797876
"CAGCAGCAGATGCCAG-1",11.7704919377454
"CAGCAGCAGGGAACGG-1",9.7262350516334
"CAGCAGCCACCTATCC-1",0
"CAGCAGCCATCACAAC-1",0
"CAGCAGCTCAACACTG-1",7.5834967156809
"CAGCAGCTCGAACTGT-1",0
"CAGCAGCTCGCCGTGA-1",0
"CAGCATAAGAGACGAA-1",7.33486472865566
"CAGCATAGTCTAGGTT-1",0
"CAGCATAGTTTACTCT-1",9.90756280245341
"CAGCATATCACGAAGG-1",0
"CAGCATATCAGGCAAG-1",0
"CAGCATATCCTTAATC-1",6.6944068280879
"CAGCCGAAGCATCATC-1",11.2199579429476
"CAGCCGAAGTTTCCTT-1",0
"CAGCCGACACGTGAGA-1",0
"CAGCCGACATCAGTCA-1",14.8324725624605
"CAGCCGAGTGATGTCT-1",8.14086321318263
"CAGCCGATCACCAGGC-1",8.86902988816727
"CAGCCGATCCTCAATT-1",16.625125448993
"CAGCGACAGAAACGCC-1",0
"CAGCGACAGCGTCAAG-1",7.06912819333644
"CAGCGACCAAACGTGG-1",0
"CAGCGACCAAAGCGGT-1",6.68635616422222
"CAGCGACCACGTCAGC-1",9.62349429071648
"CAGCGACCATGGGACA-1",7.09188649648943
"CAGCGACGTCTGATTG-1",0
"CAGCGACGTGGACGAT-1",7.5834967156809
"CAGCGACGTGGTTTCA-1",8.46247488894088
"CAGCGACGTTCGGCAC-1",8.01576920621445
"CAGCGACTCCGCAAGC-1",0
"CAGCGACTCTGGGCCA-1",12.1388828596871
"CAGCTAAAGATGTGTA-1",0
"CAGCTAAAGCAGACTG-1",6.97041313238656
"CAGCTAAAGCTGTTCA-1",6.57589206611736
"CAGCTAAAGGAGCGTT-1",0
"CAGCTAACACAGATTC-1",11.345726791126
"CAGCTAACATCAGTAC-1",0
"CAGCTAAGTAATCGTC-1",0
"CAGCTAAGTCTCACCT-1",0
"CAGCTAAGTTCGTCTC-1",0
"CAGCTAATCCACGCAG-1",10.6570265090909
"CAGCTAATCCCTAACC-1",0
"CAGCTAATCTGGTTCC-1",0
"CAGCTAATCTTAGCCC-1",0
"CAGCTAATCTTCGGTC-1",0
"CAGCTGGAGACACTAA-1",12.0369494234125
"CAGCTGGAGATCCTGT-1",7.96439876235211
"CAGCTGGCACCAACCG-1",0
"CAGCTGGCAGTGGAGT-1",0
"CAGCTGGCATGCATGT-1",0
"CAGCTGGTCTACCTGC-1",0
"CAGGTGCAGAGACGAA-1",0
"CAGGTGCAGATCCTGT-1",9.9202869483362
"CAGGTGCAGGCATGTG-1",7.95998495219541
"CAGGTGCCAGGAACGT-1",0
"CAGGTGCCATAGTAAG-1",8.52768397993655
"CAGGTGCCATCGGAAG-1",0
"CAGGTGCTCAGTTGAC-1",0
"CAGGTGCTCCAAGTAC-1",0
"CAGGTGCTCTTGTATC-1",0
"CAGTAACAGATATGGT-1",0
"CAGTAACAGATGGCGT-1",8.3210236736462
"CAGTAACCAATCACAC-1",0
"CAGTAACCACTCGACG-1",10.5846635830971
"CAGTAACGTGATAAGT-1",0
"CAGTAACGTGCACCAC-1",13.2670912597638
"CAGTAACTCAGAGGTG-1",0
"CAGTAACTCGTACGGC-1",0
"CAGTAACTCGTGACAT-1",0
"CAGTAACTCTGCCAGG-1",8.48353032301204
"CAGTCCTAGAATCTCC-1",8.76386323845397
"CAGTCCTAGATCTGCT-1",0
"CAGTCCTCAGTATAAG-1",6.38844439022027
"CAGTCCTTCAACACGT-1",0
"CAGTCCTTCCATGAGT-1",0
"CAGTCCTTCCCGACTT-1",14.8324725624605
"CAGTCCTTCCCTTGTG-1",0
"CAGTCCTTCGAACGGA-1",0
"CAGTCCTTCGGTTCGG-1",6.9653849758758
"CAGTCCTTCTACTTAC-1",0
"CATATGGAGAGATGAG-1",7.56748541313232
"CATATGGAGGCATGGT-1",12.1388828596871
"CATATGGAGTATTGGA-1",6.87190146316492
"CATATGGCAAGCGTAG-1",8.399014333602
"CATATGGGTCGCATAT-1",0
"CATATGGTCATTATCC-1",0
"CATATGGTCATTGCGA-1",11.59781245987
"CATATTCCACCACCAG-1",6.76157521111773
"CATATTCGTGACTACT-1",10.1013452124234
"CATATTCGTGGTACAG-1",7.15374573241833
"CATATTCGTGTGACGA-1",9.24526704854521
"CATATTCTCACAGGCC-1",6.70287452984907
"CATATTCTCGCAAACT-1",0
"CATCAAGAGAACTCGG-1",8.66376289469397
"CATCAAGAGATGGCGT-1",7.15374573241833
"CATCAAGAGCCGCCTA-1",6.4436199541904
"CATCAAGCACGAAACG-1",6.59502788343028
"CATCAAGCAGCCTTTC-1",7.37413042523044
"CATCAAGCATGGAATA-1",14.9161402653587
"CATCAAGGTTACTGAC-1",0
"CATCAAGGTTCCATGA-1",8.04793872493648
"CATCAAGTCTAAGCCA-1",0
"CATCAAGTCTGACCTC-1",6.9653849758758
"CATCAGAAGCTAGTCT-1",7.65793438851828
"CATCAGACAAGCCATT-1",0
"CATCAGACAATGACCT-1",7.75362768088862
"CATCAGACACGGCCAT-1",0
"CATCAGACAGACAGGT-1",10.2102170387093
"CATCAGACATAACCTG-1",12.8127088113261
"CATCAGAGTAATTGGA-1",11.0401328184178
"CATCAGAGTACATGTC-1",0
"CATCAGAGTGTTAAGA-1",10.8129744597049
"CATCAGAGTTCAACCA-1",0
"CATCAGATCGTTGACA-1",0
"CATCCACGTAAAGTCA-1",6.66477145636034
"CATCCACGTACCGTAT-1",6.6944068280879
"CATCCACGTGCCTGTG-1",10.7951454255655
"CATCCACGTTTAAGCC-1",0
"CATCGAAAGAGTACAT-1",0
"CATCGAAAGCTGTCTA-1",0
"CATCGAACAAGAGGCT-1",0
"CATCGAACAAGCTGAG-1",7.56748541313232
"CATCGAACACATTTCT-1",0
"CATCGAACATAAAGGT-1",0
"CATCGAAGTAGTACCT-1",0
"CATCGAAGTCCGACGT-1",0
"CATCGAAGTGCACTTA-1",0
"CATCGAATCAAACCAC-1",11.4668998038353
"CATCGAATCCGCGGTA-1",10.1413286257536
"CATCGAATCCGTAGTA-1",6.75755352432956
"CATCGGGAGAAGCCCA-1",6.92946742010202
"CATCGGGAGCGAGAAA-1",0
"CATCGGGAGGGTGTGT-1",0
"CATCGGGAGGTGTTAA-1",7.51708486577891
"CATCGGGAGTGACTCT-1",9.68766794002864
"CATCGGGCACTCAGGC-1",10.0915161899515
"CATCGGGCAGACGCTC-1",10.016598151811
"CATCGGGCATCACAAC-1",8.01576920621445
"CATCGGGGTCCTCTTG-1",0
"CATCGGGGTGAGGGAG-1",8.58412889548222
"CATCGGGGTTCGAATC-1",10.8129744597049
"CATCGGGTCAGGATCT-1",0
"CATCGGGTCCACGAAT-1",0
"CATCGGGTCGATGAGG-1",8.51051607411829
"CATGACAAGACCACGA-1",6.73775040190133
"CATGACAAGCTCCTCT-1",0
"CATGACAAGTAACCCT-1",0
"CATGACAAGTATCTCG-1",0
"CATGACAGTCGTCTTC-1",7.75362768088862
"CATGACAGTGAACCTT-1",8.29815640563628
"CATGACATCAATAAGG-1",10.9918776810059
"CATGACATCTAACTGG-1",9.43944904574953
"CATGCCTAGACCTAGG-1",0
"CATGCCTAGAGTCTGG-1",0
"CATGCCTCACCACCAG-1",0
"CATGCCTGTCAAAGCG-1",0
"CATGCCTGTCGATTGT-1",11.345726791126
"CATGCCTTCCACGACG-1",0
"CATGCCTTCCTCATTA-1",0
"CATGCCTTCGCATGAT-1",0
"CATGGCGAGAGCTGGT-1",0
"CATGGCGAGTACGACG-1",6.60823378440848
"CATGGCGTCCAAAGTC-1",7.603994657388
"CATGGCGTCCCTTGTG-1",0
"CATGGCGTCGGCCGAT-1",6.62631054064536
"CATGGCGTCTCAAACG-1",14.8324725624605
"CATGGCGTCTGCCCTA-1",8.38263967460496
"CATTATCAGACCCACC-1",7.17637099487502
"CATTATCAGTCCCACG-1",9.7832024391261
"CATTATCCAAGTCTGT-1",0
"CATTATCCAGGGCATA-1",0
"CATTATCGTCAATGTC-1",10.8099317796887
"CATTATCTCACAAACC-1",11.4668998038353
"CATTATCTCAGATAAG-1",10.6570265090909
"CATTATCTCGCGTTTC-1",0
"CATTATCTCGTTGCCT-1",0
"CATTATCTCTATCCCG-1",9.0798739749036
"CATTATCTCTTAACCT-1",14.8324725624605
"CATTCGCAGGTGCTAG-1",0
"CATTCGCCAAGGGTCA-1",9.79410901510835
"CATTCGCCAGCCTATA-1",0
"CATTCGCCATACAGCT-1",12.4653763845769
"CATTCGCCATGGATGG-1",0
"CATTCGCCATGTCTCC-1",0
"CATTCGCCATTCACTT-1",0
"CATTCGCGTAGCACGA-1",0
"CATTCGCTCATCACCC-1",6.86365851000147
"CCAATCCAGACCACGA-1",6.60823378440848
"CCAATCCAGATATGGT-1",0
"CCAATCCAGTCGAGTG-1",0
"CCAATCCAGTCGTTTG-1",9.01494153482702
"CCAATCCAGTTTAGGA-1",7.95998495219541
"CCAATCCCAAGCGAGT-1",0
"CCAATCCTCGGACAAG-1",0
"CCACCTAAGGATGGTC-1",0
"CCACCTAAGTCGAGTG-1",0
"CCACCTAAGTGGGATC-1",7.40267402379589
"CCACCTAAGTGTGGCA-1",0
"CCACCTACAACAACCT-1",12.1414112125803
"CCACCTACAAGCCGCT-1",0
"CCACCTACAATCTACG-1",0
"CCACCTAGTAGTACCT-1",14.8324725624605
"CCACCTAGTCGCGTGT-1",0
"CCACCTAGTGGGTCAA-1",0
"CCACCTATCAGTTGAC-1",16.625125448993
"CCACCTATCTGATACG-1",0
"CCACGGAAGGGAACGG-1",0
"CCACGGACATGTCGAT-1",0
"CCACGGAGTAAGGGCT-1",0
"CCACGGAGTCAGATAA-1",0
"CCACGGAGTCCGTGAC-1",0
"CCACGGAGTGTAATGA-1",8.56045080126014
"CCACGGAGTTCTGAAC-1",10.2102170387093
"CCACGGATCACATAGC-1",0
"CCACGGATCCACGTGG-1",0
"CCACGGATCTACTATC-1",0
"CCACGGATCTAGAGTC-1",0
"CCACTACAGAGTACCG-1",0
"CCACTACAGCTTTGGT-1",9.0798739749036
"CCACTACCAGCAGTTT-1",0
"CCACTACCAGTAGAGC-1",0
"CCACTACGTCCGAATT-1",0
"CCACTACGTCTCAACA-1",0
"CCACTACGTGACAAAT-1",9.72985771720474
"CCACTACGTGACCAAG-1",0
"CCACTACGTGCACGAA-1",0
"CCACTACTCACTCTTA-1",0
"CCACTACTCCGCATCT-1",0
"CCACTACTCGGAAATA-1",7.62173539146411
"CCACTACTCTCGTATT-1",0
"CCACTACTCTCGTTTA-1",0
"CCAGCGAAGCCCAACC-1",0
"CCAGCGACATCGGGTC-1",0
"CCAGCGACATGTCCTC-1",0
"CCAGCGAGTAGGCATG-1",0
"CCAGCGAGTCCGTTAA-1",0
"CCAGCGATCAGAAATG-1",6.84714743199457
"CCATGTCAGCGATCCC-1",6.5261068335139
"CCATGTCAGGTCGGAT-1",9.55861803363615
"CCATGTCAGGTTACCT-1",6.34991799068155
"CCATGTCCAAGCTGGA-1",0
"CCATGTCCACATCCGG-1",0
"CCATGTCGTCCAGTAT-1",0
"CCATGTCTCCAAGTAC-1",0
"CCATGTCTCTTGTATC-1",8.399014333602
"CCATTCGCAGTACACT-1",10.1367502654784
"CCATTCGCAGTTTACG-1",0
"CCATTCGGTAATCGTC-1",0
"CCATTCGGTATTACCG-1",7.95221068797876
"CCCAATCAGTCACGCC-1",0
"CCCAATCCAGGTGGAT-1",0
"CCCAATCGTGAAGGCT-1",0
"CCCAATCGTTGGAGGT-1",0
"CCCAATCTCACATGCA-1",6.76157521111773
"CCCAATCTCCAGTATG-1",7.40267402379589
"CCCAATCTCGGAGCAA-1",0
"CCCAGTTAGAATAGGG-1",0
"CCCAGTTAGATCCCGC-1",7.96568604221392
"CCCAGTTAGCGTGAAC-1",0
"CCCAGTTAGGAATCGC-1",0
"CCCAGTTAGTCCGGTC-1",0
"CCCAGTTAGTTTGCGT-1",7.95998495219541
"CCCAGTTGTACATGTC-1",0
"CCCAGTTGTCTGCAAT-1",12.8339250333407
"CCCAGTTTCTGAAAGA-1",0
"CCCATACAGGGTTCCC-1",0
"CCCATACAGTGTTTGC-1",8.90530867538256
"CCCATACCAAAGGTGC-1",0
"CCCATACCAACACCCG-1",0
"CCCATACCAGCAGTTT-1",0
"CCCATACGTATTACCG-1",10.9307800639835
"CCCATACGTCAATACC-1",0
"CCCATACGTCTAGTCA-1",0
"CCCATACGTTGAGTTC-1",0
"CCCATACTCAATAAGG-1",0
"CCCATACTCAGCGACC-1",8.58412889548222
"CCCATACTCATCACCC-1",11.7704919377454
"CCCATACTCCGTAGGC-1",7.68118683281422
"CCCTCCTAGGAATCGC-1",10.7951454255655
"CCCTCCTCAGCTTAAC-1",0
"CCCTCCTCATATGAGA-1",11.3417896818569
"CCCTCCTCATCACGTA-1",0
"CCCTCCTGTATGGTTC-1",9.77221966935465
"CCCTCCTGTTAGATGA-1",0
"CCCTCCTTCAATCACG-1",6.42909950606761
"CCCTCCTTCCGCAGTG-1",0
"CCGGGATAGCTTCGCG-1",7.70483229661654
"CCGGGATAGGCGACAT-1",0
"CCGGGATAGGCTAGGT-1",8.14450139932893
"CCGGGATCACAGTCGC-1",0
"CCGGGATGTATAGGTA-1",8.94404120452461
"CCGGGATTCAGAGCTT-1",0
"CCGGGATTCGCTAGCG-1",0
"CCGGGATTCGCTTGTC-1",7.14340535337208
"CCGGTAGAGCGTCTAT-1",0
"CCGGTAGAGTACGCCC-1",0
"CCGGTAGCACATAACC-1",8.00496375633565
"CCGGTAGCACGCATCG-1",9.52294418393122
"CCGGTAGGTACTTCTT-1",0
"CCGGTAGGTCAAACTC-1",8.61124637976287
"CCGGTAGTCGTCCGTT-1",7.46710663745005
"CCGTACTAGAGAACAG-1",0
"CCGTACTAGTCCGTAT-1",11.7704919377454
"CCGTACTCAAGCCCAC-1",6.70080609062975
"CCGTACTCAAGCGAGT-1",9.0205305065732
"CCGTACTCATCCCACT-1",0
"CCGTACTGTACAGCAG-1",7.16269898510874
"CCGTACTGTGCGGTAA-1",0
"CCGTACTTCGTTACAG-1",11.7704919377454
"CCGTGGAAGACGCACA-1",7.15915397672554
"CCGTGGAAGAGTTGGC-1",0
"CCGTGGAAGGTGATAT-1",0
"CCGTGGAAGGTTCCTA-1",7.5834967156809
"CCGTGGACAGCCTTGG-1",6.38844439022027
"CCGTGGAGTTCCATGA-1",0
"CCGTGGATCTAACTTC-1",0
"CCGTTCAAGCGTAATA-1",0
"CCGTTCAAGTACGATA-1",0
"CCGTTCAAGTAGATGT-1",7.91669618104676
"CCGTTCACAGGATCGA-1",8.56045080126014
"CCGTTCAGTATAGGGC-1",7.492251939556
"CCGTTCAGTCGCGAAA-1",0
"CCGTTCATCGTACCGG-1",0
"CCTAAAGAGAGTTGGC-1",0
"CCTAAAGCAAACCTAC-1",0
"CCTAAAGCATGTCTCC-1",0
"CCTAAAGGTACTCAAC-1",9.77221966935465
"CCTAAAGGTCGGCACT-1",12.4653763845769
"CCTAAAGGTGTAATGA-1",0
"CCTAAAGTCACCGTAA-1",12.1388828596871
"CCTAAAGTCAGCGATT-1",8.90867810228363
"CCTAAAGTCGGCGCTA-1",0
"CCTAAAGTCGGTCCGA-1",0
"CCTACACAGGACCACA-1",0
"CCTACACAGGGTGTTG-1",0
"CCTACACCAGTAAGAT-1",7.89654234893388
"CCTACACGTATAGTAG-1",0
"CCTACACGTCCGAACC-1",0
"CCTACACGTGGGTCAA-1",9.19024266311922
"CCTACACGTTTGACTG-1",8.14086321318263
"CCTACACTCGGCGCTA-1",9.0798739749036
"CCTACACTCGTGACAT-1",13.1845909652819
"CCTACCAAGATAGGAG-1",0
"CCTACCAAGCAAATCA-1",0
"CCTACCAAGCGTAGTG-1",0
"CCTACCAAGTGCGATG-1",0
"CCTACCAGTATCAGTC-1",11.8628741038433
"CCTACCAGTCTCTCTG-1",0
"CCTACCAGTCTTTCAT-1",0
"CCTACCATCAGCACAT-1",9.74165269524624
"CCTACCATCGCCAGCA-1",7.17637099487502
"CCTAGCTAGCAAATCA-1",0
"CCTAGCTAGCTCCTCT-1",0
"CCTAGCTAGGTTACCT-1",6.34117417097924
"CCTAGCTAGTACGCGA-1",12.1414112125803
"CCTAGCTCAATGAATG-1",9.19024266311922
"CCTAGCTCAATGGTCT-1",7.06912819333644
"CCTAGCTCACATCCAA-1",12.1414112125803
"CCTAGCTCAGCCAGAA-1",7.15374573241833
"CCTAGCTGTAGAAAGG-1",0
"CCTAGCTGTCACCCAG-1",0
"CCTAGCTGTCTGATTG-1",0
"CCTAGCTTCACGATGT-1",10.8894213005706
"CCTAGCTTCGTAGGAG-1",0
"CCTATTAAGAATTCCC-1",0
"CCTATTAAGCAGGCTA-1",0
"CCTATTAAGCAGGTCA-1",0
"CCTATTAAGGGAGTAA-1",15.9035332535069
"CCTATTAAGGTAGCCA-1",0
"CCTATTACACAACTGT-1",0
"CCTATTACACATCCGG-1",10.8009383467453
"CCTATTAGTCAATACC-1",0
"CCTATTATCATCACCC-1",0
"CCTATTATCTGCGACG-1",0
"CCTCAGTAGCTAACTC-1",6.56193609547195
"CCTCAGTCAGGTGGAT-1",10.1885022767768
"CCTCAGTGTCCATCCT-1",7.17198241227162
"CCTCAGTGTCCGACGT-1",0
"CCTCAGTGTCTTGTCC-1",0
"CCTCAGTGTGGGTATG-1",11.7704919377454
"CCTCTGAAGTATCGAA-1",8.44225853534602
"CCTCTGAAGTGGGTTG-1",6.34117417097924
"CCTCTGACAAGCTGTT-1",0
"CCTCTGACACCGATAT-1",0
"CCTCTGACAGATGAGC-1",6.68635616422222
"CCTCTGAGTCAATACC-1",0
"CCTCTGAGTCCGAACC-1",0
"CCTCTGAGTCGTGGCT-1",0
"CCTCTGAGTCTGATTG-1",0
"CCTTACGCAAGCGTAG-1",9.79410901510835
"CCTTACGCACCAACCG-1",0
"CCTTACGGTCATCCCT-1",0
"CCTTACGGTCCTCTTG-1",9.5315636615138
"CCTTACGTCACAACGT-1",0
"CCTTACGTCATCTGCC-1",0
"CCTTACGTCGGAGGTA-1",0
"CCTTCCCAGAGACTAT-1",0
"CCTTCCCAGCTAGGCA-1",0
"CCTTCCCAGGACGAAA-1",0
"CCTTCCCAGGGCATGT-1",7.87878666516524
"CCTTCCCAGGTACTCT-1",7.56748541313232
"CCTTCCCCATGATCCA-1",6.78074915486102
"CCTTCCCTCAAGGCTT-1",6.78074915486102
"CCTTCCCTCTATCCTA-1",8.92827277091211
"CCTTCCCTCTATCGCC-1",0
"CCTTCGAAGGCGCTCT-1",0
"CCTTCGACAACACCCG-1",8.56045080126014
"CCTTCGACAGCGATCC-1",0
"CCTTCGAGTAAGCACG-1",7.89654234893388
"CCTTCGAGTCCATGAT-1",0
"CCTTCGAGTGTGACCC-1",10.2102170387093
"CCTTCGAGTTGGTGGA-1",0
"CCTTCGATCACAGTAC-1",8.29815640563628
"CCTTCGATCCTATGTT-1",0
"CCTTCGATCGCACTCT-1",7.603994657388
"CCTTTCTAGACGCTTT-1",11.7531290163679
"CCTTTCTAGGGCACTA-1",0
"CCTTTCTAGTGGAGTC-1",0
"CCTTTCTCAGACAAGC-1",10.8552593057475
"CCTTTCTCATCACGAT-1",9.19024266311922
"CCTTTCTCATGCCCGA-1",8.81977435046596
"CCTTTCTTCCCACTTG-1",7.36759846696155
"CCTTTCTTCTTTACGT-1",0
"CGAACATCACATGACT-1",9.24160514520803
"CGAACATCACTTGGAT-1",0
"CGAACATCAGTCCTTC-1",0
"CGAACATGTCTGATTG-1",8.92186879745865
"CGAACATGTGCTGTAT-1",7.65828554314333
"CGAACATTCTCAAACG-1",9.56022728435205
"CGAATGTAGAGGTTAT-1",6.62631054064536
"CGAATGTAGCGATAGC-1",0
"CGAATGTAGTTCGCAT-1",0
"CGAATGTCAATGCCAT-1",9.7832024391261
"CGAATGTGTCTAGTCA-1",7.65828554314333
"CGAATGTGTCTCACCT-1",0
"CGAATGTTCAACACAC-1",9.24526704854521
"CGAATGTTCATCACCC-1",0
"CGAATGTTCTGTACGA-1",7.17637099487502
"CGACCTTAGCTACCGC-1",8.14086321318263
"CGACCTTAGCTAGTCT-1",10.8603192411445
"CGACCTTCAAAGTGCG-1",10.1128878297677
"CGACCTTCACGAAATA-1",0
"CGACCTTGTAAGTGTA-1",6.46347778126447
"CGACCTTGTCAGAATA-1",0
"CGACCTTGTCTCCCTA-1",0
"CGACCTTGTCTCTTAT-1",0
"CGACCTTTCCGCGTTT-1",9.2389588551799
"CGACCTTTCGTTTATC-1",6.73775040190133
"CGACCTTTCTCCAGGG-1",0
"CGACTTCAGACACGAC-1",9.24160514520803
"CGACTTCAGGTAGCCA-1",0
"CGACTTCAGTCTTGCA-1",0
"CGACTTCCAATGGACG-1",0
"CGACTTCGTGGTGTAG-1",6.79878900610947
"CGACTTCGTTGAGTTC-1",12.8351777892684
"CGACTTCTCACTTACT-1",0
"CGACTTCTCTCGCTTG-1",0
"CGAGAAGAGAAACGCC-1",6.47096189750078
"CGAGAAGAGCCAACAG-1",9.08849077315589
"CGAGAAGAGCGTGTCC-1",13.830268004375
"CGAGAAGCAAGTTCTG-1",0
"CGAGAAGCACATCCGG-1",0
"CGAGAAGCAGGCTGAA-1",0
"CGAGAAGTCGGATGGA-1",0
"CGAGCACAGCCAGAAC-1",6.8811376625954
"CGAGCACCACATGTGT-1",6.92946742010202
"CGAGCACGTAGCGTCC-1",0
"CGAGCACGTAGCGTGA-1",7.68118683281422
"CGAGCACGTCAGATAA-1",0
"CGAGCACGTGCCTTGG-1",9.27382119394692
"CGAGCACTCCCGGATG-1",11.4668998038353
"CGAGCACTCCGCTGTT-1",8.92186879745865
"CGAGCACTCGTGACAT-1",12.1414112125803
"CGAGCCAAGCTAGCCC-1",0
"CGAGCCAGTATATCCG-1",0
"CGAGCCAGTCAAGCGA-1",0
"CGATCGGAGAGCCTAG-1",0
"CGATCGGAGTACGATA-1",0
"CGATCGGCAAACGCGA-1",0
"CGATCGGCAAGCGATG-1",0
"CGATCGGCAATACGCT-1",11.7995453599899
"CGATCGGCAGTTAACC-1",9.77221966935465
"CGATCGGCATACTCTT-1",0
"CGATCGGGTCGACTGC-1",0
"CGATCGGTCAACGGGA-1",9.0798739749036
"CGATCGGTCTAGCACA-1",8.69299739127332
"CGATGGCAGCCGTCGT-1",0
"CGATGGCAGTCCAGGA-1",13.2897645478008
"CGATGGCCACTTAACG-1",0
"CGATGGCCAGCGTAAG-1",0
"CGATGGCCATCATCCC-1",7.06912819333644
"CGATGGCTCCTAGAAC-1",0
"CGATGGCTCGCTAGCG-1",9.69827891435422
"CGATGGCTCTGACCTC-1",0
"CGATGTAAGGCAATTA-1",6.68192129505468
"CGATGTAAGTTTGCGT-1",0
"CGATGTACACAGGCCT-1",0
"CGATGTACAGGTCTCG-1",9.54963612393341
"CGATGTAGTCCAGTGC-1",0
"CGATGTAGTCTAGGTT-1",9.22825668185624
"CGATGTAGTGTGCCTG-1",0
"CGATGTAGTTTGCATG-1",11.2302919126534
"CGATTGAAGATGTGGC-1",0
"CGATTGACAGACGCAA-1",6.97041313238656
"CGATTGAGTATGGTTC-1",7.17198241227162
"CGATTGAGTTCAGACT-1",0
"CGATTGATCATGGTCA-1",0
"CGATTGATCTGCGGCA-1",0
"CGCCAAGAGAATGTTG-1",0
"CGCCAAGAGACCTTTG-1",0
"CGCCAAGAGATCGGGT-1",7.95221068797876
"CGCCAAGAGATCTGAA-1",10.8099317796887
"CGCCAAGAGCGTGTCC-1",7.73265106294189
"CGCCAAGGTCTAGGTT-1",9.2389588551799
"CGCCAAGTCAGGATCT-1",7.17198241227162
"CGCCAAGTCCACTCCA-1",0
"CGCCAAGTCTTGTTTG-1",0
"CGCGGTAAGCTAGCCC-1",9.04216631782032
"CGCGGTAAGGGTTCCC-1",10.9918776810059
"CGCGGTACAAACTGCT-1",0
"CGCGGTACAATGGAAT-1",0
"CGCGGTACAGCTGTTA-1",0
"CGCGGTAGTCAAGCGA-1",10.8129744597049
"CGCGGTAGTGAGGCTA-1",0
"CGCGGTAGTTTGCATG-1",9.01494153482702
"CGCGTTTAGTTATCGC-1",6.73775040190133
"CGCGTTTCAACAACCT-1",0
"CGCGTTTCAAGCGAGT-1",0
"CGCGTTTCAATGGACG-1",0
"CGCGTTTCACGGTGTC-1",7.2437181755404
"CGCGTTTGTGCTGTAT-1",0
"CGCGTTTGTGGACGAT-1",0
"CGCGTTTTCAAACCGT-1",7.34149879207275
"CGCGTTTTCAGCCTAA-1",0
"CGCGTTTTCCTATGTT-1",0
"CGCGTTTTCGTGGTCG-1",0
"CGCTATCAGAAACCGC-1",0
"CGCTATCAGTCATCCA-1",0
"CGCTATCCAAGCGAGT-1",12.4653763845769
"CGCTATCCAGTCGATT-1",0
"CGCTATCCATCGACGC-1",9.62349429071648
"CGCTATCCATTTCAGG-1",10.6570265090909
"CGCTATCGTACCGAGA-1",0
"CGCTATCGTTCGAATC-1",0
"CGCTATCGTTTCGCTC-1",0
"CGCTATCTCGTTACAG-1",0
"CGCTGGAAGGACATTA-1",8.86902988816727
"CGCTGGAAGGGCACTA-1",13.4080503382731
"CGCTGGAAGGTGATAT-1",0
"CGCTGGACAGACTCGC-1",9.31570329195139
"CGCTGGAGTGTAATGA-1",0
"CGCTGGAGTTCTGGTA-1",0
"CGCTGGATCCGAAGAG-1",0
"CGCTGGATCCGTTGCT-1",0
"CGCTGGATCGTAGGAG-1",0
"CGCTGGATCGTTACAG-1",8.92186879745865
"CGCTTCAAGAAGGGTA-1",8.52768397993655
"CGCTTCAAGGTCGGAT-1",0
"CGCTTCACACGGTGTC-1",0
"CGCTTCACAGACAAGC-1",10.6570265090909
"CGCTTCACATCACCCT-1",0
"CGCTTCAGTCGCGGTT-1",7.5834967156809
"CGCTTCATCTTAGAGC-1",0
"CGGACACAGCGATATA-1",0
"CGGACACAGCGATGAC-1",0
"CGGACACAGCTTCGCG-1",7.34149879207275
"CGGACACAGGTAAACT-1",0
"CGGACACAGTAGCCGA-1",0
"CGGACACCACAGGAGT-1",10.1413286257536
"CGGACACCATTCACTT-1",0
"CGGACACGTGAGCGAT-1",0
"CGGACACGTGCTCTTC-1",6.9653849758758
"CGGACACGTGTGACCC-1",0
"CGGACGTAGGTTACCT-1",7.85177294443671
"CGGACGTCATGGGACA-1",10.1128878297677
"CGGACGTGTGAAAGAG-1",0
"CGGACGTGTTGGTAAA-1",0
"CGGACGTTCATGTGGT-1",0
"CGGACGTTCTGTCCGT-1",8.31961864798223
"CGGACTGAGGAGCGAG-1",7.17198241227162
"CGGACTGAGGAGTCTG-1",0
"CGGACTGAGTGGTAGC-1",8.01576920621445
"CGGACTGCAACTTGAC-1",15.9035332535069
"CGGACTGCAATGACCT-1",12.1414112125803
"CGGACTGCACAACGTT-1",8.00496375633565
"CGGACTGCACGCCAGT-1",10.4440153425888
"CGGACTGCAGTATGCT-1",7.400195215637
"CGGACTGGTAAAGGAG-1",0
"CGGACTGGTATAAACG-1",0
"CGGACTGGTGTAAGTA-1",9.13524671705308
"CGGACTGGTGTGGTTT-1",0
"CGGACTGGTTGACGTT-1",11.443443940514
"CGGACTGTCCATGCTC-1",6.70287452984907
"CGGACTGTCCGTCAAA-1",0
"CGGACTGTCGTTTGCC-1",8.58412889548222
"CGGAGCTAGTTTAGGA-1",10.1885022767768
"CGGAGCTGTAGAAAGG-1",0
"CGGAGCTTCACTTATC-1",6.66477145636034
"CGGAGCTTCATGTAGC-1",14.554869137925
"CGGAGCTTCCACGAAT-1",0
"CGGAGTCAGTGCGATG-1",0
"CGGAGTCAGTGTGAAT-1",7.56748541313232
"CGGAGTCCAGTGGGAT-1",0
"CGGAGTCCATTATCTC-1",8.36635716506131
"CGGAGTCGTAGCTGCC-1",0
"CGGAGTCGTGTTCGAT-1",7.91669618104676
"CGGAGTCTCCCAGGTG-1",0
"CGGAGTCTCCGTAGTA-1",7.40267402379589
"CGGCTAGAGAAACGCC-1",8.79106043129434
"CGGCTAGAGCACCGTC-1",10.4440153425888
"CGGCTAGAGCTAAACA-1",0
"CGGCTAGCAGACAAAT-1",9.0798739749036
"CGGCTAGGTAACGCGA-1",0
"CGGCTAGGTTCATGGT-1",12.1388828596871
"CGGCTAGTCAAAGACA-1",10.8603192411445
"CGGCTAGTCGTGGGAA-1",0
"CGGCTAGTCTTGTTTG-1",0
"CGGGTCAAGAGTCGGT-1",0
"CGGGTCAAGCACACAG-1",0
"CGGGTCAAGCTAACTC-1",9.87057171005443
"CGGGTCAAGGACACCA-1",0
"CGGGTCAAGTATGACA-1",0
"CGGGTCACAATGACCT-1",6.34991799068155
"CGGGTCACACCGAAAG-1",0
"CGGGTCACAGCCACCA-1",6.73775040190133
"CGGGTCACATACAGCT-1",0
"CGGGTCACATCCTTGC-1",8.79106043129434
"CGGGTCAGTAGCGCTC-1",6.59868975139141
"CGGGTCAGTCGATTGT-1",0
"CGGGTCAGTGCAACTT-1",7.34534387699156
"CGGGTCAGTTGTTTGG-1",0
"CGGGTCATCAACACCA-1",11.1552506926627
"CGGGTCATCACCTTAT-1",0
"CGGGTCATCCACGACG-1",0
"CGGTTAACAGGACCCT-1",0
"CGGTTAACATGTCCTC-1",0
"CGGTTAACATTCCTGC-1",0
"CGGTTAAGTCGACTGC-1",9.62840696567824
"CGGTTAATCCGGCACA-1",0
"CGGTTAATCCTTTCGG-1",0
"CGGTTAATCTTATCTG-1",9.79410901510835
"CGTAGCGAGATGTAAC-1",10.9392005118061
"CGTAGCGAGGCAATTA-1",0
"CGTAGCGCAAGCGCTC-1",0
"CGTAGCGTCCAACCAA-1",0
"CGTAGCGTCGGCGGTT-1",0
"CGTAGGCAGGGCTCTC-1",11.4033358152433
"CGTAGGCCAAGCGATG-1",6.59868975139141
"CGTAGGCCACTAAGTC-1",0
"CGTAGGCCAGAGTGTG-1",0
"CGTAGGCCATCCCATC-1",11.1552506926627
"CGTAGGCGTATTAGCC-1",0
"CGTAGGCGTCAATACC-1",0
"CGTAGGCGTGGCGAAT-1",0
"CGTAGGCTCCAGAAGG-1",0
"CGTCACTAGTCATGCT-1",0
"CGTCACTCAAAGCGGT-1",0
"CGTCACTCAGGTCCAC-1",12.1388828596871
"CGTCACTCAGTCACTA-1",10.2102170387093
"CGTCACTTCCTTGACC-1",0
"CGTCACTTCGGTGTTA-1",0
"CGTCACTTCTGTGCAA-1",9.27382119394692
"CGTCACTTCTTGAGAC-1",0
"CGTCAGGAGCTGTTCA-1",10.2102170387093
"CGTCAGGCAAAGCAAT-1",0
"CGTCAGGCAAAGCGGT-1",0
"CGTCAGGCAACACGCC-1",0
"CGTCAGGCATCCGCGA-1",8.90867810228363
"CGTCAGGGTCAGCTAT-1",0
"CGTCAGGGTCGTTGTA-1",7.34534387699156
"CGTCAGGGTGTAAGTA-1",7.40267402379589
"CGTCAGGTCCACTGGG-1",0
"CGTCAGGTCGACAGCC-1",0
"CGTCAGGTCGGGAGTA-1",6.59868975139141
"CGTCCATAGACCACGA-1",9.43944904574953
"CGTCCATAGCGATTCT-1",0
"CGTCCATAGGCTATCT-1",8.58987543055789
"CGTCCATAGTCTCAAC-1",0
"CGTCCATCACGACTCG-1",0
"CGTCCATCATTCACTT-1",0
"CGTCCATGTCTAGCGC-1",0
"CGTCCATGTGATAAAC-1",10.0618710978691
"CGTCCATGTTTGGGCC-1",0
"CGTCCATGTTTGTGTG-1",11.4982528190454
"CGTCCATTCAACACCA-1",11.7704919377454
"CGTCCATTCATTCACT-1",0
"CGTCTACAGTGCGTGA-1",0
"CGTCTACGTAGTAGTA-1",6.76157521111773
"CGTCTACTCGAGCCCA-1",0
"CGTCTACTCGCCATAA-1",14.8324725624605
"CGTCTACTCGGCCGAT-1",12.8339250333407
"CGTCTACTCGTCCAGG-1",0
"CGTGAGCAGATCTGAA-1",0
"CGTGAGCAGCAATCTC-1",0
"CGTGAGCAGCGGATCA-1",8.93845876212189
"CGTGAGCAGCTAGTGG-1",7.5834967156809
"CGTGAGCAGCTTCGCG-1",8.92827277091211
"CGTGAGCAGGGCACTA-1",0
"CGTGAGCAGGGTGTGT-1",0
"CGTGAGCAGTGGAGAA-1",11.9513335593631
"CGTGAGCCAAGCCGCT-1",6.70287452984907
"CGTGAGCCACGTAAGG-1",0
"CGTGAGCCATACGCCG-1",0
"CGTGAGCGTAGATTAG-1",0
"CGTGAGCGTCTCTTAT-1",9.11022249098449
"CGTGAGCTCACAAACC-1",10.8882730198381
"CGTGAGCTCCAAATGC-1",7.40267402379589
"CGTGAGCTCCGAGCCA-1",9.9202869483362
"CGTGAGCTCGTTGCCT-1",7.06912819333644
"CGTGAGCTCTGGGCCA-1",9.37234987083806
"CGTGTAAAGATAGTCA-1",9.0798739749036
"CGTGTAAAGGTGTTAA-1",0
"CGTGTAAAGTACATGA-1",7.17637099487502
"CGTGTAACATGGGACA-1",0
"CGTGTAAGTGTCTGAT-1",0
"CGTGTAATCTACTATC-1",0
"CGTGTAATCTCGATGA-1",8.39600287263517
"CGTGTAATCTTTAGTC-1",8.35367049213468
"CGTGTCTAGGCGCTCT-1",0
"CGTGTCTAGGGATGGG-1",0
"CGTGTCTCAGACAAAT-1",6.91899890859371
"CGTGTCTCAGACACTT-1",7.12025504976339
"CGTGTCTGTAAGAGGA-1",0
"CGTGTCTGTATATGAG-1",0
"CGTGTCTGTCAAAGCG-1",7.27704280316246
"CGTGTCTGTTCCGTCT-1",0
"CGTGTCTTCAATCACG-1",13.2505984694968
"CGTGTCTTCAGAGGTG-1",0
"CGTGTCTTCATAGCAC-1",0
"CGTGTCTTCCGAACGC-1",0
"CGTGTCTTCGGCATCG-1",0
"CGTGTCTTCGTGGACC-1",13.2670912597638
"CGTGTCTTCTACTTAC-1",0
"CGTGTCTTCTGAGTGT-1",0
"CGTTAGAAGATCTGAA-1",12.8127088113261
"CGTTAGAAGGCCCTTG-1",0
"CGTTAGACACGAAAGC-1",0
"CGTTAGACAGCTTCGG-1",0
"CGTTAGAGTTTAAGCC-1",6.46347778126447
"CGTTAGATCACTTATC-1",0
"CGTTAGATCAGCCTAA-1",0
"CGTTCTGAGAAGGGTA-1",0
"CGTTCTGAGTGAACAT-1",7.91669618104676
"CGTTCTGCAGCTCGCA-1",10.0915161899515
"CGTTCTGCATTGGCGC-1",0
"CGTTCTGGTGAGGGTT-1",0
"CGTTCTGTCTGATTCT-1",11.7704919377454
"CGTTGGGAGCTAGTTC-1",7.17198241227162
"CGTTGGGAGGATGCGT-1",0
"CGTTGGGCACATTAGC-1",0
"CGTTGGGCAGACAGGT-1",8.01576920621445
"CGTTGGGGTTCCCGAG-1",0
"CGTTGGGTCATGCTCC-1",0
"CGTTGGGTCCATGAAC-1",0
"CGTTGGGTCTACCAGA-1",6.70287452984907
"CTAACTTAGTCCTCCT-1",7.3282561693536
"CTAACTTCAATAGCAA-1",0
"CTAACTTCAATCGGTT-1",0
"CTAACTTGTGAGGCTA-1",7.15374573241833
"CTAACTTTCGTACGGC-1",0
"CTAACTTTCTGGCGTG-1",11.7704919377454
"CTAAGACAGGGAAACA-1",0
"CTAAGACAGTACATGA-1",7.89243628368
"CTAAGACAGTTCGCGC-1",0
"CTAAGACCAAGTAATG-1",7.17637099487502
"CTAAGACCAGTAAGAT-1",0
"CTAAGACCATGCAATC-1",0
"CTAAGACGTAAGGATT-1",0
"CTAAGACGTATCAGTC-1",0
"CTAAGACGTCACCTAA-1",8.77203932298066
"CTAAGACTCGTTGCCT-1",7.5834967156809
"CTAAGACTCTTACCGC-1",0
"CTAAGACTCTTGAGGT-1",0
"CTAATGGAGCAATCTC-1",6.9653849758758
"CTAATGGAGCGCTCCA-1",6.68635616422222
"CTAATGGAGCTCCCAG-1",7.95221068797876
"CTAATGGAGCTGAAAT-1",9.22459852415166
"CTAATGGAGTTAGGTA-1",8.87010251609317
"CTAATGGCATGGAATA-1",0
"CTAATGGGTACCGCTG-1",0
"CTAATGGGTCTAGCGC-1",7.36759846696155
"CTAATGGGTGAGGGAG-1",0
"CTAATGGGTTGGTGGA-1",9.7832024391261
"CTAATGGTCATGCTCC-1",0
"CTAATGGTCCACTGGG-1",12.1388828596871
"CTAATGGTCCGTTGCT-1",6.5261068335139
"CTAATGGTCCTAGAAC-1",11.1867147294768
"CTACACCAGTGCGATG-1",12.3060833848105
"CTACACCCACGGACAA-1",0
"CTACACCGTAATAGCA-1",11.3417896818569
"CTACACCGTCTGATTG-1",0
"CTACACCGTTCGTCTC-1",0
"CTACACCTCAGAAATG-1",6.42909950606761
"CTACACCTCGGCTTGG-1",0
"CTACACCTCGGTCCGA-1",7.89654234893388
"CTACACCTCTCGCATC-1",13.830268004375
"CTACACCTCTCTGCTG-1",0
"CTACATTAGATCACGG-1",7.70483229661654
"CTACATTCACTCGACG-1",0
"CTACATTCATTTCACT-1",0
"CTACATTGTGATGATA-1",0
"CTACATTGTTCGAATC-1",0
"CTACATTTCAACGCTA-1",0
"CTACATTTCGCCATAA-1",0
"CTACATTTCTAGCACA-1",8.77203932298066
"CTACCCACACAGAGGT-1",7.56748541313232
"CTACCCACACGACGAA-1",0
"CTACCCACATGGTTGT-1",7.73371387280738
"CTACCCAGTATCTGCA-1",10.8099317796887
"CTACCCAGTATGAATG-1",10.2862138285798
"CTACCCAGTCAGAAGC-1",9.2389588551799
"CTACCCAGTGTGACCC-1",0
"CTACCCAGTTATGTGC-1",0
"CTACCCATCTACGAGT-1",10.9830756356019
"CTACGTCAGGTGCAAC-1",0
"CTACGTCAGTGCGATG-1",7.492251939556
"CTACGTCAGTTGTCGT-1",8.12181012967754
"CTACGTCCATATACCG-1",0
"CTACGTCGTATATGGA-1",9.62349429071648
"CTACGTCGTGTGGTTT-1",0
"CTACGTCTCAAAGTAG-1",0
"CTACGTCTCACGACTA-1",0
"CTACGTCTCACGGTTA-1",0
"CTACGTCTCCTAGAAC-1",0
"CTAGAGTAGCTGTCTA-1",10.9392005118061
"CTAGAGTAGGATCGCA-1",7.39815279033311
"CTAGAGTAGTCCATAC-1",7.62812550177672
"CTAGAGTCACATTAGC-1",9.72552117566374
"CTAGAGTCAGTATGCT-1",10.1128878297677
"CTAGAGTCATACTCTT-1",9.30615067400278
"CTAGAGTCATGTAAGA-1",9.7262350516334
"CTAGAGTGTGACCAAG-1",0
"CTAGAGTTCAACACCA-1",7.94161489698928
"CTAGAGTTCCGTCAAA-1",7.95221068797876
"CTAGAGTTCCTAAGTG-1",0
"CTAGAGTTCGCCAGCA-1",6.91899890859371
"CTAGAGTTCGCTTAGA-1",9.27382119394692
"CTAGAGTTCGTGACAT-1",8.99643520518424
"CTAGAGTTCTGATTCT-1",7.12829332063025
"CTAGCCTCACCAGATT-1",0
"CTAGCCTGTATATCCG-1",7.492251939556
"CTAGCCTGTGATGCCC-1",9.74165269524624
"CTAGCCTTCGGGAGTA-1",6.68192129505468
"CTAGTGAAGCTGGAAC-1",9.90756280245341
"CTAGTGAAGTGTACCT-1",7.2213360647581
"CTAGTGACAAGTCTAC-1",7.91669618104676
"CTAGTGACAGGATCGA-1",7.5834967156809
"CTAGTGAGTTATGCGT-1",0
"CTAGTGATCAGTTGAC-1",0
"CTAGTGATCCAGTAGT-1",7.06912819333644
"CTCACACAGCTAAGAT-1",0
"CTCACACAGCTGCCCA-1",12.1388828596871
"CTCACACAGGATGCGT-1",9.57509925198402
"CTCACACCACGTAAGG-1",0
"CTCACACCACTGTTAG-1",0
"CTCACACCATATACGC-1",0
"CTCACACGTGCTGTAT-1",6.4436199541904
"CTCACACGTTCCATGA-1",9.0964107364715
"CTCACACGTTTGGGCC-1",0
"CTCACACTCACCGGGT-1",9.7262350516334
"CTCACACTCATCGGAT-1",7.87692317510099
"CTCACACTCCGCGCAA-1",0
"CTCACACTCTAACCGA-1",11.59781245987
"CTCAGAAAGAGCTGCA-1",0
"CTCAGAAAGGAGTAGA-1",0
"CTCAGAACAACGCACC-1",7.51708486577891
"CTCAGAACAAGCGATG-1",0
"CTCAGAACAGGGCATA-1",6.95352181185289
"CTCAGAAGTGACGGTA-1",0
"CTCAGAATCTTAACCT-1",9.49629821700258
"CTCATTAAGAACTGTA-1",0
"CTCATTACATGGTCAT-1",0
"CTCATTAGTGTAACGG-1",6.97041313238656
"CTCATTAGTTTACTCT-1",11.1867147294768
"CTCCTAGCAAGTACCT-1",7.89654234893388
"CTCCTAGCAATTCCTT-1",8.61124637976287
"CTCCTAGCACTGTCGG-1",7.91669618104676
"CTCCTAGCAGTCCTTC-1",11.7084107709375
"CTCCTAGCATAACCTG-1",0
"CTCCTAGCATGCGCAC-1",0
"CTCCTAGGTAGAAAGG-1",6.92946742010202
"CTCCTAGGTCCGAGTC-1",0
"CTCCTAGGTCTAGCCG-1",0
"CTCCTAGGTGTTTGTG-1",9.62840696567824
"CTCCTAGGTTCGTGAT-1",0
"CTCCTAGGTTGTTTGG-1",6.69551253171528
"CTCCTAGTCACTTACT-1",7.54682866376716
"CTCCTAGTCTCATTCA-1",9.19024266311922
"CTCGAAAAGCCCAACC-1",7.61241684703692
"CTCGAAAAGCTATGCT-1",8.39998715837003
"CTCGAAAAGGCCCTTG-1",9.77221966935465
"CTCGAAAAGGGCTTCC-1",0
"CTCGAAACAAGCCGTC-1",7.70483229661654
"CTCGAAACACATTAGC-1",0
"CTCGAAACACCGAAAG-1",7.96568604221392
"CTCGAAACACGGCTAC-1",0
"CTCGAAACAGTAAGAT-1",0
"CTCGAGGAGCCATCGC-1",0
"CTCGAGGAGGGCTTCC-1",0
"CTCGAGGCAGATAATG-1",10.1367502654784
"CTCGAGGGTATTCTCT-1",0
"CTCGAGGGTGCCTGGT-1",12.1414112125803
"CTCGGAGAGTCCCACG-1",0
"CTCGGAGCACTTCTGC-1",0
"CTCGGAGCAGCTGCAC-1",0
"CTCGGAGCAGGATCGA-1",6.88971546380771
"CTCGGAGGTAGCCTAT-1",14.8324725624605
"CTCGGAGGTCATGCCG-1",0
"CTCGGAGTCAAACGGG-1",0
"CTCGGAGTCACATACG-1",9.90756280245341
"CTCGGAGTCAGCTTAG-1",14.8324725624605
"CTCGGGAAGACCTAGG-1",0
"CTCGGGACACAGCCCA-1",0
"CTCGGGACATAAAGGT-1",0
"CTCGGGACATCCCACT-1",0
"CTCGGGACATGTCGAT-1",0
"CTCGGGAGTCGCGTGT-1",0
"CTCGGGAGTGACTACT-1",15.9035332535069
"CTCGGGAGTTACGACT-1",0
"CTCGGGATCCGTACAA-1",0
"CTCGGGATCCTTGACC-1",8.92827277091211
"CTCGGGATCTTGTTTG-1",0
"CTCGTACAGCGATAGC-1",11.7704919377454
"CTCGTACCAGCGTAAG-1",0
"CTCGTACCATAGTAAG-1",0
"CTCGTACGTAGAGTGC-1",7.06912819333644
"CTCGTACGTATCACCA-1",6.59142576153103
"CTCGTACGTGCAGTAG-1",9.7832024391261
"CTCGTACTCAAAGTAG-1",0
"CTCGTACTCAATCTCT-1",11.59781245987
"CTCGTACTCGTTGCCT-1",9.57509925198402
"CTCGTACTCTGGTTCC-1",0
"CTCGTCAAGATGCCTT-1",0
"CTCGTCAAGTGGAGTC-1",11.1552506926627
"CTCGTCAAGTTTGCGT-1",0
"CTCGTCACAACGATCT-1",0
"CTCGTCACACATCCGG-1",0
"CTCGTCACAGTCGTGC-1",6.3367596664312
"CTCGTCAGTCTCATCC-1",0
"CTCGTCAGTCTCCATC-1",0
"CTCGTCAGTGAGCGAT-1",8.80853696938864
"CTCGTCAGTTGACGTT-1",0
"CTCGTCAGTTGGGACA-1",0
"CTCGTCATCACTTATC-1",0
"CTCGTCATCGACCAGC-1",0
"CTCGTCATCTGCTGTC-1",9.43944904574953
"CTCTAATCACCAGGTC-1",7.69699473898287
"CTCTAATCACGGTGTC-1",12.1414112125803
"CTCTAATCAGGAATCG-1",0
"CTCTAATGTCCAAGTT-1",0
"CTCTACGAGCTAAACA-1",7.17198241227162
"CTCTACGAGCTAGTGG-1",8.08781258578566
"CTCTACGAGTACGCCC-1",7.10360586840562
"CTCTACGAGTAGGCCA-1",0
"CTCTACGCAATAACGA-1",6.88971546380771
"CTCTACGCAGACGCTC-1",10.2102170387093
"CTCTACGCATGACATC-1",11.7995453599899
"CTCTACGTCATGTCTT-1",12.1414112125803
"CTCTACGTCCCTAATT-1",0
"CTCTACGTCGGCATCG-1",9.72552117566374
"CTCTACGTCGGTCTAA-1",10.4517901306618
"CTCTGGTAGCGTTCCG-1",0
"CTCTGGTAGGCATGGT-1",11.9513335593631
"CTCTGGTAGTGCCAGA-1",6.9653849758758
"CTCTGGTCACAAGCCC-1",6.43265420054768
"CTCTGGTCAGCCTTTC-1",0
"CTCTGGTTCATCTGTT-1",0
"CTCTGGTTCTTGTACT-1",7.65828554314333
"CTGAAACAGATCCCGC-1",0
"CTGAAACAGGTGCTAG-1",0
"CTGAAACAGTCCGTAT-1",0
"CTGAAACAGTGTCTCA-1",0
"CTGAAACGTCATCGGC-1",6.81068731630409
"CTGAAACGTTAAAGAC-1",6.6944068280879
"CTGAAACTCATACGGT-1",0
"CTGAAGTAGTGCGTGA-1",0
"CTGAAGTCAGCTGTAT-1",10.1367502654784
"CTGAAGTGTTAAAGTG-1",0
"CTGAAGTTCAAGCCTA-1",9.79410901510835
"CTGAAGTTCGGATGTT-1",6.54250528228993
"CTGATAGAGGGAGTAA-1",0
"CTGATAGAGTGCAAGC-1",6.78074915486102
"CTGATAGCAGCCTTTC-1",0
"CTGATAGCATCCCATC-1",0
"CTGATAGCATCTCCCA-1",0
"CTGATAGGTCAAAGCG-1",0
"CTGATAGGTCGCTTTC-1",7.09188649648943
"CTGATAGGTTACGACT-1",12.1388828596871
"CTGATAGTCGCGATCG-1",0
"CTGATCCAGGCATTGG-1",9.90756280245341
"CTGATCCAGGTGACCA-1",0
"CTGATCCCACAGAGGT-1",6.43265420054768
"CTGATCCCAGGCTGAA-1",8.46247488894088
"CTGATCCGTGCCTGGT-1",10.7584629919434
"CTGATCCGTTATCCGA-1",0
"CTGATCCGTTGTGGCC-1",0
"CTGCCTAAGGGTCTCC-1",9.5315636615138
"CTGCCTAAGGTGATAT-1",10.5229925734524
"CTGCCTAAGTACGCGA-1",7.36040698547859
"CTGCCTAAGTGCGTGA-1",7.12829332063025
"CTGCCTACATCCCACT-1",12.4653763845769
"CTGCCTATCAATAAGG-1",0
"CTGCGGAAGAAGGACA-1",10.6570265090909
"CTGCGGAAGAGCTGGT-1",0
"CTGCGGAAGATGAGAG-1",6.68635616422222
"CTGCGGACAGGTCGTC-1",13.2670912597638
"CTGCGGACATGTCTCC-1",0
"CTGCGGAGTCACTTCC-1",12.598718814725
"CTGCGGAGTCGTGGCT-1",7.52095544836651
"CTGCGGAGTTCTGTTT-1",0
"CTGCGGAGTTGGACCC-1",9.70040032011521
"CTGCGGATCGCCTGTT-1",0
"CTGCGGATCTTACCGC-1",7.15374573241833
"CTGCTGTAGGGTGTTG-1",7.33486472865566
"CTGCTGTAGTACCGGA-1",0
"CTGCTGTAGTGGAGAA-1",7.44147978397265
"CTGCTGTCACATCTTT-1",9.87057171005443
"CTGCTGTGTTAAAGAC-1",8.77203932298066
"CTGCTGTTCTCCAACC-1",0
"CTGCTGTTCTTACCGC-1",0
"CTGGTCTAGCGTTGCC-1",8.61124637976287
"CTGGTCTAGGACAGCT-1",0
"CTGGTCTAGGGCTTGA-1",12.4653763845769
"CTGGTCTAGTCGAGTG-1",0
"CTGGTCTCAAAGGAAG-1",10.8603192411445
"CTGGTCTCACCAGTTA-1",0
"CTGGTCTGTACCTACA-1",0
"CTGGTCTGTACGCTGC-1",9.9202869483362
"CTGGTCTGTCCGCTGA-1",9.22825668185624
"CTGGTCTGTCCGTTAA-1",8.79106043129434
"CTGGTCTGTTCATGGT-1",8.77203932298066
"CTGGTCTGTTCGTGAT-1",9.49629821700258
"CTGGTCTTCAACGGGA-1",0
"CTGGTCTTCACTTACT-1",0
"CTGGTCTTCTTACCTA-1",0
"CTGTGCTGTATATCCG-1",0
"CTGTGCTGTCATCCCT-1",7.65828554314333
"CTGTGCTGTCCCTACT-1",6.73775040190133
"CTGTGCTGTCGGCACT-1",6.84714743199457
"CTGTGCTTCCATTCTA-1",10.9918776810059
"CTGTTTAAGAAACCGC-1",0
"CTGTTTAAGATCGATA-1",0
"CTGTTTAAGGAGTTGC-1",0
"CTGTTTAGTCAAAGCG-1",0
"CTGTTTATCAGCCTAA-1",6.9653849758758
"CTGTTTATCATTTGGG-1",0
"CTGTTTATCTCCAGGG-1",10.5846635830971
"CTGTTTATCTCTTGAT-1",6.70287452984907
"CTGTTTATCTTCTGGC-1",6.44999363590874
"CTTAACTAGCCAGTAG-1",0
"CTTAACTAGGCTCTTA-1",12.1388828596871
"CTTAACTAGGTGCACA-1",6.44999363590874
"CTTAACTAGTCTCGGC-1",8.31961864798223
"CTTACCGAGCGCTTAT-1",15.9035332535069
"CTTACCGAGGCTACGA-1",0
"CTTACCGCAGATCTGT-1",0
"CTTACCGCAGTCAGAG-1",12.4653763845769
"CTTACCGGTCCTGCTT-1",0
"CTTACCGGTCGCCATG-1",8.04793872493648
"CTTACCGGTCTACCTC-1",10.9307800639835
"CTTACCGTCGGACAAG-1",0
"CTTAGGAAGCCCAACC-1",0
"CTTAGGACACGACGAA-1",8.01576920621445
"CTTAGGAGTTATGTGC-1",0
"CTTAGGATCCCATTTA-1",0
"CTTAGGATCTTTACAC-1",0
"CTTCTCTAGAACTCGG-1",7.95998495219541
"CTTCTCTAGAGTGAGA-1",0
"CTTCTCTAGCAGGCTA-1",7.51708486577891
"CTTCTCTAGTTAACGA-1",0
"CTTCTCTCAAAGGTGC-1",0
"CTTCTCTGTAACGACG-1",9.62349429071648
"CTTCTCTGTGCATCTA-1",0
"CTTCTCTTCGAGCCCA-1",7.75362768088862
"CTTGGCTAGCGATATA-1",0
"CTTGGCTAGTACGTTC-1",0
"CTTGGCTCATTACCTT-1",0
"CTTGGCTGTCTCCATC-1",0
"CTTGGCTTCCCTAATT-1",6.94774429257711
"CTTGGCTTCGCGTAGC-1",0
"CTTGGCTTCTCGTTTA-1",9.9202869483362
"CTTTGCGAGCAAATCA-1",0
"CTTTGCGAGCGTTCCG-1",6.70287452984907
"CTTTGCGAGTATCTCG-1",0
"CTTTGCGCAATTCCTT-1",0
"CTTTGCGCACTTAAGC-1",0
"CTTTGCGCAGACGCAA-1",6.76157521111773
"CTTTGCGGTAGAGGAA-1",8.77203932298066
"CTTTGCGTCCAGGGCT-1",0
"GAAACTCAGAGACGAA-1",0
"GAAACTCAGAGGTTAT-1",0
"GAAACTCAGCAGCCTC-1",0
"GAAACTCAGCCCAGCT-1",7.12829332063025
"GAAACTCAGCTAAACA-1",10.5370376111324
"GAAACTCAGTGCTGCC-1",7.31661282047447
"GAAACTCCAAGCCCAC-1",0
"GAAACTCCACATGACT-1",11.7995453599899
"GAAACTCCAGACACTT-1",0
"GAAACTCCATGGATGG-1",0
"GAAACTCGTACTCGCG-1",0
"GAAACTCGTAGCGATG-1",0
"GAAACTCGTGTGAAAT-1",7.40267402379589
"GAAACTCGTTTGTGTG-1",7.0520317250247
"GAAATGAAGCCAGTTT-1",0
"GAAATGAAGCTAGTCT-1",0
"GAAATGAAGTACGTAA-1",0
"GAAATGATCATGCTCC-1",7.2437181755404
"GAAATGATCCTCGCAT-1",6.81068731630409
"GAACATCAGATGGCGT-1",0
"GAACATCCAACAACCT-1",0
"GAACATCCACATCTTT-1",8.10774092109693
"GAACATCCACCTATCC-1",0
"GAACATCCACGGACAA-1",11.59781245987
"GAACATCCATGCTAGT-1",8.92186879745865
"GAACATCGTACGACCC-1",0
"GAACATCGTGGACGAT-1",0
"GAACATCGTTCCCGAG-1",11.122396063879
"GAACATCTCCAAGTAC-1",0
"GAACATCTCGATCCCT-1",7.47771807924978
"GAACATCTCTCCAACC-1",8.02926819450986
"GAACCTAAGAACTGTA-1",0
"GAACCTAAGAGCAATT-1",0
"GAACCTAAGCCAGTAG-1",0
"GAACCTACAAGGACAC-1",0
"GAACCTACAGACACTT-1",12.1388828596871
"GAACCTAGTACCAGTT-1",0
"GAACCTAGTGTCAATC-1",7.15915397672554
"GAACCTATCACGATGT-1",0
"GAACGGAAGACGCAAC-1",0
"GAACGGAAGTAATCCC-1",0
"GAACGGAAGTCAATAG-1",0
"GAACGGAAGTGGACGT-1",7.79598435652704
"GAACGGACACAGCGTC-1",0
"GAACGGACACCTCGTT-1",6.44999363590874
"GAACGGACACTTAACG-1",0
"GAACGGAGTAGCGTAG-1",7.47771807924978
"GAACGGAGTCAGAGGT-1",7.91669618104676
"GAACGGAGTGGCGAAT-1",0
"GAACGGATCACTCCTG-1",0
"GAACGGATCCACGAAT-1",0
"GAACGGATCGTAGGAG-1",0
"GAACGGATCTGTCAAG-1",0
"GAAGCAGAGACTAAGT-1",9.5315636615138
"GAAGCAGAGAGACGAA-1",6.34991799068155
"GAAGCAGAGCCACGCT-1",0
"GAAGCAGAGTTCGCGC-1",6.59868975139141
"GAAGCAGCAATCCGAT-1",8.61124637976287
"GAAGCAGCAGATCTGT-1",0
"GAAGCAGCAGATGAGC-1",0
"GAAGCAGCATGAACCT-1",0
"GAAGCAGCATGGAATA-1",10.8129744597049
"GAAGCAGGTAACGCGA-1",10.8882730198381
"GAAGCAGGTCATACTG-1",6.68635616422222
"GAAGCAGTCCTAGTGA-1",8.18886682246067
"GAAGCAGTCTTATCTG-1",0
"GAATAAGCAAGGTGTG-1",6.68192129505468
"GAATAAGCAGACAAGC-1",8.92827277091211
"GAATAAGCATGCAACT-1",10.8099317796887
"GAATAAGGTCCGTTAA-1",6.81068731630409
"GAATAAGGTGAGTGAC-1",0
"GAATAAGGTTCCCTTG-1",0
"GAATAAGTCGTTTAGG-1",0
"GAATGAAAGAGTCTGG-1",0
"GAATGAAAGCTTATCG-1",7.15374573241833
"GAATGAAAGGCATGTG-1",12.0090312586853
"GAATGAACAAACGCGA-1",0
"GAATGAACAGTGAGTG-1",9.12563713577105
"GAATGAACATCATCCC-1",0
"GAATGAAGTCAACATC-1",8.61124637976287
"GAATGAAGTCTCACCT-1",6.70287452984907
"GAATGAAGTGGCAAAC-1",0
"GAATGAAGTTGCGTTA-1",0
"GAATGAATCAGTTAGC-1",6.42909950606761
"GAATGAATCCTGCCAT-1",13.830268004375
"GACACGCAGACGCACA-1",0
"GACACGCAGAGTAATC-1",9.55861803363614
"GACACGCAGCCAACAG-1",0
"GACACGCAGGAGTTTA-1",15.9035332535069
"GACACGCAGGGCATGT-1",10.1413286257536
"GACACGCAGGTGCACA-1",6.97041313238656
"GACACGCAGTCCAGGA-1",6.7213876292094
"GACACGCAGTGGGATC-1",12.4653763845769
"GACACGCAGTGGGTTG-1",6.42909950606761
"GACACGCCAAGCGTAG-1",13.830268004375
"GACACGCCAAGGACAC-1",0
"GACACGCCAGACGCTC-1",0
"GACACGCCATCCTTGC-1",8.51051607411829
"GACACGCGTTCACGGC-1",0
"GACACGCTCATGTAGC-1",10.6570265090909
"GACAGAGAGTACGATA-1",6.70287452984907
"GACAGAGCAACGATCT-1",7.83101845070256
"GACAGAGCAAGTCTAC-1",0
"GACAGAGCAGCTCCGA-1",0
"GACAGAGCAGCTGGCT-1",0
"GACAGAGTCAAACAAG-1",0
"GACAGAGTCAGAGACG-1",0
"GACAGAGTCCTTCAAT-1",7.17198241227162
"GACAGAGTCCTTGCCA-1",0
"GACAGAGTCTTCATGT-1",8.399014333602
"GACCAATAGAAGGGTA-1",7.10360586840562
"GACCAATAGCTACCGC-1",0
"GACCAATAGCTACCTA-1",7.78114766400566
"GACCAATCAGGTGCCT-1",8.77203932298066
"GACCAATCATGCGCAC-1",0
"GACCAATGTACAGTTC-1",0
"GACCAATGTCGCTTCT-1",0
"GACCAATTCCGATATG-1",14.7186309891708
"GACCAATTCGAATGGG-1",0
"GACCAATTCGTCACGG-1",9.68766794002864
"GACCTGGCATCACAAC-1",0
"GACCTGGCATGTCTCC-1",7.24075309327246
"GACCTGGCATTGGCGC-1",0
"GACCTGGGTAAAGGAG-1",0
"GACCTGGGTCCAGTTA-1",6.66477145636034
"GACCTGGGTGCAGTAG-1",0
"GACCTGGTCATAGCAC-1",9.24160514520803
"GACCTGGTCCTTGCCA-1",10.1367502654784
"GACCTGGTCGCATGAT-1",0
"GACCTGGTCGTCACGG-1",0
"GACGCGTAGTGGTAAT-1",0
"GACGCGTAGTTGTAGA-1",0
"GACGCGTGTAAAGGAG-1",7.83101845070256
"GACGCGTGTGTGAAAT-1",8.00496375633565
"GACGCGTGTTAAGACA-1",9.70040032011521
"GACGCGTTCAAACCGT-1",0
"GACGCGTTCCAAATGC-1",12.4653763845769
"GACGCGTTCCGCGGTA-1",6.73775040190133
"GACGCGTTCCTACAGA-1",0
"GACGCGTTCTCCGGTT-1",0
"GACGGCTAGAAGATTC-1",0
"GACGGCTAGAGCTGGT-1",0
"GACGGCTCAAGGTTTC-1",8.69299739127332
"GACGGCTCACCGCTAG-1",12.1414112125803
"GACGGCTCATGAACCT-1",0
"GACGGCTCATGCAACT-1",6.68192129505468
"GACGGCTGTGTGTGCC-1",0
"GACGGCTGTTATGTGC-1",0
"GACGGCTGTTTGGCGC-1",0
"GACGGCTTCTATCGCC-1",0
"GACGTGCAGGCAAAGA-1",0
"GACGTGCAGGGTGTGT-1",9.72552117566374
"GACGTGCAGGTGTTAA-1",0
"GACGTGCCAGGTCGTC-1",0
"GACGTGCGTAACGTTC-1",11.8628741038433
"GACGTGCTCACCTCGT-1",0
"GACGTTAAGCTACCGC-1",8.36635716506131
"GACGTTAAGGCAAAGA-1",7.603994657388
"GACGTTAAGTCAAGCG-1",9.43944904574953
"GACGTTACAAGCCATT-1",0
"GACGTTACAAGGTTTC-1",7.70483229661654
"GACGTTACAGACACTT-1",9.74165269524624
"GACGTTAGTATCTGCA-1",7.95998495219541
"GACGTTAGTTTGACAC-1",0
"GACGTTAGTTTGACTG-1",6.59868975139141
"GACGTTATCACAGGCC-1",6.90411044457319
"GACGTTATCATTGCGA-1",0
"GACGTTATCCCGGATG-1",6.73775040190133
"GACGTTATCCGAAGAG-1",11.59781245987
"GACGTTATCGCGTTTC-1",6.59142576153103
"GACGTTATCTGTCCGT-1",0
"GACTAACAGACAGAGA-1",7.603994657388
"GACTAACAGTGGAGAA-1",0
"GACTAACCAAATCCGT-1",0
"GACTAACGTCTAGTCA-1",12.0369494234125
"GACTAACGTGCAACTT-1",0
"GACTAACGTTCAGACT-1",9.9751410874984
"GACTAACTCCTTTCTC-1",0
"GACTAACTCTTGCCGT-1",0
"GACTAACTCTTTACAC-1",6.68192129505468
"GACTACAAGATATGGT-1",0
"GACTACACAAATCCGT-1",0
"GACTACAGTGCTGTAT-1",6.78074915486102
"GACTACATCAGCCTAA-1",0
"GACTACATCAGGTAAA-1",11.8182393977657
"GACTACATCTGCAGTA-1",8.399014333602
"GACTGCGAGCGTAGTG-1",8.61789606769987
"GACTGCGAGTTGTAGA-1",8.46247488894088
"GACTGCGCACTTAACG-1",7.62173539146411
"GACTGCGCATGTTCCC-1",8.01576920621445
"GACTGCGGTACGCACC-1",0
"GACTGCGGTTCTCATT-1",6.5261068335139
"GACTGCGTCAACACAC-1",0
"GACTGCGTCACGACTA-1",10.9918776810059
"GACTGCGTCGCCCTTA-1",0
"GACTGCGTCTCAAACG-1",0
"GAGCAGAGTAGGGTAC-1",7.87878666516524
"GAGCAGAGTCAGATAA-1",14.9161402653587
"GAGCAGAGTCATATGC-1",0
"GAGCAGAGTGAGCGAT-1",0
"GAGCAGAGTGTAACGG-1",8.58412889548222
"GAGCAGAGTGTGACCC-1",0
"GAGCAGAGTTCGGGCT-1",0
"GAGCAGAGTTTAAGCC-1",0
"GAGCAGAGTTTGCATG-1",8.51051607411829
"GAGGTGAAGCAACGGT-1",0
"GAGGTGAAGGCTCTTA-1",0
"GAGGTGAAGTGGTAGC-1",9.62349429071648
"GAGGTGAAGTTGTAGA-1",6.73775040190133
"GAGGTGACACTGTCGG-1",0
"GAGGTGACATCCTTGC-1",0
"GAGGTGACATGCATGT-1",0
"GAGGTGAGTACCTACA-1",10.9918776810059
"GAGGTGAGTCATTAGC-1",7.75362768088862
"GAGGTGAGTTCCTCCA-1",0
"GAGGTGATCATCGCTC-1",0
"GAGGTGATCTAGAGTC-1",7.79598435652704
"GAGGTGATCTCTAGGA-1",0
"GAGGTGATCTGCTGTC-1",0
"GAGGTGATCTGGGCCA-1",0
"GAGTCCGAGGACAGAA-1",0
"GAGTCCGAGGCATGTG-1",11.4668998038353
"GAGTCCGAGGCGTACA-1",0
"GAGTCCGCAAACCCAT-1",7.04328776525443
"GAGTCCGGTCAAGCGA-1",0
"GAGTCCGGTGACCAAG-1",9.0798739749036
"GAGTCCGGTGACTCAT-1",7.44147978397265
"GAGTCCGGTGTGACCC-1",8.76386323845397
"GAGTCCGGTTCGGGCT-1",10.8099317796887
"GAGTCCGGTTTGCATG-1",14.9102564916784
"GAGTCCGTCGGCGCAT-1",6.59868975139141
"GAGTCCGTCTGATTCT-1",0
"GATCAGTAGATGTCGG-1",0
"GATCAGTAGTGGTAGC-1",0
"GATCAGTGTATATGAG-1",8.51051607411829
"GATCAGTGTCTGCGGT-1",0
"GATCAGTGTTATGCGT-1",0
"GATCAGTGTTGTACAC-1",9.9202869483362
"GATCGATAGAATGTTG-1",6.59142576153103
"GATCGATAGAGCTGCA-1",0
"GATCGATAGCATGGCA-1",7.91669618104676
"GATCGATCAAGCGAGT-1",0
"GATCGATCAAGCGTAG-1",8.44556400146737
"GATCGATGTCAACATC-1",9.43944904574953
"GATCGATGTTGCCTCT-1",7.90991471958761
"GATCGATTCCGCATCT-1",8.02926819450986
"GATCGCGAGATAGTCA-1",0
"GATCGCGAGCCTTGAT-1",0
"GATCGCGAGGAGCGTT-1",9.77221966935465
"GATCGCGCAGGTCGTC-1",0
"GATCGCGGTACAGCAG-1",0
"GATCGCGGTGAGTATA-1",11.4668998038353
"GATCGCGGTTGTCGCG-1",0
"GATCGCGTCACTCCTG-1",0
"GATCGTAAGACATAAC-1",13.830268004375
"GATCGTAAGCTCAACT-1",11.4982528190454
"GATCGTACATAACCTG-1",7.15088400216598
"GATCGTAGTGGCTCCA-1",8.35367049213468
"GATCGTATCATATCGG-1",0
"GATCGTATCATGTCCC-1",0
"GATCGTATCTTACCGC-1",0
"GATCTAGAGCGTCTAT-1",9.7262350516334
"GATCTAGAGTGGAGAA-1",6.40442561578525
"GATCTAGCAACACCTA-1",0
"GATCTAGCAAGGGTCA-1",7.5834967156809
"GATCTAGGTCTAAAGA-1",0
"GATCTAGGTCTCACCT-1",0
"GATCTAGGTCTCTTTA-1",0
"GATCTAGTCACATAGC-1",0
"GATCTAGTCTAAGCCA-1",0
"GATGAAAAGAGTAATC-1",11.4493467347866
"GATGAAAAGCTCCCAG-1",0
"GATGAAACACGGTAGA-1",0
"GATGAAACAGCTGTAT-1",6.44999363590874
"GATGAAAGTGGGTATG-1",13.830268004375
"GATGAAATCACCCTCA-1",0
"GATGAAATCACTCCTG-1",7.16904045872558
"GATGAAATCAGCAACT-1",0
"GATGAAATCGAGAGCA-1",7.62812550177672
"GATGAGGAGATCCCGC-1",0
"GATGAGGAGTTCGATC-1",7.3455202281769
"GATGAGGCACCAGTTA-1",7.73265106294189
"GATGAGGGTATCACCA-1",0
"GATGAGGGTATTCGTG-1",9.94700084609489
"GATGAGGGTCGCGTGT-1",0
"GATGAGGGTGATGATA-1",0
"GATGAGGTCACAGGCC-1",10.5846635830971
"GATGAGGTCACATAGC-1",0
"GATGAGGTCCCTTGTG-1",0
"GATGAGGTCTGCTGTC-1",10.9918776810059
"GATGCTAAGACTAAGT-1",0
"GATGCTAAGGATGCGT-1",0
"GATGCTAAGGCTCTTA-1",6.56193609547195
"GATGCTAAGGGAACGG-1",0
"GATGCTAAGTATCTCG-1",0
"GATGCTAAGTCTCGGC-1",10.049501808724
"GATGCTACATGTTGAC-1",0
"GATGCTACATTGCGGC-1",0
"GATGCTAGTCTCCATC-1",0
"GATGCTAGTGGAAAGA-1",0
"GATGCTAGTTAGGGTG-1",9.7832024391261
"GATGCTATCCTGTACC-1",7.95221068797876
"GATGCTATCGGCGCTA-1",8.58412889548222
"GATTCAGAGAAACCTA-1",0
"GATTCAGAGAGTGACC-1",0
"GATTCAGAGATTACCC-1",0
"GATTCAGAGGGTCGAT-1",12.1388828596871
"GATTCAGAGGTCGGAT-1",10.1469168268995
"GATTCAGAGTCAATAG-1",14.8324725624605
"GATTCAGCAAGTTGTC-1",13.830268004375
"GATTCAGCAATTCCTT-1",7.5834967156809
"GATTCAGCAGGGTACA-1",6.47096189750078
"GATTCAGCATCGACGC-1",0
"GATTCAGCATTATCTC-1",6.66477145636034
"GATTCAGGTAAATACG-1",0
"GATTCAGTCAACTCTT-1",10.2102170387093
"GCAAACTAGATGTTAG-1",6.9653849758758
"GCAAACTAGTCATGCT-1",0
"GCAAACTAGTCTCAAC-1",7.65992088993354
"GCAAACTCACAGGTTT-1",6.9653849758758
"GCAAACTGTCAGATAA-1",7.47771807924978
"GCAAACTGTCTCCATC-1",0
"GCAAACTTCGTGGTCG-1",6.68192129505468
"GCAATCAAGGGATCTG-1",7.41641578101194
"GCAATCAAGTATCTCG-1",7.05434203279083
"GCAATCAAGTGGGTTG-1",10.2102170387093
"GCAATCACAGCTTAAC-1",8.80853696938864
"GCAATCACATGTCGAT-1",0
"GCAATCACATTCCTCG-1",6.68635616422222
"GCAATCAGTAGGAGTC-1",8.31961864798223
"GCAATCAGTATAATGG-1",7.31661282047447
"GCAATCAGTTCTCATT-1",0
"GCAATCAGTTCTGGTA-1",10.0618710978691
"GCACATAAGAGCTATA-1",10.1367502654784
"GCACATAAGATGTTAG-1",0
"GCACATAAGCCTTGAT-1",0
"GCACATAAGGAGTACC-1",8.02505205550117
"GCACATAAGTGAAGTT-1",0
"GCACATACACCACGTG-1",0
"GCACATACAGCTGTAT-1",0
"GCACATACAGGAACGT-1",9.54963612393341
"GCACATAGTCATCGGC-1",15.9035332535069
"GCACATAGTCCGAATT-1",9.62840696567824
"GCACATAGTCTCTTTA-1",0
"GCACATAGTGCGCTTG-1",0
"GCACATATCACCTCGT-1",0
"GCACATATCTGGTTCC-1",10.8129744597049
"GCACTCTCAAGACACG-1",10.232269265188
"GCACTCTCAATCACAC-1",11.1552506926627
"GCACTCTCATTTCAGG-1",0
"GCACTCTGTAAACCTC-1",7.47771807924978
"GCACTCTGTACCAGTT-1",0
"GCACTCTGTAGAAAGG-1",7.15088400216598
"GCACTCTGTCGAACAG-1",6.60823378440848
"GCACTCTGTCTAGGTT-1",7.5834967156809
"GCACTCTTCAACTCTT-1",0
"GCACTCTTCCCTAATT-1",10.9392005118061
"GCACTCTTCTGCCCTA-1",6.56193609547195
"GCAGCCAAGCTGATAA-1",0
"GCAGCCACATGAGCGA-1",0
"GCAGCCAGTAATCGTC-1",0
"GCAGCCAGTGTCGCTG-1",10.1128878297677
"GCAGCCATCAGTTGAC-1",7.47771807924978
"GCAGCCATCCCAACGG-1",14.9102564916784
"GCAGCCATCCGTACAA-1",0
"GCAGTTAAGTCCATAC-1",0
"GCAGTTAAGTCCGTAT-1",0
"GCAGTTAAGTTAACGA-1",10.1367502654784
"GCAGTTAGTGGACGAT-1",0
"GCAGTTAGTTATTCTC-1",7.44147978397265
"GCAGTTATCGCGATCG-1",6.47377924923625
"GCATACAAGATCTGCT-1",0
"GCATACAAGCAACGGT-1",0
"GCATACACAACGCACC-1",8.47747604234471
"GCATACACAAGGACTG-1",0
"GCATACACAAGTCTGT-1",7.15374573241833
"GCATACACAGTCAGCC-1",7.95221068797876
"GCATACACATCCTAGA-1",8.58412889548222
"GCATACACATCGGAAG-1",0
"GCATACAGTCCGAACC-1",10.016598151811
"GCATACAGTTCTGGTA-1",0
"GCATACATCCACGACG-1",7.91669618104676
"GCATGATAGAATGTTG-1",6.59868975139141
"GCATGATAGAGTAATC-1",7.96568604221392
"GCATGATAGCTGATAA-1",0
"GCATGATAGGACCACA-1",7.95221068797876
"GCATGATAGGCTAGCA-1",8.14450139932893
"GCATGATAGTCAAGCG-1",0
"GCATGATAGTGGAGAA-1",11.1552506926627
"GCATGATCACACCGAC-1",0
"GCATGATCACATTTCT-1",0
"GCATGATGTCCCTACT-1",10.8603192411445
"GCATGATGTTGCGCAC-1",10.1367502654784
"GCATGATTCGTGGACC-1",0
"GCATGCGAGCATGGCA-1",6.68635616422222
"GCATGCGAGTCCAGGA-1",7.34534387699156
"GCATGCGCACTGCCAG-1",6.9653849758758
"GCATGCGGTAAGGATT-1",0
"GCATGCGGTCCTCTTG-1",0
"GCATGCGGTGTGAAAT-1",9.77221966935465
"GCATGCGTCCGCGGTA-1",0
"GCATGTAAGAACTGTA-1",0
"GCATGTAAGACAGACC-1",7.09188649648943
"GCATGTAAGTACTTGC-1",0
"GCATGTAAGTGCAAGC-1",0
"GCATGTACAACACGCC-1",10.1128878297677
"GCATGTATCACGAAGG-1",0
"GCCAAATCAAACTGTC-1",6.36238227461428
"GCCAAATCAAGGGTCA-1",6.97041313238656
"GCCAAATCAAGTTCTG-1",11.7995453599899
"GCCAAATCATAACCTG-1",0
"GCCAAATGTATAAACG-1",0
"GCCAAATGTGTTTGGT-1",11.1552506926627
"GCCAAATGTTTCGCTC-1",0
"GCCAAATTCAGGTAAA-1",0
"GCCAAATTCCGAGCCA-1",11.4668998038353
"GCCAAATTCCGCGGTA-1",0
"GCCAAATTCGGCTACG-1",0
"GCCTCTAAGAGTACCG-1",0
"GCCTCTAAGCCATCGC-1",10.1413286257536
"GCCTCTAAGCCGCCTA-1",0
"GCCTCTAAGCGATAGC-1",0
"GCCTCTAAGCTGCAAG-1",7.75362768088862
"GCCTCTAAGCTTCGCG-1",7.5834967156809
"GCCTCTAAGTCACGCC-1",6.88971546380771
"GCCTCTACAAGACGTG-1",9.49629821700258
"GCCTCTACAGCTATTG-1",0
"GCCTCTAGTAAGGATT-1",0
"GCCTCTAGTGATGATA-1",7.15088400216598
"GCCTCTAGTTAAGGGC-1",8.22033671196184
"GCCTCTATCAGCGACC-1",6.60823378440848
"GCCTCTATCCGATATG-1",8.10774092109693
"GCCTCTATCGAATCCA-1",0
"GCCTCTATCGAGCCCA-1",0
"GCCTCTATCGCTGATA-1",7.15374573241833
"GCCTCTATCTTTAGGG-1",0
"GCGACCAAGAGGTTAT-1",0
"GCGACCACACTTACGA-1",0
"GCGACCAGTCAGGACA-1",0
"GCGACCAGTCTAGAGG-1",11.9373776355122
"GCGACCATCAACGGGA-1",9.23546187874599
"GCGACCATCCCGGATG-1",8.01576920621445
"GCGACCATCTACTCAT-1",8.19950597089374
"GCGAGAAAGGTTCCTA-1",0
"GCGAGAAAGTACGATA-1",0
"GCGAGAAAGTGTCTCA-1",0
"GCGAGAACAAGCCCAC-1",0
"GCGAGAACACTGAAGG-1",0
"GCGAGAAGTAGCGCTC-1",9.0798739749036
"GCGAGAAGTCCCTACT-1",7.06912819333644
"GCGAGAATCCTTTCGG-1",6.76157521111773
"GCGAGAATCGAGAGCA-1",7.62812550177672
"GCGAGAATCGCACTCT-1",11.9513335593631
"GCGCAACAGTCCTCCT-1",9.7262350516334
"GCGCAACAGTGTACGG-1",0
"GCGCAACCAAGTCTGT-1",0
"GCGCAACCAGCCACCA-1",0
"GCGCAACGTAGCGCTC-1",7.70483229661654
"GCGCAACGTCCCTTGT-1",8.14450139932893
"GCGCAACGTCCTAGCG-1",7.75362768088862
"GCGCAACGTCGACTAT-1",6.73775040190133
"GCGCAACGTCTAGAGG-1",0
"GCGCAACTCAATACCG-1",0
"GCGCAGTCACATCCAA-1",9.79410901510835
"GCGCAGTCATTACCTT-1",0
"GCGCAGTGTTAGGGTG-1",0
"GCGCAGTTCGATCCCT-1",0
"GCGCAGTTCGCGGATC-1",0
"GCGCCAAAGACATAAC-1",0
"GCGCCAAAGGACAGCT-1",0
"GCGCCAAAGGCCCTTG-1",7.56748541313232
"GCGCCAAAGGGCTTCC-1",11.4493467347866
"GCGCCAAAGGTACTCT-1",0
"GCGCCAACATAACCTG-1",0
"GCGCCAACATTGGGCC-1",7.400195215637
"GCGCCAAGTACTTGAC-1",0
"GCGCCAAGTCGGCACT-1",0
"GCGCCAAGTGAAAGAG-1",0
"GCGCCAAGTTGTACAC-1",0
"GCGCCAATCCGTTGCT-1",0
"GCGCGATAGAAGGTTT-1",0
"GCGCGATAGCAGGTCA-1",0
"GCGCGATAGTGAATTG-1",8.77203932298066
"GCGCGATAGTTTGCGT-1",10.1367502654784
"GCGCGATCAGCTCGAC-1",0
"GCGCGATGTAAGTAGT-1",0
"GCGCGATGTCACTTCC-1",7.400195215637
"GCGCGATGTTACCAGT-1",0
"GCGCGATTCAGTTAGC-1",7.47771807924978
"GCGCGATTCGTTTAGG-1",12.1414112125803
"GCGGGTTAGAAACGAG-1",0
"GCGGGTTAGCTATGCT-1",10.2862138285798
"GCGGGTTAGTGTGAAT-1",13.7204903745165
"GCGGGTTCACGCGAAA-1",7.95221068797876
"GCGGGTTCAGGCAGTA-1",0
"GCGGGTTCAGTAACGG-1",0
"GCGGGTTGTGAGTATA-1",12.3060833848105
"GCGGGTTGTGGCGAAT-1",0
"GCGGGTTTCCAAAGTC-1",0
"GCGGGTTTCCTTTCTC-1",0
"GCGGGTTTCTCCAACC-1",10.0273044852653
"GCGGGTTTCTTGAGGT-1",8.92827277091211
"GCGGGTTTCTTGTATC-1",0
"GCTCCTACAAACTGTC-1",8.00496375633565
"GCTCCTACACCAGGTC-1",7.400195215637
"GCTCCTACACCGATAT-1",0
"GCTCCTACAGGGTACA-1",0
"GCTCCTACATTAGCCA-1",0
"GCTCCTAGTCAGGACA-1",0
"GCTCCTAGTCCGTCAG-1",9.62349429071648
"GCTCCTATCAGCCTAA-1",9.7262350516334
"GCTCCTATCCCTAATT-1",0
"GCTCTGTAGAGGTAGA-1",0
"GCTCTGTAGCTGAACG-1",0
"GCTCTGTAGGAGTCTG-1",0
"GCTCTGTAGTGCTGCC-1",0
"GCTCTGTAGTGGACGT-1",10.016598151811
"GCTCTGTTCACCTCGT-1",0
"GCTGCAGAGCGTGAGT-1",0
"GCTGCAGAGTCAAGCG-1",0
"GCTGCAGAGTCCCACG-1",9.57509925198402
"GCTGCAGCAATTGCTG-1",8.14450139932893
"GCTGCAGCATGCCCGA-1",0
"GCTGCAGCATGCCTAA-1",0
"GCTGCAGGTAAACCTC-1",0
"GCTGCAGGTACGAAAT-1",0
"GCTGCAGGTAGCGCAA-1",14.0895828872465
"GCTGCAGGTCACCCAG-1",10.6570265090909
"GCTGCAGGTCATGCCG-1",10.1128878297677
"GCTGCGAAGGAATGGA-1",0
"GCTGCGAGTCTAACGT-1",6.97041313238656
"GCTGCGAGTGTTTGGT-1",6.6944068280879
"GCTGCGATCTCCTATA-1",14.554869137925
"GCTGCGATCTTGTTTG-1",13.472651900189
"GCTGCTTAGAATTGTG-1",0
"GCTGCTTAGGCAATTA-1",6.68635616422222
"GCTGCTTCATCACGTA-1",0
"GCTGCTTCATCCAACA-1",0
"GCTGCTTCATGCCTAA-1",0
"GCTGCTTCATGGTCAT-1",7.95998495219541
"GCTGCTTGTAACGACG-1",6.9653849758758
"GCTGCTTGTAATCGTC-1",9.43944904574953
"GCTGCTTGTAGGGACT-1",9.69827891435422
"GCTGCTTGTGAAAGAG-1",9.3144718675542
"GCTGCTTTCCGGGTGT-1",8.57036756187852
"GCTGGGTAGACCCACC-1",11.3417896818569
"GCTGGGTAGCCACGCT-1",0
"GCTGGGTAGTCGCCGT-1",8.58412889548222
"GCTGGGTAGTCTCAAC-1",0
"GCTGGGTCACGGCTAC-1",0
"GCTGGGTCAGCCAATT-1",0
"GCTGGGTGTACAGTTC-1",7.81578114286045
"GCTGGGTGTACCGTTA-1",8.01576920621445
"GCTGGGTGTCGAGTTT-1",9.19024266311922
"GCTGGGTGTCTCCACT-1",7.66354450538124
"GCTGGGTGTGCCTGTG-1",0
"GCTGGGTTCAGCTTAG-1",0
"GCTGGGTTCCTTAATC-1",0
"GCTTCCAAGAAACCTA-1",0
"GCTTCCACACCACCAG-1",0
"GCTTCCACAGGTCGTC-1",9.94700084609489
"GCTTCCACAGTGAGTG-1",7.31661282047447
"GCTTCCAGTATAGGTA-1",6.94774429257711
"GCTTCCAGTTCAGCGC-1",0
"GCTTCCATCGTCCAGG-1",7.91669618104676
"GCTTGAAAGATGGCGT-1",0
"GCTTGAAAGCCGTCGT-1",9.19024266311922
"GCTTGAACAAACCTAC-1",9.43944904574953
"GCTTGAACACGGTGTC-1",6.73775040190133
"GCTTGAACATCGGAAG-1",0
"GCTTGAAGTGCGGTAA-1",0
"GCTTGAAGTTCTCATT-1",10.1885022767768
"GCTTGAATCAGGATCT-1",10.3854763280654
"GGAAAGCAGGCAGGTT-1",7.91669618104676
"GGAAAGCCAAACGCGA-1",0
"GGAAAGCCAAGTACCT-1",8.51051607411829
"GGAAAGCGTAAGCACG-1",0
"GGAAAGCGTCCTCCAT-1",6.38844439022027
"GGAAAGCGTCGCGTGT-1",8.01576920621445
"GGAAAGCGTGCTTCTC-1",0
"GGAAAGCTCCAGAGGA-1",6.70287452984907
"GGAACTTAGAGTAAGG-1",6.90775633974393
"GGAACTTCAATGTAAG-1",0
"GGAACTTCACAGGAGT-1",0
"GGAACTTCACCTCGTT-1",0
"GGAACTTGTCTCTTTA-1",0
"GGAACTTTCATTGCCC-1",0
"GGAACTTTCATTTGGG-1",9.2389588551799
"GGAACTTTCCGTCATC-1",7.40267402379589
"GGAACTTTCCTCAACC-1",0
"GGAACTTTCGGATGTT-1",0
"GGAATAAAGGTACTCT-1",11.7704919377454
"GGAATAAAGTGTCCAT-1",9.13524671705308
"GGAATAACAGCGTCCA-1",0
"GGAATAAGTCTGGTCG-1",8.92827277091211
"GGAATAAGTGCAGGTA-1",0
"GGAATAATCAGCACAT-1",10.5846635830971
"GGAATAATCTTTACGT-1",0
"GGACAAGAGGTACTCT-1",0
"GGACAAGCAACGATGG-1",0
"GGACAAGCAGTCGTGC-1",0
"GGACAAGCATGGGACA-1",0
"GGACAAGGTATAAACG-1",7.2872939665778
"GGACAAGGTATGAAAC-1",0
"GGACAAGGTCGGCATC-1",7.5169657837266
"GGACAAGGTTATGCGT-1",11.59781245987
"GGACAAGTCTAACGGT-1",6.60823378440848
"GGACAGAAGCTAGTCT-1",6.59868975139141
"GGACAGAAGTACTTGC-1",10.2243459866263
"GGACAGACAACACGCC-1",0
"GGACAGACACAAGCCC-1",6.90411044457319
"GGACAGAGTAAGTGGC-1",0
"GGACAGAGTCTTTCAT-1",0
"GGACAGAGTGAGGGAG-1",11.3695035233639
"GGACAGAGTTCCACAA-1",7.96439876235211
"GGACAGATCAACGCTA-1",0
"GGACATTAGAGGGCTT-1",0
"GGACATTAGCCACGTC-1",0
"GGACATTCAAACGCGA-1",0
"GGACATTCAATGACCT-1",0
"GGACATTCACCAGCAC-1",0
"GGACATTGTTCTGGTA-1",0
"GGACATTTCCTCTAGC-1",7.17637099487502
"GGACGTCAGTACTTGC-1",8.86902988816727
"GGACGTCAGTGGTAAT-1",6.38844439022027
"GGACGTCCACAGTCGC-1",0
"GGACGTCGTGAGGGAG-1",16.625125448993
"GGACGTCGTGGCGAAT-1",9.72985771720474
"GGACGTCGTTACGGAG-1",13.8575576892862
"GGACGTCGTTTAAGCC-1",0
"GGACGTCTCCACTCCA-1",0
"GGACGTCTCGCAAACT-1",0
"GGACGTCTCTCCAGGG-1",7.65828554314333
"GGACGTCTCTCGAGTA-1",7.15374573241833
"GGACGTCTCTGGTGTA-1",6.68192129505468
"GGACGTCTCTTCGAGA-1",0
"GGAGCAAAGAACTCGG-1",0
"GGAGCAAAGACTGTAA-1",0
"GGAGCAAAGCCGCCTA-1",0
"GGAGCAAAGCTAAACA-1",0
"GGAGCAAAGTACGCCC-1",0
"GGAGCAACAAGCTGTT-1",0
"GGAGCAACAATGGACG-1",6.60823378440848
"GGAGCAACAATTCCTT-1",0
"GGAGCAACATGCTGGC-1",0
"GGAGCAAGTGAGTATA-1",9.06797258086777
"GGAGCAAGTTACTGAC-1",0
"GGAGCAATCAAGATCC-1",9.0798739749036
"GGAGCAATCCCATTTA-1",7.95221068797876
"GGATGTTCAAACTGTC-1",0
"GGATGTTTCATCACCC-1",0
"GGATGTTTCATGCATG-1",0
"GGATGTTTCCTACAGA-1",0
"GGATGTTTCCTCTAGC-1",0
"GGATTACAGATCCCAT-1",0
"GGATTACAGCTTCGCG-1",0
"GGATTACAGGCTAGCA-1",0
"GGATTACAGTATCTCG-1",0
"GGATTACCAAGCGTAG-1",0
"GGATTACCACATCCGG-1",0
"GGATTACCAGCGTAAG-1",6.47096189750078
"GGATTACGTAATAGCA-1",0
"GGATTACGTACACCGC-1",7.09188649648943
"GGATTACGTCTCTTTA-1",0
"GGATTACGTTGAGGTG-1",0
"GGATTACTCGCGCCAA-1",0
"GGATTACTCGGCGCAT-1",8.81977435046596
"GGATTACTCTGCCCTA-1",0
"GGCAATTCAATCGGTT-1",6.43265420054768
"GGCAATTCACGGCGTT-1",0
"GGCAATTCATCACCCT-1",0
"GGCAATTGTCGATTGT-1",0
"GGCAATTTCACTTACT-1",0
"GGCAATTTCAGCACAT-1",0
"GGCAATTTCTCCGGTT-1",6.78074915486102
"GGCCGATAGTGTCTCA-1",7.24075309327246
"GGCCGATCACGGACAA-1",7.73371387280738
"GGCCGATGTAGGACAC-1",0
"GGCCGATGTCACTGGC-1",0
"GGCCGATGTCCCTACT-1",7.5834967156809
"GGCCGATTCACCGTAA-1",11.4668998038353
"GGCCGATTCCGCGCAA-1",0
"GGCGACTAGAGCTGGT-1",0
"GGCGACTAGGACCACA-1",10.4517901306618
"GGCGACTAGGTTACCT-1",10.1128878297677
"GGCGACTCAAAGCGGT-1",0
"GGCGACTCAAGAGTCG-1",6.95352181185289
"GGCGACTCACCAGGTC-1",7.62812550177672
"GGCGACTCATTGTGCA-1",0
"GGCGACTTCAGAAATG-1",0
"GGCGACTTCAGAGACG-1",0
"GGCGACTTCCAGATCA-1",0
"GGCGACTTCTCTAGGA-1",0
"GGCGTGTAGCTAGCCC-1",0
"GGCGTGTAGGGTATCG-1",0
"GGCGTGTCAGGTCCAC-1",6.4436199541904
"GGCGTGTCAGTATAAG-1",0
"GGCGTGTCATCGTCGG-1",11.3417896818569
"GGCGTGTCATGGAATA-1",0
"GGCGTGTGTCTCCCTA-1",10.9918776810059
"GGCGTGTTCTTGAGGT-1",0
"GGCTCGAAGCCGTCGT-1",7.52095544836651
"GGCTCGAAGGTAAACT-1",0
"GGCTCGACAAGAAGAG-1",10.1128878297677
"GGCTCGACAATAGCAA-1",0
"GGCTCGACATGGTCAT-1",0
"GGCTCGAGTATATCCG-1",0
"GGCTCGAGTTACGTCA-1",6.84714743199457
"GGCTCGAGTTAGGGTG-1",0
"GGCTCGATCTGCAAGT-1",0
"GGCTGGTAGAAGAAGC-1",8.01576920621445
"GGCTGGTAGACCCACC-1",0
"GGCTGGTCAAGGACAC-1",6.44999363590874
"GGCTGGTCACTGCCAG-1",8.66376289469397
"GGCTGGTCATTTCAGG-1",0
"GGCTGGTGTATTCTCT-1",0
"GGCTGGTGTCGCATCG-1",0
"GGCTGGTGTCTAGTGT-1",0
"GGCTGGTGTTATGCGT-1",9.55861803363614
"GGGAATGAGCGTTGCC-1",6.97041313238656
"GGGAATGAGTAGGTGC-1",13.1154476201349
"GGGAATGGTAAGGGAA-1",0
"GGGAATGTCAACGAAA-1",7.56748541313232
"GGGAATGTCCAGTATG-1",0
"GGGAATGTCCGGGTGT-1",6.90411044457319
"GGGACCTAGATGTAAC-1",12.0090312586853
"GGGACCTAGTCTTGCA-1",0
"GGGACCTCAATCAGAA-1",6.88589548426499
"GGGACCTCACTGAAGG-1",11.1552506926627
"GGGAGATAGTACGACG-1",9.72985771720474
"GGGAGATCAAAGTGCG-1",0
"GGGAGATCAAATCCGT-1",0
"GGGAGATCAAGGACTG-1",8.92827277091211
"GGGAGATCACGCGAAA-1",8.16433192995161
"GGGAGATGTAGCGCAA-1",11.6467856627332
"GGGAGATTCAACGGGA-1",0
"GGGAGATTCATCACCC-1",0
"GGGATGAAGTGACATA-1",0
"GGGATGACATCATCCC-1",0
"GGGATGAGTCACCCAG-1",7.63433359153874
"GGGATGAGTGGAAAGA-1",0
"GGGATGAGTTACGACT-1",0
"GGGATGAGTTGGTAAA-1",6.42909950606761
"GGGATGATCAGTTAGC-1",8.399014333602
"GGGATGATCTATCCTA-1",0
"GGGATGATCTTTAGGG-1",0
"GGGCACTAGTCTCGGC-1",0
"GGGCACTCATCTCCCA-1",0
"GGGCACTTCACCTCGT-1",8.28662413685828
"GGGCACTTCTGAGGGA-1",0
"GGGCATCCAATGTAAG-1",0
"GGGCATCCAGTCTTCC-1",9.63014715007916
"GGGCATCGTGGCGAAT-1",0
"GGGCATCTCACAGTAC-1",0
"GGGCATCTCCCTTGTG-1",0
"GGGCATCTCCGGCACA-1",0
"GGGCATCTCTGTCCGT-1",0
"GGGCATCTCTTATCTG-1",0
"GGGTCTGAGAAGATTC-1",12.5575677390203
"GGGTCTGAGATCCCGC-1",11.1552506926627
"GGGTCTGAGCCAACAG-1",0
"GGGTCTGCACAGGCCT-1",0
"GGGTCTGCACCAGGTC-1",10.6570265090909
"GGGTCTGGTCTGGTCG-1",8.92827277091211
"GGGTCTGGTGATGATA-1",10.2102170387093
"GGGTCTGGTGTGACCC-1",0
"GGGTCTGTCAACTCTT-1",0
"GGGTCTGTCACTCCTG-1",0
"GGGTCTGTCCGTAGTA-1",0
"GGGTTGCAGACAGAGA-1",0
"GGGTTGCAGACCTTTG-1",8.16433192995161
"GGGTTGCAGATCGATA-1",0
"GGGTTGCAGGGTGTTG-1",14.8591587210777
"GGGTTGCAGGTGGGTT-1",11.7995453599899
"GGGTTGCCAATAACGA-1",7.17637099487502
"GGGTTGCCACGCCAGT-1",7.36759846696155
"GGGTTGCCATTAACCG-1",0
"GGGTTGCGTACATCCA-1",0
"GGGTTGCGTAGCGCAA-1",8.36635716506131
"GGGTTGCGTCCTCCAT-1",8.90530867538256
"GGGTTGCGTCGAGTTT-1",10.6570265090909
"GGGTTGCGTGAGTATA-1",0
"GGGTTGCGTGTGACCC-1",7.09188649648943
"GGGTTGCTCGTACCGG-1",9.43944904574953
"GGTATTGAGCACCGTC-1",6.34117417097924
"GGTATTGAGCTATGCT-1",9.77221966935465
"GGTATTGCACATCCAA-1",0
"GGTATTGCAGCTTCGG-1",6.38844439022027
"GGTATTGGTTCCGTCT-1",0
"GGTATTGTCAGAAATG-1",0
"GGTATTGTCCATTCTA-1",0
"GGTATTGTCGCCAGCA-1",0
"GGTGAAGAGACACGAC-1",0
"GGTGAAGAGATCCGAG-1",0
"GGTGAAGCAAGGTGTG-1",8.80853696938864
"GGTGAAGCACTCGACG-1",7.17637099487502
"GGTGAAGCAGTATGCT-1",0
"GGTGAAGGTATGAAAC-1",0
"GGTGAAGGTCAGAATA-1",10.2243459866263
"GGTGAAGGTGGTACAG-1",0
"GGTGAAGGTGTATGGG-1",9.62349429071648
"GGTGAAGGTGTCTGAT-1",0
"GGTGAAGGTGTGGTTT-1",11.2718566403829
"GGTGAAGGTGTGTGCC-1",0
"GGTGAAGTCACGATGT-1",11.2302919126534
"GGTGAAGTCACTCTTA-1",10.1469168268995
"GGTGAAGTCTGGCGTG-1",9.7832024391261
"GGTGCGTAGGTGATTA-1",0
"GGTGCGTAGTACGATA-1",7.24075309327246
"GGTGCGTCACTTAAGC-1",0
"GGTGCGTCAGCTGTAT-1",0
"GGTGCGTGTTCGTTGA-1",12.8127088113261
"GGTGCGTTCCGTACAA-1",0
"GGTGCGTTCTTGACGA-1",0
"GGTGTTAAGGGCTCTC-1",0
"GGTGTTAAGTAGCGGT-1",0
"GGTGTTAAGTGGGATC-1",11.4493467347866
"GGTGTTAAGTTATCGC-1",0
"GGTGTTACAAATCCGT-1",13.830268004375
"GGTGTTACACGGATAG-1",12.8127088113261
"GGTGTTAGTAATCACC-1",0
"GGTGTTAGTAGCAAAT-1",0
"GGTGTTAGTGTATGGG-1",0
"GGTGTTAGTTGAACTC-1",0
"GGTGTTATCGGACAAG-1",11.1552506926627
"GGTGTTATCGGTGTTA-1",7.65828554314333
"GGTGTTATCTACTTAC-1",10.8894213005706
"GTAACGTAGGTGACCA-1",0
"GTAACGTCACAGGCCT-1",6.47377924923625
"GTAACGTGTACCATCA-1",0
"GTAACGTGTGAGTATA-1",0
"GTAACGTGTTACGGAG-1",0
"GTAACGTGTTAGGGTG-1",0
"GTAACGTTCGGTCCGA-1",0
"GTAACGTTCTCATTCA-1",10.2243459866263
"GTAACTGAGTGGGTTG-1",10.2243459866263
"GTAACTGCAATGGAAT-1",8.70439791995303
"GTAACTGCACAGGCCT-1",0
"GTAACTGCAGGATCGA-1",0
"GTAACTGCATCGGGTC-1",0
"GTAACTGGTATTACCG-1",0
"GTAACTGTCACGGTTA-1",0
"GTAACTGTCTACTATC-1",0
"GTACGTAAGGTGCTTT-1",7.88275935867465
"GTACGTACAGGAATGC-1",0
"GTACGTACATGGATGG-1",0
"GTACGTAGTGAGTGAC-1",8.81977435046596
"GTACGTAGTTGGTAAA-1",9.13524671705308
"GTACGTATCACCTCGT-1",0
"GTACGTATCATCGGAT-1",7.56748541313232
"GTACGTATCCACTGGG-1",8.18886682246067
"GTACTCCAGGCAGTCA-1",7.14570467219978
"GTACTCCCAATAGCGG-1",7.12829332063025
"GTACTCCCACAGGTTT-1",0
"GTACTCCTCACCTTAT-1",0
"GTACTCCTCATTGCCC-1",10.9918776810059
"GTACTCCTCCTTCAAT-1",0
"GTACTTTCAGTTAACC-1",6.70287452984907
"GTACTTTCATGTCGAT-1",0
"GTACTTTTCCGAAGAG-1",7.62173539146411
"GTAGGCCAGCAATCTC-1",7.15374573241833
"GTAGGCCCATTCGACA-1",0
"GTAGGCCGTAACGCGA-1",13.2670912597638
"GTAGGCCGTAAGGGCT-1",7.31661282047447
"GTAGGCCGTACGACCC-1",7.17198241227162
"GTAGGCCGTTCAGGCC-1",7.5834967156809
"GTAGGCCGTTGATTGC-1",6.6944068280879
"GTAGGCCTCAGCACAT-1",7.94161489698928
"GTAGTCAAGAATGTGT-1",9.63161617334949
"GTAGTCAAGATGCCTT-1",0
"GTAGTCAAGGACGAAA-1",10.8099317796887
"GTAGTCAAGTGAAGAG-1",0
"GTAGTCATCGTCACGG-1",9.43944904574953
"GTAGTCATCTGAAAGA-1",0
"GTATCTTAGAAACCAT-1",0
"GTATCTTAGGCTATCT-1",0
"GTATCTTAGTTGTCGT-1",11.5601679086121
"GTATCTTCACACCGCA-1",0
"GTATCTTCACGAAGCA-1",8.32108054026896
"GTATCTTGTTCGCTAA-1",0
"GTATCTTTCATGCTCC-1",0
"GTATCTTTCATGTAGC-1",7.95221068797876
"GTATTCTAGAAACCAT-1",7.47771807924978
"GTATTCTAGACAAAGG-1",0
"GTATTCTCAAAGTCAA-1",8.90530867538256
"GTATTCTCAACAACCT-1",0
"GTATTCTCAACTTGAC-1",9.13524671705308
"GTATTCTCAATAAGCA-1",7.96568604221392
"GTATTCTCAGGGTTAG-1",6.69551253171528
"GTATTCTCATACTACG-1",0
"GTATTCTCATGGTAGG-1",0
"GTATTCTGTAGTGAAT-1",0
"GTATTCTGTCTAGAGG-1",0
"GTCAAGTCATATGCTG-1",0
"GTCAAGTCATGGTTGT-1",7.91669618104676
"GTCAAGTGTCAGCTAT-1",6.9653849758758
"GTCAAGTGTTCCACTC-1",0
"GTCACAAAGCCGATTT-1",0
"GTCACAAAGTGGAGTC-1",0
"GTCACAACAGGTGGAT-1",0
"GTCACAAGTAAACGCG-1",8.00496375633565
"GTCACAATCAGGATCT-1",10.7951454255655
"GTCACAATCAGTTGAC-1",8.79106043129434
"GTCACAATCATGCATG-1",0
"GTCACGGAGATCACGG-1",10.0915161899515
"GTCACGGCATATACCG-1",0
"GTCACGGGTGAGTGAC-1",11.4668998038353
"GTCACGGGTGTGGCTC-1",0
"GTCACGGTCGAGAGCA-1",0
"GTCACGGTCTACCTGC-1",0
"GTCATTTAGAGACTAT-1",10.4517901306618
"GTCATTTCACGTGAGA-1",0
"GTCATTTGTAGAAGGA-1",0
"GTCATTTGTCAGATAA-1",0
"GTCATTTTCCAGAGGA-1",11.7995453599899
"GTCCTCAAGCCCAACC-1",0
"GTCCTCAAGTAGATGT-1",11.7995453599899
"GTCCTCAAGTGGGCTA-1",14.8324725624605
"GTCCTCACAATCACAC-1",8.01576920621445
"GTCCTCAGTGGAAAGA-1",0
"GTCCTCATCAAAGACA-1",0
"GTCCTCATCGTCCGTT-1",9.19024266311922
"GTCGGGTCACTGAAGG-1",11.59781245987
"GTCGGGTCACTTCGAA-1",0
"GTCGGGTCATGAAGTA-1",6.9653849758758
"GTCGGGTGTCTCACCT-1",10.6570265090909
"GTCGGGTGTGTGACGA-1",9.49629821700258
"GTCGGGTGTGTGTGCC-1",10.3854763280654
"GTCGGGTGTTACGTCA-1",0
"GTCGGGTTCTGCTGTC-1",0
"GTCGGGTTCTGTGCAA-1",9.7832024391261
"GTCGTAAAGAGATGAG-1",0
"GTCGTAAAGCTGCAAG-1",0
"GTCGTAAAGGCGACAT-1",0
"GTCGTAACATCACGAT-1",14.9161402653587
"GTCGTAAGTATCACCA-1",7.11456169530147
"GTCGTAATCCAAGTAC-1",0
"GTCTCGTAGACCACGA-1",7.15374573241833
"GTCTCGTCAGGAACGT-1",7.39815279033311
"GTCTCGTGTGGTAACG-1",0
"GTCTCGTGTTTGGCGC-1",7.603994657388
"GTCTCGTTCACCGGGT-1",7.40267402379589
"GTCTCGTTCAGTGCAT-1",6.97041313238656
"GTCTTCGAGACAAGCC-1",7.47771807924978
"GTCTTCGAGGAATGGA-1",0
"GTCTTCGAGTCAAGCG-1",0
"GTCTTCGCACATGGGA-1",7.24075309327246
"GTCTTCGCACCAGGTC-1",0
"GTCTTCGCAGACGCAA-1",0
"GTCTTCGCATAACCTG-1",0
"GTCTTCGCATCGATGT-1",7.46710663745005
"GTCTTCGGTCTAGTGT-1",0
"GTCTTCGTCTCGATGA-1",0
"GTGAAGGAGAGCTGGT-1",10.5846635830971
"GTGAAGGAGATCGGGT-1",7.14570467219978
"GTGAAGGAGCCAGTTT-1",7.603994657388
"GTGAAGGAGTGTTGAA-1",0
"GTGAAGGCAAAGGCGT-1",0
"GTGAAGGCACTTAAGC-1",0
"GTGAAGGCAGATTGCT-1",8.81977435046596
"GTGAAGGGTATATGGA-1",0
"GTGAAGGGTCTCTCTG-1",11.1552506926627
"GTGAAGGTCTCCTATA-1",0
"GTGCAGCAGACATAAC-1",0
"GTGCAGCAGTGGTCCC-1",0
"GTGCAGCCACATCTTT-1",0
"GTGCAGCGTGAGTATA-1",6.76157521111773
"GTGCAGCTCTTAGAGC-1",0
"GTGCATAAGGCATGGT-1",7.603994657388
"GTGCATAGTTTGTTGG-1",8.28422607237224
"GTGCATATCAGAGCTT-1",0
"GTGCATATCATCATTC-1",7.492251939556
"GTGCATATCTGCGTAA-1",0
"GTGCGGTAGCAATCTC-1",0
"GTGCGGTAGGACAGAA-1",10.8099317796887
"GTGCGGTCAAAGGTGC-1",10.9392005118061
"GTGCGGTGTTCAGACT-1",7.33472140252515
"GTGCGGTGTTCTGTTT-1",0
"GTGCGGTTCATCTGCC-1",0
"GTGCGGTTCCAGGGCT-1",0
"GTGCGGTTCGGATGGA-1",6.60823378440848
"GTGCGGTTCTCGTTTA-1",0
"GTGCGGTTCTGCTGTC-1",7.75362768088862
"GTGCTTCAGCCAGTTT-1",8.61789606769987
"GTGCTTCAGGATTCGG-1",9.72552117566374
"GTGCTTCAGTACACCT-1",0
"GTGCTTCCACTTAACG-1",6.87190146316492
"GTGCTTCCAGCTATTG-1",0
"GTGCTTCGTAGAGTGC-1",0
"GTGCTTCTCACAATGC-1",6.59868975139141
"GTGCTTCTCACTTCAT-1",9.62349429071648
"GTGGGTCAGACCGGAT-1",0
"GTGGGTCAGACTGTAA-1",6.76157521111773
"GTGGGTCAGCCGTCGT-1",10.2862138285798
"GTGGGTCCACCAACCG-1",11.6467856627332
"GTGGGTCCACCACCAG-1",0
"GTGTGCGAGACCGGAT-1",11.7995453599899
"GTGTGCGAGACTTGAA-1",0
"GTGTGCGCAGGTCGTC-1",0
"GTGTGCGGTGAGCGAT-1",6.38844439022027
"GTGTGCGTCAGTCAGT-1",11.345726791126
"GTGTGCGTCCCTTGTG-1",0
"GTGTGCGTCTAACTTC-1",0
"GTGTTAGAGGACAGAA-1",0
"GTGTTAGAGGCATGGT-1",8.90867810228363
"GTGTTAGAGTGGAGAA-1",0
"GTGTTAGAGTTTGCGT-1",0
"GTGTTAGCAATGGAAT-1",8.76386323845397
"GTGTTAGCACCACCAG-1",0
"GTGTTAGGTGCCTGGT-1",7.02861219068482
"GTGTTAGGTGGAAAGA-1",0
"GTGTTAGGTTCCATGA-1",9.0964107364715
"GTGTTAGGTTGGGACA-1",0
"GTTAAGCAGAGCTGCA-1",14.8324725624605
"GTTAAGCAGATAGCAT-1",0
"GTTAAGCAGCTAACAA-1",11.2833185470368
"GTTAAGCAGGCTACGA-1",0
"GTTAAGCAGTGTACCT-1",0
"GTTAAGCAGTTTGCGT-1",0
"GTTAAGCCATTCACTT-1",7.3282561693536
"GTTAAGCGTACTCGCG-1",0
"GTTAAGCGTCTAGGTT-1",0
"GTTAAGCGTGGCAAAC-1",0
"GTTAAGCGTTGCTCCT-1",7.15374573241833
"GTTAAGCTCCTTTCGG-1",0
"GTTACAGAGAGCTATA-1",0
"GTTACAGAGTACGATA-1",10.9830756356019
"GTTACAGCAGACGCCT-1",10.2243459866263
"GTTACAGCATCGGTTA-1",0
"GTTACAGGTATGGTTC-1",0
"GTTACAGGTCGACTGC-1",0
"GTTACAGGTCTAGGTT-1",0
"GTTCATTAGCGATGAC-1",7.95221068797876
"GTTCATTCATATACGC-1",6.94774429257711
"GTTCATTCATTGGCGC-1",10.8603192411445
"GTTCATTGTGCACGAA-1",0
"GTTCATTGTGTTAAGA-1",7.95998495219541
"GTTCATTGTTCAGTAC-1",0
"GTTCGGGAGACGACGT-1",8.36635716506131
"GTTCGGGAGCTAAGAT-1",10.1413286257536
"GTTCGGGAGTGTCTCA-1",0
"GTTCGGGGTAGGGTAC-1",6.42909950606761
"GTTCGGGGTGCAGGTA-1",7.17198241227162
"GTTCGGGTCCACGCAG-1",6.68635616422222
"GTTCGGGTCTACTTAC-1",0
"GTTCTCGAGACCACGA-1",0
"GTTCTCGAGCGATGAC-1",9.77221966935465
"GTTCTCGAGGCCATAG-1",0
"GTTCTCGCATCGGACC-1",0
"GTTCTCGGTAAGGGAA-1",0
"GTTCTCGGTAGCGTAG-1",0
"GTTCTCGGTCCGTGAC-1",10.2102170387093
"GTTCTCGGTGTTAAGA-1",13.830268004375
"GTTCTCGTCAACGCTA-1",7.12829332063025
"GTTCTCGTCCTGTACC-1",9.08849077315589
"GTTTCTACAAACCTAC-1",12.8127088113261
"GTTTCTACAAGAAAGG-1",7.603994657388
"GTTTCTAGTGTTGGGA-1",7.87692317510099
"GTTTCTATCCCAACGG-1",0
"GTTTCTATCCGTAGTA-1",10.1128878297677
"GTTTCTATCGGCATCG-1",0
"TAAACCGGTACTTAGC-1",9.24160514520803
"TAAACCGTCACTCTTA-1",9.74165269524624
"TAAACCGTCAGGCGAA-1",7.14570467219978
"TAAACCGTCCGTTGTC-1",0
"TAAACCGTCTTCCTTC-1",0
"TAAGAGACAAGTTGTC-1",6.81068731630409
"TAAGAGAGTATATCCG-1",9.27382119394692
"TAAGAGATCAATCACG-1",6.38844439022027
"TAAGAGATCTAACGGT-1",10.6570265090909
"TAAGAGATCTTTCCTC-1",0
"TAAGCGTAGTGGACGT-1",7.5130893570094
"TAAGCGTAGTGTCTCA-1",0
"TAAGCGTCAGCTTCGG-1",11.7704919377454
"TAAGCGTCAGGTGGAT-1",0
"TAAGCGTGTCCTGCTT-1",0
"TAAGCGTGTGCCTGGT-1",0
"TAAGCGTGTTGTTTGG-1",0
"TAAGCGTTCCTCATTA-1",0
"TAAGCGTTCGGCGCAT-1",0
"TAAGCGTTCTCGCATC-1",0
"TAAGTGCAGGCTAGGT-1",0
"TAAGTGCAGTAGCGGT-1",0
"TAAGTGCCAACGCACC-1",11.8628741038433
"TAAGTGCCATACAGCT-1",9.0798739749036
"TAAGTGCGTAAACACA-1",10.9918776810059
"TAAGTGCGTCTCACCT-1",11.7995453599899
"TAAGTGCGTTCAGACT-1",6.92674565165189
"TAAGTGCTCACCCTCA-1",0
"TAAGTGCTCACTGGGC-1",0
"TAAGTGCTCTGGCGTG-1",0
"TACACGACACCCATTC-1",0
"TACACGAGTGATAAAC-1",7.95998495219541
"TACACGATCTGTCTCG-1",7.91669618104676
"TACAGTGAGATGCGAC-1",10.1367502654784
"TACAGTGAGCGTTGCC-1",0
"TACAGTGAGTGTACGG-1",0
"TACAGTGCAGGAATCG-1",0
"TACAGTGCAGGTGCCT-1",8.57036756187852
"TACAGTGGTACTCAAC-1",0
"TACAGTGGTTGGACCC-1",8.46247488894088
"TACCTATAGAGCTGGT-1",0
"TACCTATAGAGTTGGC-1",0
"TACCTATAGGCTCATT-1",0
"TACCTATAGTTAGCGG-1",7.81578114286045
"TACCTATCAAGCTGGA-1",10.8894213005706
"TACCTATGTAAATGAC-1",10.1367502654784
"TACCTATGTAGAGTGC-1",0
"TACCTATGTCACCTAA-1",7.14340535337208
"TACCTATGTGTTGAGG-1",0
"TACCTATGTTAAAGAC-1",0
"TACCTATTCTATGTGG-1",6.73775040190133
"TACCTATTCTTCCTTC-1",7.91669618104676
"TACCTTAAGAGGTTGC-1",16.625125448993
"TACCTTAAGTCAAGCG-1",13.830268004375
"TACCTTAAGTGGTCCC-1",8.10744558344971
"TACCTTACAACTGGCC-1",0
"TACCTTACAAGGGTCA-1",7.96568604221392
"TACCTTACACTCAGGC-1",7.17637099487502
"TACCTTACATCTACGA-1",9.74623875867236
"TACCTTAGTAGCGTCC-1",11.3417896818569
"TACCTTAGTCTCCACT-1",9.63014715007916
"TACGGATAGATGGCGT-1",0
"TACGGATAGGTACTCT-1",0
"TACGGATCAGGGATTG-1",0
"TACGGATCATCACCCT-1",0
"TACGGATGTCTAGCCG-1",0
"TACGGATTCGGTGTCG-1",11.1552506926627
"TACGGATTCTACTATC-1",11.8628741038433
"TACGGGCAGGATGCGT-1",0
"TACGGGCAGGGAACGG-1",8.00496375633565
"TACGGGCAGTATTGGA-1",0
"TACGGGCAGTCAAGCG-1",6.9653849758758
"TACGGGCCAAGAAGAG-1",0
"TACGGGCCACCAGATT-1",0
"TACGGGCCATCAGTAC-1",0
"TACGGGCGTAAGGGCT-1",0
"TACGGGCGTCTGATTG-1",0
"TACGGGCGTGATGTGG-1",6.60823378440848
"TACGGGCTCACCTTAT-1",0
"TACGGGCTCAGCTCTC-1",0
"TACGGGCTCCACGAAT-1",8.58412889548222
"TACGGGCTCCTATTCA-1",0
"TACGGGCTCGGTGTTA-1",7.2757895140549
"TACGGTAAGATATGGT-1",12.4653763845769
"TACGGTAAGCCGATTT-1",6.68635616422222
"TACGGTAAGTCATGCT-1",11.59781245987
"TACGGTAAGTGCCATT-1",0
"TACGGTACACAGGCCT-1",0
"TACGGTACATTTCAGG-1",7.88275935867465
"TACGGTAGTATATCCG-1",10.6570265090909
"TACGGTAGTCACTTCC-1",0
"TACGGTAGTGCAGGTA-1",0
"TACGGTAGTGGGTATG-1",0
"TACGGTATCGCAGGCT-1",7.33486472865566
"TACGGTATCGGACAAG-1",6.57589206611736
"TACGGTATCGTTTATC-1",7.15088400216598
"TACTCATAGTCACGCC-1",8.14450139932893
"TACTCATCAATCTACG-1",6.90411044457319
"TACTCATCACGGTAGA-1",8.00496375633565
"TACTCATCACTTCTGC-1",0
"TACTCATCATCCGTGG-1",9.0964107364715
"TACTCATCATGTCGAT-1",7.91669618104676
"TACTCATGTACAGCAG-1",8.61789606769987
"TACTCATGTCTTCAAG-1",9.77221966935465
"TACTCATTCCTTTCTC-1",0
"TACTCGCAGGCGACAT-1",0
"TACTCGCGTCAGAAGC-1",14.8324725624605
"TACTCGCGTCTGATTG-1",7.96510272275706
"TACTCGCGTGTAACGG-1",9.36346777351877
"TACTCGCGTTGAGTTC-1",7.492251939556
"TACTCGCTCAACGGGA-1",0
"TACTCGCTCCGAATGT-1",0
"TACTTACAGACTAGGC-1",8.01576920621445
"TACTTACAGCTGAACG-1",0
"TACTTACAGTACACCT-1",7.40267402379589
"TACTTACAGTACGCCC-1",7.75362768088862
"TACTTACAGTGATCGG-1",7.89654234893388
"TACTTACCAAGCCGTC-1",12.4653763845769
"TACTTACCACAGGTTT-1",6.43125501272149
"TACTTACTCGCGTTTC-1",9.16753048099068
"TACTTGTAGCGATATA-1",9.43944904574953
"TACTTGTAGTAATCCC-1",6.69551253171528
"TACTTGTCAAACAACA-1",0
"TACTTGTCATGCAACT-1",0
"TACTTGTGTAGCACGA-1",12.8127088113261
"TACTTGTGTATAAACG-1",0
"TACTTGTGTTCCACAA-1",7.51708486577891
"TACTTGTTCTGCAGTA-1",8.39600287263517
"TAGACCAAGAGACGAA-1",0
"TAGACCAAGCCTCGTG-1",8.80853696938864
"TAGACCAAGTCGATAA-1",9.62349429071648
"TAGACCACAACACCCG-1",8.92827277091211
"TAGACCAGTAGATTAG-1",0
"TAGACCAGTTCATGGT-1",0
"TAGACCATCACTTCAT-1",0
"TAGACCATCGTCACGG-1",6.78074915486102
"TAGACCATCTCCAGGG-1",0
"TAGAGCTAGAATTCCC-1",0
"TAGAGCTAGTATTGGA-1",0
"TAGAGCTCACTGAAGG-1",0
"TAGAGCTGTACTTGAC-1",6.44999363590874
"TAGAGCTGTCTAAAGA-1",0
"TAGCCGGAGACTGGGT-1",7.36857119239806
"TAGCCGGAGTCCCACG-1",11.3417896818569
"TAGCCGGAGTGACATA-1",7.85177294443671
"TAGCCGGCAGCAGTTT-1",9.87057171005443
"TAGCCGGGTACAGTGG-1",0
"TAGCCGGGTACCATCA-1",0
"TAGCCGGGTCGCGAAA-1",10.1367502654784
"TAGCCGGTCACGACTA-1",0
"TAGGCATAGAACTGTA-1",0
"TAGGCATAGCTAGGCA-1",6.60823378440848
"TAGGCATAGTCGTACT-1",0
"TAGGCATAGTTTAGGA-1",0
"TAGGCATCAAGCCTAT-1",11.4668998038353
"TAGGCATCAGACGCAA-1",11.196210586865
"TAGGCATGTACGAAAT-1",0
"TAGGCATGTCCAGTTA-1",9.55861803363614
"TAGGCATGTTCCACTC-1",6.57589206611736
"TAGGCATTCCCTAACC-1",11.7995453599899
"TAGGCATTCGCTAGCG-1",10.049501808724
"TAGGCATTCGTAGATC-1",10.2243459866263
"TAGGCATTCTTCATGT-1",0
"TAGTGGTAGATCACGG-1",11.2833185470368
"TAGTGGTAGCTGTTCA-1",0
"TAGTGGTCAGTATAAG-1",6.60823378440848
"TAGTGGTGTAGCGTAG-1",0
"TAGTGGTTCAGCATGT-1",0
"TAGTGGTTCGGCGCAT-1",0
"TAGTGGTTCTCAAGTG-1",0
"TAGTGGTTCTGGGCCA-1",13.6531635367423
"TAGTGGTTCTTTAGTC-1",0
"TAGTTGGAGATAGGAG-1",7.3282561693536
"TAGTTGGCAGACGCAA-1",8.57036756187852
"TAGTTGGCATGCGCAC-1",8.51051607411829
"TAGTTGGGTATGGTTC-1",0
"TAGTTGGTCCGAATGT-1",0
"TAGTTGGTCTACTCAT-1",0
"TAGTTGGTCTCTAAGG-1",8.399014333602
"TAGTTGGTCTGATACG-1",6.47096189750078
"TATCAGGAGAGTAAGG-1",0
"TATCAGGAGATCCGAG-1",0
"TATCAGGAGCAGATCG-1",0
"TATCAGGAGGTGCTTT-1",0
"TATCAGGCAACTTGAC-1",12.4206012919632
"TATCAGGCACGTTGGC-1",7.17278278369207
"TATCAGGGTCCGTTAA-1",10.2102170387093
"TATCAGGGTCTGCAAT-1",0
"TATCAGGGTTAAAGAC-1",6.68192129505468
"TATCAGGTCAAGATCC-1",6.69551253171528
"TATCAGGTCCACTCCA-1",0
"TATCAGGTCGTAGGTT-1",6.73775040190133
"TATCTCAAGAGTTGGC-1",6.47096189750078
"TATCTCAAGCCACCTG-1",0
"TATCTCAAGCGTAATA-1",0
"TATCTCAAGGCTAGCA-1",7.56748541313232
"TATCTCAAGTGGGCTA-1",7.17198241227162
"TATCTCACATGTCCTC-1",0
"TATCTCAGTAACGACG-1",6.43265420054768
"TATCTCAGTACCTACA-1",6.95352181185289
"TATCTCAGTACGACCC-1",6.58455571837954
"TATCTCAGTCAATGTC-1",0
"TATCTCATCAAGCCTA-1",8.52768397993655
"TATGCCCAGAAACCGC-1",12.4653763845769
"TATGCCCAGGTAGCTG-1",7.62812550177672
"TATGCCCCAATGGAAT-1",0
"TATGCCCCACTTAACG-1",0
"TATGCCCCATGTTCCC-1",0
"TATGCCCGTAGCCTCG-1",0
"TATGCCCGTATAGGGC-1",0
"TATGCCCGTATGAAAC-1",11.9513335593631
"TATGCCCGTCGCCATG-1",6.3367596664312
"TATGCCCGTGCCTTGG-1",0
"TATGCCCGTTAAGATG-1",0
"TATGCCCGTTGGTGGA-1",0
"TATGCCCGTTTAGGAA-1",0
"TATTACCAGAGAGCTC-1",7.36857119239806
"TATTACCAGCAAATCA-1",0
"TATTACCAGCCCGAAA-1",0
"TATTACCAGTATCTCG-1",7.95998495219541
"TATTACCCAAAGTGCG-1",13.9432787415131
"TATTACCCAGACAAGC-1",0
"TATTACCCAGTCAGCC-1",0
"TATTACCCATAAAGGT-1",0
"TATTACCCATCTACGA-1",0
"TATTACCGTCCAGTAT-1",9.43944904574953
"TCAACGAAGCCGATTT-1",7.2437181755404
"TCAACGAAGCGATGAC-1",0
"TCAACGAAGGCATGTG-1",0
"TCAACGAAGTAGTGCG-1",0
"TCAACGACACCAGGCT-1",0
"TCAACGACATGCCTTC-1",10.1367502654784
"TCAACGAGTTACCAGT-1",8.14086321318263
"TCAACGAGTTCCATGA-1",0
"TCAACGAGTTCTGGTA-1",0
"TCAACGATCAGTCCCT-1",9.36346777351877
"TCAACGATCTGTGCAA-1",7.47771807924978
"TCAATCTAGATCCCGC-1",0
"TCAATCTCACAAGCCC-1",0
"TCAATCTCACAGCCCA-1",6.90411044457319
"TCAATCTCATGACGGA-1",6.69551253171528
"TCAATCTCATTTGCTT-1",0
"TCAATCTGTAGTGAAT-1",0
"TCAATCTGTTAGATGA-1",0
"TCAATCTTCAGATAAG-1",0
"TCAATCTTCATGTCCC-1",0
"TCACAAGAGACTGGGT-1",0
"TCACAAGAGAGAGCTC-1",8.01881004505495
"TCACAAGAGGCCCTCA-1",10.9830756356019
"TCACAAGAGGTGGGTT-1",0
"TCACAAGAGTAGATGT-1",0
"TCACAAGCAGTATGCT-1",7.12829332063025
"TCACAAGCATAACCTG-1",10.9918776810059
"TCACAAGCATGACATC-1",12.4653763845769
"TCACAAGGTCAGATAA-1",0
"TCACAAGGTGTGGTTT-1",0
"TCACAAGTCATCATTC-1",9.7832024391261
"TCACAAGTCATGCATG-1",0
"TCACGAAAGCTCCTTC-1",6.73775040190133
"TCACGAAAGGTGCTTT-1",0
"TCACGAAAGTCTCGGC-1",9.74165269524624
"TCACGAACACAAGACG-1",8.77203932298066
"TCACGAACACTGTCGG-1",0
"TCACGAAGTGGTCCGT-1",0
"TCACGAAGTTGGTGGA-1",8.92827277091211
"TCACGAATCATGCAAC-1",10.1413286257536
"TCACGAATCCCGACTT-1",0
"TCACGAATCCTCGCAT-1",7.95221068797876
"TCACGAATCGTCACGG-1",0
"TCAGATGAGGTGCACA-1",7.00904428470836
"TCAGATGGTCTTGTCC-1",8.77203932298066
"TCAGATGGTGCCTGCA-1",11.59781245987
"TCAGATGGTGCTGTAT-1",0
"TCAGATGTCAGTTTGG-1",0
"TCAGATGTCGCATGAT-1",0
"TCAGATGTCTCCTATA-1",0
"TCAGCAAAGGAGTCTG-1",8.39998715837003
"TCAGCAAAGGCTCATT-1",7.5834967156809
"TCAGCAAAGTACGACG-1",0
"TCAGCAAAGTGGCACA-1",0
"TCAGCAACACGCATCG-1",0
"TCAGCAAGTACCGGCT-1",0
"TCAGCAATCAGCGATT-1",8.1628664320727
"TCAGCAATCGGAAACG-1",0
"TCAGCAATCTTCAACT-1",8.58412889548222
"TCAGCTCAGGTGTTAA-1",0
"TCAGCTCAGTATGACA-1",8.02926819450986
"TCAGCTCCAATCTGCA-1",11.2833185470368
"TCAGCTCCACGGTTTA-1",0
"TCAGCTCGTAATAGCA-1",7.65828554314333
"TCAGCTCGTCCGTCAG-1",0
"TCAGCTCGTTCACGGC-1",0
"TCAGCTCTCACGATGT-1",0
"TCAGCTCTCATGCATG-1",6.68635616422222
"TCAGCTCTCCTAAGTG-1",0
"TCAGCTCTCTCGTATT-1",9.0205305065732
"TCAGGATAGACAGAGA-1",0
"TCAGGATAGATATGGT-1",0
"TCAGGATCAAACGTGG-1",10.2102170387093
"TCAGGATCAAGTTCTG-1",9.77221966935465
"TCAGGATCACGGTGTC-1",7.603994657388
"TCAGGATCACTGTGTA-1",6.68192129505468
"TCAGGATCAGCATACT-1",9.79410901510835
"TCAGGATCATCTGGTA-1",6.49586415424548
"TCAGGATGTAAGCACG-1",0
"TCAGGATGTGGCCCTA-1",12.1414112125803
"TCAGGATTCCGATATG-1",8.35367049213468
"TCAGGATTCTCGATGA-1",7.51708486577891
"TCAGGTAAGATGGCGT-1",6.91899890859371
"TCAGGTAAGTGTTTGC-1",0
"TCAGGTACACAAGTAA-1",0
"TCAGGTACACAGAGGT-1",6.68192129505468
"TCAGGTACAGCTGCTG-1",8.9429731492801
"TCAGGTAGTAAACGCG-1",0
"TCATTACAGAAACCAT-1",0
"TCATTACAGGAGTTGC-1",0
"TCATTACAGTTGCAGG-1",0
"TCATTACCACATCCAA-1",8.92827277091211
"TCATTACCAGTCAGCC-1",0
"TCATTACGTACGCACC-1",0
"TCATTACGTCTAGAGG-1",0
"TCATTACGTGAAGGCT-1",0
"TCATTACGTTCTGTTT-1",11.2833185470368
"TCATTACTCATCGATG-1",0
"TCATTTGAGCCAGTTT-1",12.1414112125803
"TCATTTGCACGTCTCT-1",0
"TCATTTGCAGTTAACC-1",0
"TCATTTGTCCAGAGGA-1",0
"TCATTTGTCCCTTGCA-1",10.2243459866263
"TCATTTGTCCGTCAAA-1",0
"TCATTTGTCGCTAGCG-1",6.88589548426499
"TCATTTGTCGTACGGC-1",8.99239270072623
"TCATTTGTCTCTGCTG-1",0
"TCCACACCAAAGAATC-1",0
"TCCACACCACGCCAGT-1",0
"TCCACACGTACAGCAG-1",0
"TCCACACGTAGCCTAT-1",0
"TCCACACGTCATCGGC-1",0
"TCCACACGTGACCAAG-1",12.1414112125803
"TCCACACGTGCGAAAC-1",8.31961864798223
"TCCACACTCAACACCA-1",8.8016375737129
"TCCACACTCCAGTATG-1",0
"TCCACACTCCCATTTA-1",0
"TCCACACTCGAACTGT-1",7.40267402379589
"TCCCGATAGAAGAAGC-1",0
"TCCCGATAGCACAGGT-1",11.7995453599899
"TCCCGATAGCCGGTAA-1",14.8324725624605
"TCCCGATCAAGGTTCT-1",9.24160514520803
"TCCCGATCAGCCAATT-1",0
"TCCCGATCATCCAACA-1",0
"TCCCGATGTAAGGATT-1",6.88971546380771
"TCCCGATGTCAATACC-1",0
"TCCCGATTCAGAAATG-1",0
"TCCCGATTCAGTCCCT-1",6.91899890859371
"TCCCGATTCATCTGTT-1",6.97041313238656
"TCCCGATTCCCTAATT-1",9.12912695444767
"TCCCGATTCTGGAGCC-1",0
"TCGAGGCAGCGATGAC-1",0
"TCGAGGCAGTGTTTGC-1",0
"TCGAGGCCAAAGAATC-1",9.90756280245341
"TCGAGGCCAAGTTCTG-1",0
"TCGAGGCCAGTAACGG-1",9.87051316233686
"TCGAGGCGTATATCCG-1",0
"TCGAGGCTCGCAAGCC-1",0
"TCGAGGCTCTTGAGAC-1",0
"TCGAGGCTCTTTCCTC-1",11.6467856627332
"TCGCGAGAGACAAAGG-1",0
"TCGCGAGAGTGAATTG-1",0
"TCGCGAGCAAGCGTAG-1",9.37234987083806
"TCGCGAGCACCGAATT-1",7.06912819333644
"TCGCGAGCAGTAAGAT-1",0
"TCGCGAGTCCACGAAT-1",9.12912695444767
"TCGCGAGTCTAGCACA-1",9.43944904574953
"TCGCGAGTCTCTAGGA-1",0
"TCGCGAGTCTTCATGT-1",0
"TCGCGTTAGTGGGCTA-1",10.1013452124234
"TCGCGTTCACAGGCCT-1",7.17637099487502
"TCGCGTTCATCACAAC-1",0
"TCGCGTTCATCTCGCT-1",7.95998495219541
"TCGCGTTGTTCACCTC-1",0
"TCGCGTTTCAAGATCC-1",8.14450139932893
"TCGCGTTTCAGGTAAA-1",6.69551253171528
"TCGCGTTTCATTCACT-1",8.92186879745865
"TCGCGTTTCCTGTACC-1",0
"TCGCGTTTCGCCCTTA-1",0
"TCGGGACCACACATGT-1",0
"TCGGGACTCCTTGCCA-1",7.40267402379589
"TCGGGACTCTGCGGCA-1",6.68635616422222
"TCGGGACTCTTGTCAT-1",6.64570964447814
"TCGGTAAAGACAGGCT-1",0
"TCGGTAAAGCTCAACT-1",0
"TCGGTAACAAGCTGAG-1",13.2897645478008
"TCGGTAACAGGAATGC-1",0
"TCGGTAAGTATATGGA-1",0
"TCGGTAAGTCTAGTCA-1",7.57538679204184
"TCGGTAATCCCGGATG-1",0
"TCGTACCAGCAGGCTA-1",0
"TCGTACCAGTTTCCTT-1",0
"TCGTACCGTTTGCATG-1",0
"TCGTACCTCGGGAGTA-1",8.90530867538256
"TCGTAGAAGCTAACTC-1",0
"TCGTAGAAGGCGACAT-1",12.4653763845769
"TCGTAGAAGGGAACGG-1",7.91669618104676
"TCGTAGAAGTCCATAC-1",8.48353032301204
"TCGTAGACAATCCAAC-1",0
"TCGTAGACACTCAGGC-1",6.59868975139141
"TCGTAGAGTATGAATG-1",0
"TCGTAGAGTGAGCGAT-1",12.0090312586853
"TCGTAGAGTGTGTGCC-1",6.66477145636034
"TCGTAGAGTTCAACCA-1",0
"TCGTAGAGTTCCATGA-1",11.1552506926627
"TCGTAGATCCAAGCCG-1",8.81977435046596
"TCGTAGATCTTAGCCC-1",7.2872939665778
"TCTATTGAGCGATTCT-1",7.40267402379589
"TCTATTGAGTGCCATT-1",0
"TCTATTGCACATCTTT-1",0
"TCTATTGGTAAGTGTA-1",9.2389588551799
"TCTATTGGTCCAACTA-1",11.6467856627332
"TCTATTGGTCTGCCAG-1",0
"TCTATTGGTTGCTCCT-1",6.91899890859371
"TCTATTGTCGGCGCTA-1",0
"TCTCATAAGCTAAACA-1",0
"TCTCATAAGCTAGTCT-1",0
"TCTCATAAGTGCCATT-1",7.2213360647581
"TCTCATAGTACCGGCT-1",0
"TCTCATAGTGTAAGTA-1",6.55153931199886
"TCTCATATCAAGCCTA-1",0
"TCTCATATCACCTTAT-1",0
"TCTCATATCCTGTACC-1",9.72552117566374
"TCTCTAAAGACCGGAT-1",0
"TCTCTAAAGGGTGTTG-1",7.83101845070256
"TCTCTAACAGCCTATA-1",8.48353032301204
"TCTCTAAGTCCAGTAT-1",7.31661282047447
"TCTCTAAGTCCATGAT-1",9.72552117566374
"TCTCTAAGTCTCATCC-1",0
"TCTCTAAGTGGAAAGA-1",6.49249868653478
"TCTCTAATCAAACCAC-1",7.87878666516524
"TCTCTAATCACAGGCC-1",0
"TCTCTAATCACATACG-1",0
"TCTCTAATCCGTAGGC-1",7.09188649648943
"TCTCTAATCGTATCAG-1",10.1367502654784
"TCTGAGACAAACCTAC-1",13.830268004375
"TCTGAGACAGAGTGTG-1",0
"TCTGAGAGTAAGGGAA-1",0
"TCTGAGATCCTTGACC-1",0
"TCTGAGATCTATCCTA-1",9.19024266311922
"TCTGGAAAGCGATGAC-1",0
"TCTGGAAAGCTCTCGG-1",7.400195215637
"TCTGGAAAGGAGCGAG-1",0
"TCTGGAACACAAGACG-1",7.17198241227162
"TCTGGAACACACTGCG-1",0
"TCTGGAACACTTCTGC-1",0
"TCTGGAAGTGAGTATA-1",0
"TCTTCGGAGGTTCCTA-1",0
"TCTTCGGAGTTCGATC-1",9.11687108384178
"TCTTCGGCAAAGCAAT-1",0
"TCTTCGGCAAAGGTGC-1",8.77203932298066
"TCTTCGGCAATAGCAA-1",10.049501808724
"TCTTCGGCAATGTAAG-1",0
"TCTTCGGCACACCGAC-1",7.3455202281769
"TCTTCGGCAGCCAATT-1",0
"TCTTCGGGTCATTAGC-1",0
"TCTTCGGTCGTAGGTT-1",7.2213360647581
"TCTTCGGTCTCTAAGG-1",0
"TCTTTCCAGAGAGCTC-1",0
"TCTTTCCAGTCATCCA-1",0
"TCTTTCCCATCTCCCA-1",6.6944068280879
"TCTTTCCGTAATCACC-1",9.90756280245341
"TCTTTCCGTAGTACCT-1",0
"TCTTTCCTCACAACGT-1",6.97041313238656
"TCTTTCCTCAGCTGGC-1",6.38844439022027
"TCTTTCCTCCAAGTAC-1",6.76157521111773
"TCTTTCCTCCTCGCAT-1",0
"TGAAAGAAGCTAAGAT-1",6.55153931199886
"TGAAAGACAAGCCGTC-1",0
"TGAAAGACACATTCGA-1",0
"TGAAAGACATGAGCGA-1",0
"TGAAAGAGTCTAGCGC-1",0
"TGAAAGAGTCTCATCC-1",10.1128878297677
"TGAAAGATCCCGACTT-1",0
"TGAAAGATCTATGTGG-1",0
"TGACAACCAAGCGAGT-1",7.17637099487502
"TGACAACGTAGGGACT-1",0
"TGACAACGTGCGCTTG-1",8.68811297146501
"TGACAACGTGGTTTCA-1",7.95998495219541
"TGACAACTCACAAACC-1",0
"TGACAACTCCACGTGG-1",0
"TGACAACTCGAATGCT-1",7.12025504976339
"TGACGGCAGCGCCTCA-1",0
"TGACGGCAGGCTCAGA-1",0
"TGACGGCAGTCAAGCG-1",0
"TGACGGCCACAGACTT-1",0
"TGACGGCGTCATCCCT-1",0
"TGACGGCTCAGGCGAA-1",9.09515744736394
"TGACGGCTCCACTGGG-1",15.7268895658641
"TGACTAGAGACCCACC-1",0
"TGACTAGAGGGCATGT-1",0
"TGACTAGAGTCTCAAC-1",7.94161489698928
"TGACTAGAGTTGAGAT-1",0
"TGACTAGCAGCATACT-1",8.61124637976287
"TGACTAGCAGTCAGAG-1",6.38844439022027
"TGACTAGCATTTCACT-1",0
"TGACTAGGTAAATACG-1",0
"TGACTAGGTGAAAGAG-1",12.1414112125803
"TGACTAGGTGCAGTAG-1",0
"TGACTAGTCATGCATG-1",6.65354539023222
"TGACTAGTCCATGCTC-1",0
"TGACTAGTCTGTTGAG-1",0
"TGACTTTAGAACAATC-1",7.66147135225534
"TGACTTTAGTCTCGGC-1",0
"TGACTTTAGTTAGGTA-1",0
"TGACTTTCAGTCCTTC-1",0
"TGACTTTCATTATCTC-1",0
"TGACTTTGTCACACGC-1",8.51051607411829
"TGACTTTTCCTCAATT-1",0
"TGACTTTTCTGCCCTA-1",0
"TGAGAGGAGGCTCATT-1",8.56045080126014
"TGAGAGGCAAAGTCAA-1",0
"TGAGAGGCAAGCCATT-1",0
"TGAGAGGCACCATGTA-1",0
"TGAGAGGGTCACTGGC-1",0
"TGAGAGGGTCTAAACC-1",0
"TGAGAGGTCGAACTGT-1",7.16269898510874
"TGAGAGGTCGCGTTTC-1",11.4668998038353
"TGAGAGGTCTGACCTC-1",0
"TGAGCATAGAAACGAG-1",0
"TGAGCATAGAAGCCCA-1",13.2670912597638
"TGAGCATAGATGTCGG-1",7.603994657388
"TGAGCATAGGAATGGA-1",7.33472140252515
"TGAGCATCACCAGGCT-1",10.1128878297677
"TGAGCATCAGATGAGC-1",9.167881878518
"TGAGCATCAGCGTAAG-1",0
"TGAGCATCAGCTGTAT-1",0
"TGAGCATGTGGCCCTA-1",6.94774429257711
"TGAGCATTCCACGTTC-1",0
"TGAGCATTCCGATATG-1",7.06912819333644
"TGAGCATTCGGCCGAT-1",12.4653763845769
"TGAGCCGCATCGGGTC-1",7.06912819333644
"TGAGCCGGTCGAACAG-1",6.68635616422222
"TGAGCCGGTGTAATGA-1",10.8099317796887
"TGAGCCGGTTGATTCG-1",10.3568482974928
"TGAGCCGTCATCTGCC-1",6.60823378440848
"TGAGCCGTCGTCACGG-1",0
"TGAGCCGTCTTGAGGT-1",0
"TGAGGGAAGAGACTAT-1",0
"TGAGGGAAGGAGTACC-1",0
"TGAGGGAAGTCATCCA-1",0
"TGAGGGAAGTCATGCT-1",11.7704919377454
"TGAGGGACACCAGTTA-1",8.61789606769987
"TGAGGGACATAAGACA-1",7.13396936944873
"TGAGGGAGTAAACGCG-1",15.9035332535069
"TGAGGGAGTTAGGGTG-1",7.15088400216598
"TGAGGGATCAACGGGA-1",0
"TGAGGGATCTAGCACA-1",0
"TGAGGGATCTCTTATG-1",14.8324725624605
"TGATTTCCATCCGGGT-1",0
"TGATTTCGTAGGCATG-1",0
"TGATTTCGTTAAGACA-1",0
"TGATTTCTCTGATTCT-1",0
"TGCACCTAGACCTTTG-1",6.34991799068155
"TGCACCTAGGACGAAA-1",7.95998495219541
"TGCACCTCAAGTTGTC-1",0
"TGCACCTCAATAGAGT-1",0
"TGCACCTCATCCGGGT-1",8.92186879745865
"TGCACCTGTAATCACC-1",0
"TGCACCTGTCACACGC-1",6.44999363590874
"TGCACCTTCACGGTTA-1",0
"TGCACCTTCATCGGAT-1",0
"TGCACCTTCCGCGGTA-1",0
"TGCACCTTCGAACTGT-1",0
"TGCACCTTCTCTTGAT-1",0
"TGCCAAACAATGTAAG-1",7.91669618104676
"TGCCAAACAATTCCTT-1",13.9493964604157
"TGCCAAAGTTCGCGAC-1",0
"TGCCAAATCCAAACTG-1",13.830268004375
"TGCCAAATCCCTGACT-1",0
"TGCCAAATCGGCGGTT-1",0
"TGCCCATAGACTAGGC-1",6.59142576153103
"TGCCCATAGCGTCAAG-1",0
"TGCCCATAGCGTGAAC-1",7.85177294443671
"TGCCCATAGCTGTTCA-1",0
"TGCCCATAGGATGGAA-1",7.40267402379589
"TGCCCATAGTACGCCC-1",8.81977435046596
"TGCCCATAGTTGAGTA-1",7.16904045872558
"TGCCCATCACCAGGTC-1",0
"TGCCCATCACGAAATA-1",0
"TGCCCATCAGGACGTA-1",0
"TGCCCATCATGGAATA-1",0
"TGCCCATCATGGATGG-1",8.51051607411829
"TGCCCATGTAGCCTCG-1",0
"TGCCCATTCAAACCGT-1",7.400195215637
"TGCCCATTCAGGCCCA-1",0
"TGCCCATTCCTTCAAT-1",0
"TGCCCATTCGGAAATA-1",12.1388828596871
"TGCCCTAAGGTCGGAT-1",7.95998495219541
"TGCCCTAAGGTTCCTA-1",0
"TGCCCTACACCACCAG-1",0
"TGCCCTACAGCCACCA-1",0
"TGCCCTACAGTGAGTG-1",0
"TGCCCTAGTCCGAGTC-1",0
"TGCCCTAGTGGTTTCA-1",0
"TGCCCTAGTTTCGCTC-1",0
"TGCCCTATCGACGGAA-1",0
"TGCCCTATCTTCGGTC-1",8.58412889548222
"TGCGCAGAGACTAGGC-1",0
"TGCGCAGAGCACACAG-1",8.5619849699915
"TGCGCAGAGCGTCTAT-1",0
"TGCGCAGAGGAGCGAG-1",7.88275935867465
"TGCGCAGCAAACGTGG-1",6.68192129505468
"TGCGCAGCAGCTCGCA-1",0
"TGCGCAGCAGTAGAGC-1",0
"TGCGCAGTCCTACAGA-1",0
"TGCGGGTAGAGACTTA-1",0
"TGCGGGTAGATCGATA-1",0
"TGCGGGTAGCTCTCGG-1",7.40267402379589
"TGCGGGTAGGTGTGGT-1",7.47771807924978
"TGCGGGTAGTACTTGC-1",7.15374573241833
"TGCGGGTCAATGGAAT-1",0
"TGCGGGTCACACGCTG-1",7.09188649648943
"TGCGGGTCATTGGGCC-1",0
"TGCGGGTGTAGAAAGG-1",6.65354539023222
"TGCGGGTGTCACCTAA-1",6.60823378440848
"TGCGGGTGTCAGATAA-1",8.76386323845397
"TGCGGGTGTTAGAACA-1",6.69551253171528
"TGCGGGTTCAGTTCGA-1",0
"TGCGGGTTCGTAGATC-1",6.88971546380771
"TGCGGGTTCTCTTGAT-1",0
"TGCGTGGAGACGCAAC-1",9.7832024391261
"TGCGTGGAGACTGGGT-1",6.76157521111773
"TGCGTGGCAATTCCTT-1",11.7704919377454
"TGCGTGGGTGCACCAC-1",0
"TGCGTGGTCCGCGCAA-1",0
"TGCGTGGTCGCCCTTA-1",9.13524671705308
"TGCGTGGTCTGGCGAC-1",6.5261068335139
"TGCTACCAGAAAGTGG-1",0
"TGCTACCAGATGGCGT-1",6.94774429257711
"TGCTACCAGCAAATCA-1",7.39815279033311
"TGCTACCAGTCCGTAT-1",7.65828554314333
"TGCTACCCAAGAGGCT-1",7.17637099487502
"TGCTACCCACTTAACG-1",0
"TGCTACCCATCGTCGG-1",0
"TGCTACCCATGGTTGT-1",0
"TGCTACCGTGTGACGA-1",0
"TGCTACCTCCTCGCAT-1",0
"TGCTACCTCTTCTGGC-1",0
"TGCTGCTAGACTAAGT-1",8.01576920621445
"TGCTGCTAGGTGATAT-1",11.3417896818569
"TGCTGCTCAATAGAGT-1",6.34117417097924
"TGCTGCTCACAGACAG-1",10.2102170387093
"TGCTGCTCATCCCATC-1",0
"TGCTGCTCATGGTTGT-1",15.9035332535069
"TGCTGCTGTCATACTG-1",9.7832024391261
"TGCTGCTGTGAAGGCT-1",0
"TGCTGCTTCATTGCGA-1",0
"TGGACGCAGAGGTACC-1",0
"TGGACGCAGTCAAGGC-1",0
"TGGACGCCACAGAGGT-1",0
"TGGACGCCATGGTAGG-1",0
"TGGACGCGTCCGAACC-1",7.75362768088862
"TGGACGCGTCTCCCTA-1",0
"TGGCCAGAGAAGGTGA-1",6.44999363590874
"TGGCCAGAGAGTACAT-1",8.61789606769987
"TGGCCAGAGGCGATAC-1",0
"TGGCCAGAGGCGTACA-1",0
"TGGCCAGCAACTGCGC-1",0
"TGGCCAGCACGACTCG-1",14.9161402653587
"TGGCCAGGTCAATACC-1",0
"TGGCCAGTCGTAGATC-1",0
"TGGCCAGTCTATCCCG-1",0
"TGGCGCAAGCTACCTA-1",6.73775040190133
"TGGCGCAAGCTATGCT-1",0
"TGGCGCAAGTGTGGCA-1",0
"TGGCGCAAGTTACCCA-1",14.8591587210777
"TGGCGCACACAGGCCT-1",9.79410901510835
"TGGCGCACACGGATAG-1",0
"TGGCGCACAGCGATCC-1",0
"TGGCGCACATAGGATA-1",0
"TGGCGCAGTACTCTCC-1",12.4653763845769
"TGGCGCAGTGGACGAT-1",11.1552506926627
"TGGCGCAGTTATGTGC-1",6.6944068280879
"TGGCGCATCAAGAAGT-1",0
"TGGCGCATCATGCTCC-1",0
"TGGCGCATCATGTGGT-1",9.74165269524624
"TGGCGCATCATTATCC-1",7.14340535337208
"TGGCGCATCGTGGTCG-1",7.40267402379589
"TGGCTGGAGCGGATCA-1",7.11456169530147
"TGGCTGGAGTGCAAGC-1",0
"TGGCTGGCAAGTTAAG-1",0
"TGGCTGGCACGGATAG-1",0
"TGGCTGGCAGGAACGT-1",6.42909950606761
"TGGCTGGGTCGAGTTT-1",0
"TGGCTGGGTCGGCATC-1",0
"TGGCTGGGTCTAGCCG-1",0
"TGGCTGGGTTACGCGC-1",7.12025504976339
"TGGCTGGGTTGGACCC-1",6.38844439022027
"TGGCTGGTCTCGTTTA-1",11.4668998038353
"TGGGAAGAGATATACG-1",0
"TGGGAAGAGCCCAATT-1",0
"TGGGAAGAGCGCTCCA-1",0
"TGGGAAGAGGGCTTCC-1",0
"TGGGAAGAGTAAGTAC-1",11.1552506926627
"TGGGAAGAGTTAACGA-1",0
"TGGGAAGCAAGGTGTG-1",0
"TGGGAAGCAGATCCAT-1",6.59142576153103
"TGGGAAGCAGCGAACA-1",11.7995453599899
"TGGGAAGGTAAGTTCC-1",6.76157521111773
"TGGGAAGGTTAGATGA-1",0
"TGGGAAGGTTATTCTC-1",12.4653763845769
"TGGGAAGTCCCAAGAT-1",0
"TGGGAAGTCCTTCAAT-1",0
"TGGGAAGTCGTGGACC-1",0
"TGGGAAGTCTCCTATA-1",0
"TGGGCGTAGTCTCCTC-1",0
"TGGGCGTCAGACGTAG-1",6.34117417097924
"TGGGCGTCAGGGATTG-1",0
"TGGGCGTGTCCAAGTT-1",0
"TGGGCGTGTCTAGAGG-1",0
"TGGGCGTGTGGCTCCA-1",7.96568604221392
"TGGGCGTGTTTCGCTC-1",7.95998495219541
"TGGGCGTTCAGCTTAG-1",0
"TGGTTAGAGCTACCTA-1",0
"TGGTTAGAGTTAGGTA-1",0
"TGGTTAGGTGATGATA-1",7.15374573241833
"TGGTTAGGTTCACGGC-1",6.68635616422222
"TGGTTAGTCCCGACTT-1",0
"TGGTTAGTCTTGTATC-1",0
"TGGTTCCAGCCGTCGT-1",0
"TGGTTCCAGTAATCCC-1",7.86940922682997
"TGGTTCCCAAGTTGTC-1",0
"TGGTTCCCAGACAAAT-1",0
"TGGTTCCCAGACAGGT-1",12.8351777892684
"TGGTTCCCAGCTCGAC-1",0
"TGGTTCCCATGTCCTC-1",0
"TGGTTCCCATTTCACT-1",0
"TGGTTCCGTCCAAGTT-1",10.2243459866263
"TGGTTCCTCACATACG-1",6.76157521111773
"TGGTTCCTCAGCTTAG-1",0
"TGGTTCCTCTAACTTC-1",7.8400493567969
"TGGTTCCTCTAGAGTC-1",0
"TGGTTCCTCTGGGCCA-1",0
"TGTATTCAGCCCGAAA-1",0
"TGTATTCAGCGATCCC-1",6.95352181185289
"TGTATTCCAGGGCATA-1",0
"TGTATTCGTAAGAGAG-1",6.73775040190133
"TGTATTCGTTTGTTTC-1",9.72553080451342
"TGTATTCTCAGCATGT-1",6.44999363590874
"TGTATTCTCATCTGTT-1",7.94161489698928
"TGTCCCAAGCAGATCG-1",11.1552506926627
"TGTCCCAAGCTAGTTC-1",6.38844439022027
"TGTCCCAAGCTGAACG-1",0
"TGTCCCAAGTTGTCGT-1",0
"TGTCCCACAGTAAGCG-1",6.59868975139141
"TGTCCCACATCACGTA-1",0
"TGTCCCAGTAAGAGGA-1",8.71317291647933
"TGTCCCAGTAAGTGGC-1",6.60823378440848
"TGTCCCAGTCGGATCC-1",0
"TGTCCCATCATTTGGG-1",16.625125448993
"TGTCCCATCTGCAAGT-1",8.32108054026896
"TGTCCCATCTGCGTAA-1",11.2833185470368
"TGTGGTAGTCCCGACA-1",11.7704919377454
"TGTGGTAGTGTGAAAT-1",11.59781245987
"TGTGGTAGTGTGACGA-1",10.8099317796887
"TGTGGTATCCAGGGCT-1",0
"TGTGGTATCTTGCATT-1",10.3568482974928
"TGTGTTTAGAGGTTAT-1",0
"TGTGTTTAGCGTGAGT-1",0
"TGTGTTTAGTGCGTGA-1",8.77203932298066
"TGTGTTTCATGCGCAC-1",0
"TGTGTTTTCTCATTCA-1",11.4004126245661
"TGTGTTTTCTTTCCTC-1",7.14340535337208
"TGTTCCGAGAGCAATT-1",0
"TGTTCCGAGCAACGGT-1",6.54250528228993
"TGTTCCGAGGAATTAC-1",0
"TGTTCCGAGGACTGGT-1",0
"TGTTCCGCAGTGAGTG-1",0
"TGTTCCGGTGAGTATA-1",0
"TGTTCCGTCAAGCCTA-1",0
"TGTTCCGTCAGTTCGA-1",0
"TGTTCCGTCGGCGGTT-1",0
"TGTTCCGTCTGAAAGA-1",0
"TGTTCCGTCTGGTATG-1",0
"TTAACTCAGTGTACGG-1",0
"TTAACTCCAAGCGCTC-1",11.2833185470368
"TTAACTCCAGGCAGTA-1",9.01494153482702
"TTAACTCGTTCCACAA-1",0
"TTAACTCTCATAAAGG-1",6.64570964447814
"TTAACTCTCCCTCAGT-1",7.95998495219541
"TTAGGACAGCAGGCTA-1",6.59502788343028
"TTAGGACAGCTCTCGG-1",0
"TTAGGACCAAGCCATT-1",0
"TTAGGACCAGTCAGAG-1",0
"TTAGGACGTTTGTTTC-1",9.13524671705308
"TTAGGCAAGAAGATTC-1",7.06912819333644
"TTAGGCAAGAGCCCAA-1",0
"TTAGGCAAGAGTGACC-1",0
"TTAGGCAAGGTTCCTA-1",10.5846635830971
"TTAGGCAAGTCGTTTG-1",10.4199649496587
"TTAGGCAAGTGTACCT-1",0
"TTAGGCACAGACGCTC-1",0
"TTAGGCACATGTTCCC-1",0
"TTAGGCAGTAAGGATT-1",0
"TTAGGCAGTAAGTAGT-1",0
"TTAGGCAGTCTTGATG-1",0
"TTAGGCATCACGCATA-1",8.1435866298075
"TTAGGCATCAGTCAGT-1",0
"TTAGGCATCCAGTATG-1",0
"TTAGGCATCGTTACGA-1",0
"TTAGTTCAGGTGCAAC-1",8.69299739127332
"TTAGTTCCAATGTAAG-1",13.2670912597638
"TTAGTTCCATCCTTGC-1",10.049501808724
"TTAGTTCGTAGCCTAT-1",7.0523504722098
"TTAGTTCGTGCAGACA-1",0
"TTAGTTCGTGTCAATC-1",0
"TTAGTTCGTTGCCTCT-1",0
"TTAGTTCTCAGGCCCA-1",12.1414112125803
"TTAGTTCTCGCAGGCT-1",10.1128878297677
"TTAGTTCTCTACTATC-1",0
"TTATGCTAGAATGTGT-1",0
"TTATGCTAGCACACAG-1",0
"TTATGCTAGCAGCCTC-1",7.492251939556
"TTATGCTAGTCCCACG-1",0
"TTATGCTCAGCCAGAA-1",6.88322728925295
"TTATGCTCATACCATG-1",7.47771807924978
"TTATGCTCATGTAGTC-1",7.34149879207275
"TTATGCTGTCCGAGTC-1",12.1388828596871
"TTATGCTTCGATAGAA-1",0
"TTCCCAGAGAATTCCC-1",0
"TTCCCAGAGACTAGAT-1",0
"TTCCCAGAGTATCGAA-1",0
"TTCCCAGCAGATGGGT-1",11.8213500134035
"TTCCCAGCATCAGTAC-1",0
"TTCCCAGCATCTCCCA-1",7.91669618104676
"TTCCCAGCATTACCTT-1",0
"TTCCCAGTCAACACTG-1",0
"TTCCCAGTCGAGAGCA-1",0
"TTCGAAGAGTCTCAAC-1",9.45884037381897
"TTCGAAGCAAGCGCTC-1",0
"TTCGAAGCACATTAGC-1",0
"TTCGAAGCACGGTGTC-1",7.15374573241833
"TTCGGTCAGAGGACGG-1",0
"TTCGGTCAGCACACAG-1",0
"TTCGGTCAGGCCCTCA-1",0
"TTCGGTCAGTGAATTG-1",0
"TTCGGTCAGTTGAGAT-1",10.7951454255655
"TTCGGTCCAAGGGTCA-1",8.00496375633565
"TTCGGTCCACGTCAGC-1",0
"TTCGGTCGTAACGTTC-1",8.90867810228363
"TTCGGTCGTAGAGTGC-1",7.18317944357056
"TTCGGTCGTTCATGGT-1",0
"TTCGGTCGTTCTGTTT-1",0
"TTCGGTCTCAAAGACA-1",10.9918776810059
"TTCGGTCTCCAGTATG-1",8.39998715837003
"TTCGGTCTCGCGTTTC-1",7.95221068797876
"TTCGGTCTCGTCTGAA-1",0
"TTCTACAAGACTAAGT-1",13.830268004375
"TTCTACAAGCAGCCTC-1",6.60823378440848
"TTCTACAAGCCTTGAT-1",0
"TTCTACAAGGCAGGTT-1",0
"TTCTACAAGGTAAACT-1",0
"TTCTACAAGTTAGGTA-1",0
"TTCTACACACGTGAGA-1",6.81068731630409
"TTCTACACAGCTGTTA-1",14.9102564916784
"TTCTACACATCGATTG-1",9.2389588551799
"TTCTACACATTACGAC-1",7.15915397672554
"TTCTACAGTACCGTTA-1",6.52672858484559
"TTCTACAGTATATGAG-1",10.6570265090909
"TTCTACAGTGGCTCCA-1",9.01494153482702
"TTCTACATCAACGGGA-1",7.62812550177672
"TTCTACATCCGCGTTT-1",11.4982528190454
"TTCTCAAAGAAAGTGG-1",6.66477145636034
"TTCTCAAAGAATCTCC-1",10.7951454255655
"TTCTCAAAGAGGTTAT-1",0
"TTCTCAAAGCAGCCTC-1",6.5261068335139
"TTCTCAAAGCCGCCTA-1",6.90775633974393
"TTCTCAAAGTCAATAG-1",7.96568604221392
"TTCTCAAAGTTGAGAT-1",15.9035332535069
"TTCTCAACACCCAGTG-1",11.7995453599899
"TTCTCAACATTGTGCA-1",9.30615067400278
"TTCTCAAGTATAAACG-1",0
"TTCTCAAGTCCCTTGT-1",0
"TTCTCAAGTCGAGATG-1",0
"TTCTCAATCATCGCTC-1",0
"TTCTCAATCCCTAACC-1",0
"TTCTCAATCGTAGGAG-1",0
"TTCTCCTAGAGTAAGG-1",0
"TTCTCCTAGCGACGTA-1",7.603994657388
"TTCTCCTAGCGTGAGT-1",0
"TTCTCCTAGTCTCGGC-1",0
"TTCTCCTCAACACGCC-1",0
"TTCTCCTCAATAACGA-1",0
"TTCTCCTGTTAAGAAC-1",0
"TTCTCCTTCAGTTCGA-1",7.09188649648943
"TTCTCCTTCCGTAGGC-1",15.9035332535069
"TTCTCCTTCCTTTCTC-1",0
"TTCTCCTTCTGCAAGT-1",7.34149879207275
"TTCTCCTTCTTCAACT-1",0
"TTCTCCTTCTTGTACT-1",0
"TTCTTAGAGGACTGGT-1",0
"TTCTTAGCAAGGTGTG-1",0
"TTCTTAGCATCGGAAG-1",0
"TTCTTAGGTAGAAGGA-1",0
"TTCTTAGGTCATATGC-1",0
"TTCTTAGTCAGTTCGA-1",7.52095544836651
"TTGAACGGTCACTTCC-1",7.2437181755404
"TTGAACGTCATGTCCC-1",6.61245713092109
"TTGACTTAGCCACGTC-1",0
"TTGACTTAGCGACGTA-1",7.5834967156809
"TTGACTTAGTTAACGA-1",7.62812550177672
"TTGACTTCACTTACGA-1",6.65354539023222
"TTGACTTGTCTCTCTG-1",0
"TTGACTTGTGCGATAG-1",0
"TTGACTTTCCAGAGGA-1",10.2102170387093
"TTGACTTTCTGTCCGT-1",0
"TTGCCGTAGGAGCGTT-1",7.68118683281422
"TTGCCGTAGGTGGGTT-1",7.14340535337208
"TTGCCGTCATGGTCAT-1",6.59868975139141
"TTGCGTCAGACAGAGA-1",8.14086321318263
"TTGCGTCAGCTCCTTC-1",0
"TTGCGTCAGTCCATAC-1",0
"TTGCGTCAGTGAATTG-1",0
"TTGCGTCCAAATTGCC-1",7.73371387280738
"TTGCGTCCACTGTGTA-1",0
"TTGCGTCCAGTCACTA-1",0
"TTGCGTCGTCTGATTG-1",12.1414112125803
"TTGGAACAGCCCAATT-1",8.00496375633565
"TTGGAACAGCGTCTAT-1",10.1367502654784
"TTGGAACAGGCGTACA-1",0
"TTGGAACGTATTACCG-1",11.2701868095
"TTGGAACTCCCATTAT-1",0
"TTGGAACTCCGTAGTA-1",8.92827277091211
"TTGGAACTCGTCCAGG-1",0
"TTGGCAAAGTTAGGTA-1",6.66477145636034
"TTGGCAAGTATAGGTA-1",7.95221068797876
"TTGGCAATCACATGCA-1",0
"TTGGCAATCAGAGCTT-1",0
"TTGGCAATCGCATGAT-1",0
"TTGGCAATCTAGAGTC-1",9.63014715007916
"TTGTAGGAGGTGCTAG-1",7.492251939556
"TTGTAGGCACACGCTG-1",0
"TTGTAGGGTCTCCCTA-1",0
"TTGTAGGGTGGTAACG-1",7.09188649648943
"TTGTAGGTCGGCGCTA-1",0
"TTGTAGGTCTGCCAGG-1",7.2213360647581
"TTTACTGAGATCACGG-1",0
"TTTACTGCAAAGCAAT-1",0
"TTTACTGCACATGGGA-1",8.14450139932893
"TTTACTGCACCACGTG-1",0
"TTTACTGCATGGGACA-1",0
"TTTACTGCATGTCCTC-1",0
"TTTACTGGTAACGTTC-1",13.8575576892862
"TTTACTGGTGGTGTAG-1",0
"TTTACTGGTTCGCTAA-1",9.24160514520803
"TTTACTGTCTGGAGCC-1",12.0369494234125
"TTTATGCAGACTGTAA-1",0
"TTTATGCAGATGCGAC-1",9.55861803363614
"TTTATGCAGGCAAAGA-1",0
"TTTATGCAGGCCCGTT-1",7.94161489698928
"TTTATGCAGTTCCACA-1",0
"TTTATGCCAAACGCGA-1",9.18111318410205
"TTTATGCCAATCTGCA-1",6.43125501272149
"TTTATGCCACAGGTTT-1",0
"TTTATGCCAGCCAATT-1",0
"TTTATGCCAGGTCGTC-1",12.0369494234125
"TTTATGCCATGGTCAT-1",10.6085020896737
"TTTATGCTCACATAGC-1",0
"TTTATGCTCACCTTAT-1",0
"TTTATGCTCGGCGGTT-1",0
"TTTATGCTCTCGCTTG-1",10.2102170387093
"TTTCCTCAGCGTGAAC-1",0
"TTTCCTCAGGACTGGT-1",11.4476361406777
"TTTCCTCCAAAGTGCG-1",0
"TTTCCTCCAGGAATGC-1",0
"TTTCCTCCATTAGCCA-1",8.08781258578566
"TTTCCTCGTCCGAAGA-1",9.43944904574953
"TTTCCTCGTCGCTTTC-1",7.2872939665778
"TTTCCTCTCGGCCGAT-1",9.62840696567824
"TTTCCTCTCGTGTAGT-1",0
"TTTGCGCAGCTAAACA-1",8.92827277091211
"TTTGCGCAGCTAGTCT-1",7.79598435652704
"TTTGCGCAGGCCGAAT-1",8.57637520757371
"TTTGCGCAGTCAAGGC-1",6.9653849758758
"TTTGCGCCAAGTAGTA-1",0
"TTTGCGCCAGGTGCCT-1",0
"TTTGCGCGTCTAAACC-1",0
"TTTGCGCTCAAAGTAG-1",0
"TTTGCGCTCATGTAGC-1",9.43944904574953
"TTTGGTTAGAATGTGT-1",0
"TTTGGTTAGACAATAC-1",8.00496375633565
"TTTGGTTAGCGATTCT-1",6.6944068280879
"TTTGGTTAGGCTCAGA-1",7.15374573241833
"TTTGGTTAGTTACCCA-1",0
"TTTGGTTCAAACTGCT-1",10.1128878297677
"TTTGGTTCAAGCTGTT-1",8.51051607411829
"TTTGGTTCAGATCGGA-1",0
"TTTGGTTCATCACAAC-1",13.7204903745165
"TTTGGTTGTACTTCTT-1",10.1128878297677
"TTTGGTTGTATGCTTG-1",0
"TTTGGTTGTGCTTCTC-1",0
"TTTGGTTTCATGCTCC-1",0
"TTTGGTTTCCCTGACT-1",6.94774429257711
"TTTGTCAAGAGTCGGT-1",8.182355785117
"TTTGTCACAAGTTCTG-1",9.0798739749036
"TTTGTCACAAGTTGTC-1",0
"TTTGTCATCACCTTAT-1",0
"TTTGTCATCCATTCTA-1",0
"TTTGTCATCCTTAATC-1",0
"TTTGTCATCTTATCTG-1",0
