"cell_barcode","expression"
"AAACCTGAGACAGAGA-1",8.13023203628389
"AAACCTGAGACTTTCG-1",10.6196272133163
"AAACCTGAGAGTAAGG-1",7.80983197211417
"AAACCTGAGAGTCGGT-1",6.93302677854154
"AAACCTGAGGATGGAA-1",0
"AAACCTGAGTAGATGT-1",0
"AAACCTGCAATCAGAA-1",7.66071225017184
"AAACCTGCACCGATAT-1",0
"AAACCTGCAGACGTAG-1",9.1211695746097
"AAACCTGCAGTATCTG-1",9.42536154516312
"AAACCTGCATAGTAAG-1",13.32795295762
"AAACCTGCATGAACCT-1",0
"AAACCTGGTAAGAGGA-1",8.05986503219789
"AAACCTGGTCCAACTA-1",10.4892554667406
"AAACCTGTCCGTAGTA-1",11.7704255476792
"AAACCTGTCGAGAGCA-1",11.5218637975568
"AAACGGGAGTACGACG-1",8.19303706440787
"AAACGGGCAAGGTTTC-1",8.83422470918895
"AAACGGGCACGTCAGC-1",8.52455510640637
"AAACGGGCAGCGTTCG-1",6.87012118168036
"AAACGGGGTAGCCTCG-1",7.91942799034948
"AAACGGGGTCTACCTC-1",9.21896815786213
"AAACGGGGTGCGGTAA-1",0
"AAACGGGGTTGTCGCG-1",9.00195030757023
"AAACGGGTCCATGAGT-1",0
"AAACGGGTCCCAACGG-1",0
"AAACGGGTCCCATTAT-1",9.54198417265945
"AAAGATGCAGTCAGCC-1",0
"AAAGATGCATCTACGA-1",0
"AAAGCAAAGCGTCTAT-1",0
"AAAGCAACATGTCGAT-1",0
"AAAGCAAGTAGCTGCC-1",6.54601575986845
"AAAGCAAGTAGGCATG-1",0
"AAAGCAAGTGCGCTTG-1",0
"AAAGCAAGTTATTCTC-1",8.89262936391627
"AAAGCAATCCGTAGTA-1",0
"AAAGTAGAGATGTGTA-1",0
"AAAGTAGAGTGGGCTA-1",14.313233517899
"AAAGTAGGTATATGGA-1",0
"AAAGTAGGTGAGCGAT-1",0
"AAAGTAGGTTGAGGTG-1",0
"AAATGCCAGCCCTAAT-1",7.49165730789233
"AAATGCCAGCGTGTCC-1",0
"AAATGCCCAACACCTA-1",6.50221148467427
"AAATGCCGTAGGAGTC-1",7.16761024264923
"AAATGCCGTCTTTCAT-1",0
"AAATGCCGTGGTCCGT-1",0
"AAATGCCGTTCCCGAG-1",0
"AAATGCCTCATAGCAC-1",11.5007434274944
"AAATGCCTCGCTTAGA-1",0
"AACACGTAGAATTCCC-1",6.70855519001055
"AACACGTAGCCCTAAT-1",0
"AACACGTAGGGTGTGT-1",10.7737492909537
"AACACGTCACTGTCGG-1",17.829292590459
"AACACGTCATCCCATC-1",0
"AACACGTGTGCAACGA-1",5.99173679862229
"AACACGTGTGTCGCTG-1",8.30706597981144
"AACCATGAGCGCTTAT-1",6.53890248593842
"AACCATGGTCCGTTAA-1",6.54601575986845
"AACCATGTCAGTTCGA-1",6.69077586235589
"AACCATGTCATCGATG-1",8.35670189336335
"AACCATGTCCCAAGTA-1",10.6118327985924
"AACCGCGAGAAGCCCA-1",14.313233517899
"AACCGCGAGACTGGGT-1",8.89262936391627
"AACCGCGAGAGGTACC-1",0
"AACCGCGAGTTAGGTA-1",0
"AACCGCGAGTTGCAGG-1",0
"AACCGCGCACGGTAGA-1",0
"AACCGCGCAGCATGAG-1",0
"AACCGCGCAGCCTGTG-1",0
"AACCGCGCAGCTGTGC-1",9.84697478757156
"AACCGCGCAGTATGCT-1",6.55380136683221
"AACCGCGGTACTTGAC-1",0
"AACCGCGGTCTGCAAT-1",0
"AACCGCGTCACATGCA-1",0
"AACCGCGTCACCGTAA-1",7.28833213180475
"AACCGCGTCCAGAGGA-1",0
"AACCGCGTCCGAAGAG-1",9.50906217957682
"AACGTTGAGCGATAGC-1",7.1940350862169
"AACGTTGAGCGATCCC-1",0
"AACGTTGAGCTTATCG-1",9.84697478757156
"AACGTTGCAAGTTGTC-1",6.26484406691169
"AACGTTGCAATAGAGT-1",10.4892554667406
"AACGTTGCAATGGATA-1",6.49908524846163
"AACGTTGCATGGATGG-1",0
"AACGTTGCATTCTCAT-1",0
"AACGTTGTCAACACGT-1",6.13872359687991
"AACGTTGTCGAGGTAG-1",7.32049962608622
"AACGTTGTCGGTCCGA-1",0
"AACTCAGAGAGCTATA-1",0
"AACTCAGAGAGTCGGT-1",10.581568319266
"AACTCAGAGCCACCTG-1",0
"AACTCAGAGCCCAATT-1",0
"AACTCAGCAAACAACA-1",12.1378264964404
"AACTCAGCACAAGCCC-1",10.4533940765719
"AACTCAGCACGGTTTA-1",7.78005470849433
"AACTCAGCAGGATCGA-1",11.3685973967813
"AACTCAGCATAAAGGT-1",0
"AACTCAGGTTCCACAA-1",8.6468925719973
"AACTCAGTCGTACCGG-1",7.1940350862169
"AACTCCCAGCCCAGCT-1",0
"AACTCCCAGCTAAGAT-1",10.4136783766901
"AACTCCCCATGGTCTA-1",6.1206938092764
"AACTCCCGTTGCGCAC-1",0
"AACTCCCTCAAGAAGT-1",0
"AACTCCCTCAAGCCTA-1",0
"AACTCCCTCATCGCTC-1",9.45658265453769
"AACTCCCTCTGCAGTA-1",7.07133410081375
"AACTCCCTCTGGCGTG-1",11.3685973967813
"AACTCTTAGCAGACTG-1",0
"AACTCTTAGTCCGGTC-1",12.5567700547643
"AACTCTTCATGCTAGT-1",6.27490312282517
"AACTCTTGTCGAATCT-1",7.84433034888343
"AACTCTTGTCGGGTCT-1",0
"AACTCTTTCTCAAACG-1",8.37407802113875
"AACTCTTTCTCCAGGG-1",0
"AACTCTTTCTCTGCTG-1",0
"AACTGGTAGAAGATTC-1",6.06021172867472
"AACTGGTAGAGACTAT-1",0
"AACTGGTAGCCAACAG-1",6.93302677854154
"AACTGGTAGTGTACTC-1",10.9798901132675
"AACTGGTCACTGAAGG-1",10.6001822215961
"AACTGGTGTCCGAACC-1",7.53922361708442
"AACTGGTTCGGAGCAA-1",7.16761024264923
"AACTGGTTCGTGGGAA-1",6.78094543671747
"AACTGGTTCTGCTTGC-1",0
"AACTTTCAGCGTGAAC-1",0
"AACTTTCAGTATCTCG-1",6.43286000221843
"AACTTTCAGTTTCCTT-1",0
"AACTTTCCATCCTTGC-1",0
"AACTTTCGTCTAGAGG-1",0
"AACTTTCGTCTCTTTA-1",6.06021172867472
"AACTTTCGTTTGTTTC-1",0
"AAGACCTAGGGCTTCC-1",6.27490312282517
"AAGACCTAGTACACCT-1",0
"AAGACCTGTATATGAG-1",0
"AAGACCTGTATCAGTC-1",6.69190662842641
"AAGACCTGTCCGTGAC-1",8.35080766951977
"AAGACCTGTCGAAAGC-1",7.80983197211417
"AAGACCTTCGCCATAA-1",0
"AAGCCGCAGATCTGAA-1",6.04454163927868
"AAGCCGCAGGGTGTTG-1",6.54601575986845
"AAGCCGCAGTGGACGT-1",0
"AAGCCGCAGTGTACTC-1",0
"AAGCCGCCACGCTTTC-1",0
"AAGCCGCCAGGACGTA-1",9.28316119226135
"AAGCCGCGTACAGTTC-1",6.26484406691169
"AAGCCGCGTCATTAGC-1",6.50221148467427
"AAGCCGCTCACGAAGG-1",0
"AAGCCGCTCAGTTAGC-1",0
"AAGCCGCTCGCAAACT-1",0
"AAGCCGCTCGTCGTTC-1",0
"AAGCCGCTCTTACCGC-1",0
"AAGGAGCAGAAACCGC-1",0
"AAGGAGCAGGCATGTG-1",16.0729637262732
"AAGGAGCAGGCGCTCT-1",0
"AAGGAGCAGTTGAGTA-1",7.32049962608622
"AAGGAGCCACGGCGTT-1",0
"AAGGAGCGTCTGCAAT-1",8.14421963263533
"AAGGAGCTCGTCTGCT-1",0
"AAGGCAGAGAACTGTA-1",0
"AAGGCAGAGAGATGAG-1",9.84697478757156
"AAGGCAGAGGTGATAT-1",0
"AAGGCAGCATAGTAAG-1",0
"AAGGCAGGTACTTCTT-1",0
"AAGGCAGGTGTGCCTG-1",9.26732264960432
"AAGGCAGTCAGATAAG-1",0
"AAGGCAGTCGGAATCT-1",0
"AAGGTTCAGTATCTCG-1",12.5795758351515
"AAGGTTCCATCACGTA-1",14.004709184114
"AAGGTTCGTATATGGA-1",0
"AAGGTTCGTCCGAATT-1",9.07456160686358
"AAGGTTCGTCGACTAT-1",0
"AAGGTTCGTGTGACCC-1",6.6650439147396
"AAGGTTCTCCGTCATC-1",7.00152533218847
"AAGGTTCTCCTCGCAT-1",6.1206938092764
"AAGGTTCTCTGCGGCA-1",0
"AAGTCTGAGCCATCGC-1",0
"AAGTCTGAGTCAAGCG-1",10.9798901132675
"AAGTCTGCAAAGGAAG-1",7.75875480691923
"AAGTCTGGTCAGCTAT-1",0
"AAGTCTGTCAAACAAG-1",0
"AAGTCTGTCACTGGGC-1",8.35080766951977
"AAGTCTGTCAGCAACT-1",0
"AATCCAGCAAAGTGCG-1",0
"AATCCAGCAGCATACT-1",0
"AATCCAGGTAGGCATG-1",0
"AATCCAGGTCTCCCTA-1",0
"AATCCAGTCCGAATGT-1",0
"AATCGGTAGGCATGGT-1",0
"AATCGGTTCCTGTACC-1",0
"AATCGGTTCGCCGTGA-1",0
"ACACCAAAGATGAGAG-1",7.32313625038943
"ACACCAAAGCCCTAAT-1",0
"ACACCAAAGGATGGTC-1",8.56194030574053
"ACACCAAAGTGTCCAT-1",14.2471143767196
"ACACCAACACTTCGAA-1",7.60217667351124
"ACACCAACAGACGCTC-1",0
"ACACCAACAGCCTATA-1",11.7704255476792
"ACACCAAGTCGCGTGT-1",0
"ACACCAAGTCTAAACC-1",12.1378264964404
"ACACCAAGTTATGTGC-1",0
"ACACCAATCGCGTTTC-1",0
"ACACCCTAGCCAGGAT-1",0
"ACACCCTAGTACTTGC-1",7.48049643461265
"ACACCCTCAAGCGCTC-1",0
"ACACCCTCATCACAAC-1",0
"ACACCCTCATGCCCGA-1",0
"ACACCCTGTCTGGTCG-1",0
"ACACCCTTCCGCAAGC-1",8.19626171115299
"ACACCCTTCCTTGCCA-1",6.50221148467427
"ACACCCTTCTATCCTA-1",0
"ACACCCTTCTGGCGTG-1",0
"ACACCGGAGGCTCAGA-1",0
"ACACCGGAGTGACATA-1",13.1669237189585
"ACACCGGAGTTACCCA-1",0
"ACACCGGCACCAGATT-1",0
"ACACCGGCACCGAAAG-1",8.69419213248512
"ACACCGGCATCACAAC-1",9.68086084677
"ACACCGGTCCGCATAA-1",9.37065495235136
"ACACCGGTCTCGGACG-1",8.56194030574053
"ACACCGGTCTCTGTCG-1",9.60321335390884
"ACACTGAAGCACGCCT-1",0
"ACACTGAAGGTGATTA-1",7.78027111905014
"ACACTGACAATAGAGT-1",0
"ACACTGACAGACTCGC-1",6.83037286773495
"ACACTGACATCCAACA-1",0
"ACACTGAGTCCGAAGA-1",6.49908524846163
"ACACTGAGTGTTTGTG-1",6.50221148467427
"ACACTGAGTTTGACTG-1",12.6439357554927
"ACAGCCGAGGAATGGA-1",0
"ACAGCCGAGGCCCGTT-1",9.25117843336622
"ACAGCCGAGGTGCTTT-1",12.6405502588713
"ACAGCCGAGTGGTAGC-1",0
"ACAGCCGCATATACGC-1",0
"ACAGCCGCATGCAACT-1",0
"ACAGCCGGTAGGGTAC-1",0
"ACAGCCGGTCGAATCT-1",0
"ACAGCCGGTTCACCTC-1",0
"ACAGCCGGTTCCACTC-1",5.99173679862229
"ACAGCCGTCCAGAAGG-1",9.42536154516312
"ACAGCCGTCTTTACAC-1",7.59462537097542
"ACAGCTAAGCACCGCT-1",13.1669237189585
"ACAGCTAAGTATCTCG-1",0
"ACAGCTAAGTGTTGAA-1",9.41824962471534
"ACAGCTACATCGTCGG-1",10.0136556830252
"ACAGCTAGTCGACTAT-1",0
"ACAGCTAGTGGTACAG-1",12.1378264964404
"ACAGCTATCACCACCT-1",9.03458601280717
"ACAGCTATCTGCTTGC-1",0
"ACATACGAGAGCTTCT-1",7.14548180063427
"ACATACGAGCGTAGTG-1",0
"ACATACGAGCTTCGCG-1",7.1940350862169
"ACATACGAGCTTTGGT-1",0
"ACATACGCAAACGTGG-1",6.70855519001055
"ACATACGCAAGCCTAT-1",0
"ACATACGCATCTCCCA-1",6.88623757055721
"ACATACGCATTCTCAT-1",0
"ACATACGGTAGGAGTC-1",7.28496655139715
"ACATACGGTGCACCAC-1",7.18126865482897
"ACATACGGTGGTTTCA-1",0
"ACATACGTCGTATCAG-1",6.78678936269924
"ACATCAGAGCCACTAT-1",0
"ACATCAGAGCCTTGAT-1",0
"ACATCAGCAACACCCG-1",0
"ACATCAGCAACGATGG-1",14.2471143767196
"ACATCAGCAATTGCTG-1",0
"ACATCAGCACCGGAAA-1",0
"ACATCAGCATAAAGGT-1",0
"ACATCAGCATCCCACT-1",9.60321335390884
"ACATCAGCATTTGCCC-1",8.25553920578875
"ACATCAGGTAAGGATT-1",0
"ACATCAGGTCCGTGAC-1",0
"ACATCAGGTTAAGTAG-1",0
"ACATCAGTCAAACCGT-1",9.54198417265945
"ACATGGTAGCATGGCA-1",6.04454163927868
"ACATGGTAGCTGTTCA-1",0
"ACATGGTCACTTGGAT-1",12.8643224961039
"ACATGGTGTCAGATAA-1",0
"ACATGGTGTCTGCGGT-1",0
"ACATGGTGTGCAACTT-1",0
"ACATGGTTCCGCAAGC-1",0
"ACATGGTTCCTCCTAG-1",6.70426825122439
"ACATGGTTCTGGAGCC-1",0
"ACATGGTTCTTCTGGC-1",0
"ACCAGTAAGATCACGG-1",6.69190662842641
"ACCAGTAAGCTTCGCG-1",0
"ACCAGTACACAGATTC-1",0
"ACCAGTACACAGGCCT-1",9.48444836515334
"ACCAGTACAGTATGCT-1",0
"ACCAGTACAGTCAGAG-1",0
"ACCAGTACAGTTTACG-1",0
"ACCAGTAGTCACCCAG-1",0
"ACCAGTAGTCCATCCT-1",0
"ACCAGTAGTCTTCAAG-1",7.60217667351124
"ACCAGTAGTGGACGAT-1",8.4325136221084
"ACCAGTATCTGCGACG-1",7.24248168751319
"ACCAGTATCTGCTTGC-1",6.69190662842641
"ACCAGTATCTGTTTGT-1",9.41824962471534
"ACCCACTAGAGGTTAT-1",7.49165730789233
"ACCCACTAGATCCCGC-1",11.3090426919923
"ACCCACTAGATGTGTA-1",7.78615094744564
"ACCCACTAGCCCAATT-1",8.49684233118872
"ACCCACTCAAGGGTCA-1",0
"ACCCACTCAAGGTTCT-1",6.04454163927868
"ACCCACTGTAAATGAC-1",0
"ACCCACTGTAGCCTCG-1",12.5567700547643
"ACCCACTGTCAAAGAT-1",12.2397486356815
"ACCCACTGTCAATACC-1",0
"ACCCACTGTGTGGTTT-1",0
"ACCCACTTCGCAAACT-1",14.5263385956948
"ACCCACTTCTGCCAGG-1",7.14087233063248
"ACCGTAACAATCGGTT-1",0
"ACCGTAACAATCTACG-1",10.581568319266
"ACCGTAACAGGTCCAC-1",0
"ACCGTAAGTACAGCAG-1",0
"ACCGTAAGTCATGCAT-1",0
"ACCGTAAGTGAGTGAC-1",0
"ACCGTAAGTTAAGAAC-1",8.83422470918895
"ACCGTAAGTTCCGTCT-1",6.41022341276518
"ACCGTAATCACATAGC-1",6.06021172867472
"ACCGTAATCATGTGGT-1",9.60321335390884
"ACCGTAATCTGAAAGA-1",0
"ACCTTTACAATCGGTT-1",9.83699341882392
"ACCTTTACACGGACAA-1",0
"ACCTTTACAGCAGTTT-1",8.04434519939641
"ACCTTTACATGCAACT-1",7.24515946579296
"ACCTTTACATTTCAGG-1",9.98951117479788
"ACCTTTAGTGAACCTT-1",7.0631230778199
"ACCTTTAGTTCCACTC-1",0
"ACCTTTATCTCTAGGA-1",10.1482715322816
"ACGAGCCAGGCAGGTT-1",0
"ACGAGCCCACAGGCCT-1",0
"ACGAGCCCATGGAATA-1",0
"ACGAGCCGTGCACGAA-1",6.51158148660855
"ACGAGCCGTGTGACCC-1",0
"ACGAGCCGTTGGTTTG-1",0
"ACGAGCCTCAGTCCCT-1",7.49193656693329
"ACGAGCCTCGCAAACT-1",0
"ACGAGGACACTACAGT-1",9.42536154516312
"ACGAGGACATGTAGTC-1",0
"ACGAGGAGTACACCGC-1",0
"ACGAGGAGTGCCTGCA-1",6.6650439147396
"ACGAGGAGTTCTGAAC-1",0
"ACGAGGATCTGCGGCA-1",0
"ACGATACAGAGTGACC-1",0
"ACGATACAGCGCCTTG-1",8.985820343523
"ACGATACCACGTTGGC-1",6.6650439147396
"ACGATACCATTGGGCC-1",0
"ACGATACGTCGAATCT-1",6.86747274708021
"ACGATACTCTGACCTC-1",0
"ACGATGTAGTGCGATG-1",0
"ACGATGTAGTTGAGAT-1",8.49674820528115
"ACGATGTCAACGCACC-1",0
"ACGATGTCACACGCTG-1",7.1940350862169
"ACGATGTGTATTCTCT-1",6.76557604394042
"ACGATGTGTCAGTGGA-1",0
"ACGATGTGTGACTACT-1",0
"ACGATGTGTGTCGCTG-1",7.29487944680514
"ACGATGTTCGCGTAGC-1",0
"ACGATGTTCTCTTATG-1",0
"ACGCAGCAGCGGCTTC-1",0
"ACGCAGCAGCTGCGAA-1",0
"ACGCAGCAGTGTACGG-1",9.52001428326057
"ACGCAGCCACCTCGTT-1",10.6196272133163
"ACGCAGCCATCGACGC-1",12.6439357554927
"ACGCAGCCATTACCTT-1",0
"ACGCAGCGTCCATGAT-1",11.3398657593924
"ACGCAGCGTCTACCTC-1",0
"ACGCAGCGTCTGGTCG-1",0
"ACGCAGCGTGCGATAG-1",0
"ACGCCAGCAAAGCAAT-1",7.71445106932045
"ACGCCAGCAACGCACC-1",0
"ACGCCAGCACGAGAGT-1",0
"ACGCCAGCAGTGAGTG-1",0
"ACGCCAGGTGCACTTA-1",7.59462537097542
"ACGCCAGGTGTGCGTC-1",0
"ACGCCAGTCACAGGCC-1",0
"ACGCCAGTCAGTGTTG-1",9.21896815786213
"ACGCCGAAGAAACGCC-1",8.52482103598953
"ACGCCGAAGATCTGCT-1",0
"ACGCCGACAGCCTGTG-1",0
"ACGCCGAGTTCCAACA-1",0
"ACGCCGATCCTATGTT-1",0
"ACGCCGATCGCAGGCT-1",0
"ACGCCGATCTTGTATC-1",0
"ACGGAGAAGCCAGTTT-1",0
"ACGGAGACACACATGT-1",0
"ACGGAGACAGCCTGTG-1",7.53716553228606
"ACGGAGACAGCGTAAG-1",0
"ACGGAGACAGTAAGCG-1",0
"ACGGAGAGTGTGACGA-1",0
"ACGGAGATCCACGAAT-1",0
"ACGGCCACACATCCAA-1",12.5964401785322
"ACGGCCACACATTCGA-1",0
"ACGGCCAGTACCGTAT-1",7.1940350862169
"ACGGCCAGTGTATGGG-1",7.14043804943586
"ACGGCCATCACGGTTA-1",0
"ACGGCCATCAGTGTTG-1",6.78094543671747
"ACGGCCATCTACTATC-1",6.83037286773495
"ACGGGCTAGGATCGCA-1",0
"ACGGGCTAGGTTCCTA-1",14.3337564862163
"ACGGGCTAGTGGCACA-1",11.5218637975568
"ACGGGCTCATCTGGTA-1",6.69190662842641
"ACGGGCTGTGAGGCTA-1",7.22590964589408
"ACGGGCTTCCGAACGC-1",6.93302677854154
"ACGGGTCAGATGCCAG-1",7.14548180063427
"ACGGGTCCATGATCCA-1",0
"ACGGGTCCATTAGGCT-1",0
"ACGGGTCCATTTCACT-1",0
"ACGGGTCGTTAGGGTG-1",0
"ACGGGTCTCAACACCA-1",6.49908524846163
"ACGGGTCTCCACGCAG-1",0
"ACGTCAAAGGGCTTCC-1",0
"ACGTCAAAGTGGTAAT-1",8.89262936391627
"ACGTCAACAACTGCGC-1",0
"ACGTCAACACAAGACG-1",10.095208711216
"ACGTCAAGTAGCTCCG-1",7.49165730789233
"ACGTCAAGTGTCGCTG-1",8.25553920578875
"ACGTCAAGTTATGCGT-1",0
"ACGTCAATCAACCAAC-1",9.42536154516312
"ACGTCAATCATAACCG-1",6.86806982704744
"ACGTCAATCCAGAAGG-1",9.07456160686358
"ACGTCAATCTAACTCT-1",0
"ACTATCTAGAGGTTAT-1",12.8643224961039
"ACTATCTAGATACACA-1",0
"ACTATCTAGGAGTAGA-1",10.1742809147383
"ACTATCTAGGCATGTG-1",16.3039714557877
"ACTATCTCAAATACAG-1",0
"ACTATCTCAAATTGCC-1",16.7624198201899
"ACTATCTGTAGGGACT-1",0
"ACTATCTGTCGCGTGT-1",0
"ACTATCTGTGCACGAA-1",0
"ACTATCTGTGGTTTCA-1",0
"ACTATCTTCGCCGTGA-1",0
"ACTGAACAGAGTGAGA-1",0
"ACTGAACAGATCCCGC-1",9.5509340952342
"ACTGAACAGGTGATAT-1",7.57968199538034
"ACTGAACCAAAGCGGT-1",0
"ACTGAACCAAGCGAGT-1",0
"ACTGAACCAATTCCTT-1",11.3398657593924
"ACTGAACCAGCTGGCT-1",0
"ACTGAACCAGTCTTCC-1",11.7704255476792
"ACTGAACCATTACCTT-1",6.36022268652645
"ACTGAACGTAAGCACG-1",0
"ACTGAACGTAATCGTC-1",7.42181632120337
"ACTGAACGTCCAGTAT-1",10.4336906084427
"ACTGAACGTCTGATCA-1",0
"ACTGAACTCCCACTTG-1",8.2495550947513
"ACTGAGTAGCCGGTAA-1",7.27352902858809
"ACTGAGTCAGTGGGAT-1",6.83037286773495
"ACTGAGTCATTTGCCC-1",8.49055792144433
"ACTGAGTGTAGAGCTG-1",7.2653481248584
"ACTGAGTGTTGTGGCC-1",9.03458601280717
"ACTGAGTTCAGGTTCA-1",0
"ACTGATGAGACAGACC-1",0
"ACTGATGAGCGGATCA-1",11.4251414423756
"ACTGATGAGGTGCTTT-1",0
"ACTGATGCAGCAGTTT-1",6.84301424163009
"ACTGATGCATCACAAC-1",0
"ACTGATGGTCATGCAT-1",7.75875480691923
"ACTGATGTCACAATGC-1",0
"ACTGATGTCACTCCTG-1",0
"ACTGATGTCCCTGACT-1",7.71445106932045
"ACTGATGTCCGCTGTT-1",10.9798901132675
"ACTGATGTCCGGCACA-1",7.0099246870968
"ACTGATGTCCTATTCA-1",8.72360913594449
"ACTGCTCAGAGCTTCT-1",0
"ACTGCTCAGATGCCTT-1",10.7071593156081
"ACTGCTCCACACCGCA-1",7.32313625038943
"ACTGCTCCAGATGGGT-1",12.2635371479406
"ACTGCTCCATGCCTAA-1",6.78678936269924
"ACTGCTCGTAGGCATG-1",8.01503373861712
"ACTGCTCGTATCACCA-1",0
"ACTGCTCGTCCGAAGA-1",0
"ACTGCTCTCCGAGCCA-1",0
"ACTGTCCAGAGGGCTT-1",0
"ACTGTCCAGCAGCGTA-1",8.44236758544808
"ACTGTCCAGGCATGGT-1",7.59462537097542
"ACTGTCCCAAGGTTTC-1",6.70855519001055
"ACTGTCCCAAGTACCT-1",11.3398657593924
"ACTGTCCCAGTATCTG-1",0
"ACTGTCCCATAGAAAC-1",0
"ACTGTCCGTTGAGGTG-1",7.23243886638913
"ACTGTCCTCCACGTGG-1",0
"ACTGTCCTCCTTGGTC-1",10.9798901132675
"ACTGTCCTCTCTGTCG-1",9.16371488123911
"ACTTACTAGCGATAGC-1",0
"ACTTACTAGGGATGGG-1",0
"ACTTACTCACAGACAG-1",8.12968559389902
"ACTTACTCACATTTCT-1",0
"ACTTACTGTACTCAAC-1",10.6196272133163
"ACTTACTGTTCCACAA-1",9.5509340952342
"ACTTACTTCATCGGAT-1",0
"ACTTGTTAGACAAGCC-1",0
"ACTTGTTAGCTAGCCC-1",0
"ACTTGTTAGTTACCCA-1",0
"ACTTGTTCACGACGAA-1",0
"ACTTGTTCACGGCTAC-1",7.33358838377776
"ACTTGTTGTATCGCAT-1",0
"ACTTGTTGTGGTAACG-1",9.98951117479788
"ACTTGTTGTTGTGGAG-1",7.59462537097542
"ACTTGTTTCATCACCC-1",0
"ACTTTCACATGGTCAT-1",0
"ACTTTCAGTGACTACT-1",0
"ACTTTCATCGCCAGCA-1",6.42093403800011
"AGAATAGAGCTGAACG-1",0
"AGAATAGAGCTGTCTA-1",10.1636307795554
"AGAATAGAGGTAGCTG-1",9.41824962471534
"AGAATAGCATGGTCTA-1",6.55380136683221
"AGAATAGGTATTCTCT-1",9.54198417265945
"AGAATAGGTGCGGTAA-1",0
"AGAATAGGTTAAGAAC-1",0
"AGAATAGTCAGGCCCA-1",0
"AGACGTTAGAATGTGT-1",0
"AGACGTTAGCTCCTCT-1",0
"AGACGTTAGTGCCAGA-1",0
"AGACGTTCAGGATCGA-1",7.9943768259041
"AGACGTTGTAGCTGCC-1",7.53946926524068
"AGACGTTGTCTGCAAT-1",0
"AGACGTTGTTCTGTTT-1",7.32049962608622
"AGACGTTTCGCATGGC-1",0
"AGACGTTTCGCTTAGA-1",0
"AGAGCGACAACTTGAC-1",0
"AGAGCGACAAGTACCT-1",0
"AGAGCGACACAACGTT-1",6.83037286773495
"AGAGCGACATGAGCGA-1",6.04360040556293
"AGAGCGAGTCAGTGGA-1",0
"AGAGCGAGTCGACTGC-1",5.98973392833138
"AGAGCGAGTTGAGTTC-1",13.5922884276347
"AGAGCGATCGCGTAGC-1",12.5567700547643
"AGAGCGATCTATCCTA-1",8.04434519939641
"AGAGCGATCTCGCTTG-1",0
"AGAGCTTAGCCGTCGT-1",0
"AGAGCTTAGTACACCT-1",0
"AGAGCTTAGTCATGCT-1",0
"AGAGCTTGTAGAGCTG-1",0
"AGAGCTTGTATCACCA-1",6.68448001706735
"AGAGCTTTCACTATTC-1",8.11793412803969
"AGAGCTTTCCTGCAGG-1",8.89262936391627
"AGAGCTTTCGCAAACT-1",6.6650439147396
"AGAGCTTTCGCTTAGA-1",8.96980326085502
"AGAGTGGAGAGCCTAG-1",0
"AGAGTGGAGGCCCTTG-1",7.69164162039992
"AGAGTGGAGGTACTCT-1",0
"AGAGTGGCACAAGACG-1",0
"AGAGTGGCACCTCGTT-1",0
"AGAGTGGCATCCGGGT-1",0
"AGAGTGGCATCTGGTA-1",0
"AGAGTGGGTCAGCTAT-1",8.22903891334019
"AGAGTGGGTCCTCCAT-1",7.32049962608622
"AGAGTGGGTCTAGTCA-1",0
"AGAGTGGGTTACCGAT-1",0
"AGATCTGAGGTGGGTT-1",0
"AGATCTGAGTCAAGGC-1",0
"AGATCTGCAATGTTGC-1",0
"AGATCTGTCGAATCCA-1",8.62352530318311
"AGATCTGTCTGCAGTA-1",12.8643224961039
"AGATTGCAGGCTACGA-1",12.6509503628581
"AGATTGCCACGACGAA-1",0
"AGATTGCCAGATGGGT-1",0
"AGATTGCGTAGAGCTG-1",9.35494035761524
"AGATTGCGTGATGTCT-1",0
"AGATTGCGTGTTCGAT-1",0
"AGATTGCGTTCACGGC-1",0
"AGATTGCTCACTGGGC-1",0
"AGATTGCTCATCTGTT-1",0
"AGCAGCCAGCTGATAA-1",6.6650439147396
"AGCAGCCCACCGAAAG-1",0
"AGCAGCCGTCGACTGC-1",0
"AGCAGCCGTCGCTTTC-1",0
"AGCAGCCGTCTAACGT-1",0
"AGCAGCCGTGTGAAAT-1",7.92984193919307
"AGCAGCCGTTTGTTGG-1",0
"AGCAGCCTCCAAACAC-1",10.8434188669526
"AGCATACAGTGGTAGC-1",0
"AGCATACAGTTGTCGT-1",9.03458601280717
"AGCATACGTCTTCTCG-1",6.06021172867472
"AGCATACGTTAAGTAG-1",12.658799593173
"AGCATACTCCGTTGCT-1",0
"AGCCTAAAGATATGGT-1",0
"AGCCTAACAAAGCGGT-1",0
"AGCCTAACAGATAATG-1",0
"AGCCTAAGTACGAAAT-1",0
"AGCCTAAGTCACCTAA-1",0
"AGCCTAAGTGTGCCTG-1",6.57341630863726
"AGCCTAATCACCCGAG-1",0
"AGCCTAATCCAATGGT-1",8.3270069352377
"AGCCTAATCCTTGGTC-1",6.6916683808092
"AGCCTAATCTGTGCAA-1",0
"AGCCTAATCTGTTTGT-1",0
"AGCGGTCAGCGAAGGG-1",0
"AGCGGTCAGGTACTCT-1",0
"AGCGGTCAGTGACTCT-1",7.91942799034948
"AGCGGTCCAGCCTTGG-1",12.4154362825818
"AGCGGTCGTCCTAGCG-1",0
"AGCGGTCGTGGTGTAG-1",0
"AGCGGTCGTTAAGGGC-1",6.68448001706735
"AGCGGTCGTTTGCATG-1",0
"AGCGGTCTCCGAAGAG-1",8.89262936391627
"AGCGGTCTCCTCAATT-1",0
"AGCGGTCTCTGGGCCA-1",0
"AGCGTATAGAACTGTA-1",6.43286000221843
"AGCGTATAGCGATGAC-1",10.2284416331658
"AGCGTATAGGTACTCT-1",8.89262936391627
"AGCGTATGTTGAGGTG-1",0
"AGCGTATTCCAGAGGA-1",0
"AGCGTCGAGTTGAGTA-1",0
"AGCGTCGCAGGGATTG-1",0
"AGCGTCGTCTGAAAGA-1",0
"AGCTCCTAGACCTAGG-1",0
"AGCTCCTAGCGTTTAC-1",0
"AGCTCCTGTGTTTGTG-1",6.84301424163009
"AGCTCCTGTTGTCTTT-1",6.54601575986845
"AGCTCCTTCCGAATGT-1",9.42536154516312
"AGCTCCTTCTTGACGA-1",6.57341630863726
"AGCTCTCAGCGGATCA-1",9.42536154516312
"AGCTCTCAGCTGTTCA-1",0
"AGCTCTCAGGTGCTAG-1",0
"AGCTCTCCATACAGCT-1",0
"AGCTCTCGTCAGAGGT-1",0
"AGCTCTCGTGGGTCAA-1",0
"AGCTCTCTCACAACGT-1",10.4336906084427
"AGCTCTCTCTTGACGA-1",8.14421963263533
"AGCTTGAAGCATCATC-1",0
"AGCTTGAAGTAGCGGT-1",8.63832121221915
"AGCTTGAAGTTGTCGT-1",0
"AGCTTGACAATCCAAC-1",0
"AGCTTGACACCGATAT-1",0
"AGCTTGAGTCTACCTC-1",0
"AGCTTGAGTGCGCTTG-1",7.44670103124804
"AGCTTGAGTTACGCGC-1",0
"AGCTTGATCCTGCCAT-1",9.18915661795623
"AGCTTGATCTGCAAGT-1",0
"AGGCCACAGAGTAAGG-1",0
"AGGCCACAGGGTCTCC-1",0
"AGGCCACAGTACTTGC-1",0
"AGGCCACCAGGACCCT-1",0
"AGGCCACCATCAGTCA-1",0
"AGGCCACTCATGCTCC-1",0
"AGGCCACTCATTGCGA-1",0
"AGGCCGTAGGATCGCA-1",11.3258579068182
"AGGCCGTCACGTAAGG-1",6.22027520442433
"AGGCCGTCAGCTCGAC-1",0
"AGGCCGTCATCGTCGG-1",0
"AGGCCGTTCACGGTTA-1",0
"AGGCCGTTCGAACTGT-1",0
"AGGCCGTTCTCAAGTG-1",0
"AGGCCGTTCTGCTTGC-1",10.6196272133163
"AGGGAGTAGCCCAACC-1",0
"AGGGAGTAGGAGTACC-1",9.26732264960432
"AGGGAGTAGGCAGGTT-1",0
"AGGGAGTCACGAGAGT-1",0
"AGGGAGTCAGAAGCAC-1",0
"AGGGAGTCAGATCCAT-1",10.0136556830252
"AGGGAGTCATCGACGC-1",8.59305177952028
"AGGGAGTCATGCTAGT-1",0
"AGGGAGTGTCCATGAT-1",12.1378264964404
"AGGGAGTTCATAACCG-1",0
"AGGGATGAGCTCTCGG-1",11.7704255476792
"AGGGATGAGGAGTAGA-1",0
"AGGGATGAGTAGCGGT-1",0
"AGGGATGCAATGAATG-1",6.76557604394042
"AGGGATGCAATGGAGC-1",0
"AGGGATGCACAAGACG-1",10.1742809147383
"AGGGATGCACATTTCT-1",0
"AGGGATGCATGGTCTA-1",0
"AGGGATGGTTAAAGTG-1",7.80983197211417
"AGGGATGGTTATGCGT-1",0
"AGGGATGTCGTGACAT-1",7.52579797246929
"AGGGTGAAGATGGCGT-1",0
"AGGGTGAAGATGGGTC-1",10.8174286646345
"AGGGTGAAGGCTCAGA-1",0
"AGGGTGACACGAGAGT-1",0
"AGGGTGACAGATGGCA-1",7.59462537097542
"AGGGTGACAGATTGCT-1",12.8643224961039
"AGGGTGAGTACTCTCC-1",0
"AGGGTGAGTTATCGGT-1",0
"AGGGTGAGTTCTGAAC-1",8.49055792144433
"AGGGTGATCTCGCTTG-1",10.581568319266
"AGGTCATAGAGCCCAA-1",0
"AGGTCATAGCCAGAAC-1",10.4136783766901
"AGGTCATAGGCATGGT-1",0
"AGGTCATAGGGAGTAA-1",0
"AGGTCATCACTCAGGC-1",0
"AGGTCATCACTCTGTC-1",6.41585415388109
"AGGTCATGTTCCACTC-1",0
"AGGTCATTCTCGTTTA-1",10.4533940765719
"AGGTCCGAGGATGCGT-1",12.3003449771529
"AGGTCCGGTGATGCCC-1",12.8643224961039
"AGGTCCGTCCATGAAC-1",14.004709184114
"AGGTCCGTCGCCCTTA-1",6.88623757055721
"AGGTCCGTCTGCGTAA-1",10.7737492909537
"AGTAGTCAGACTGTAA-1",0
"AGTAGTCAGTACGACG-1",12.3210519077992
"AGTAGTCAGTTTAGGA-1",0
"AGTAGTCCAACTGGCC-1",10.6196272133163
"AGTAGTCGTGCAGACA-1",0
"AGTAGTCTCACCCGAG-1",7.29135490824913
"AGTCTTTAGGCAGTCA-1",0
"AGTCTTTCAAATCCGT-1",6.22027520442433
"AGTCTTTCATATACCG-1",6.57946830490631
"AGTCTTTGTGCTTCTC-1",7.2653481248584
"AGTCTTTGTGTCCTCT-1",7.91942799034948
"AGTCTTTTCGCAGGCT-1",8.11793412803969
"AGTCTTTTCGCGTAGC-1",10.1636307795554
"AGTCTTTTCGCTAGCG-1",12.6439357554927
"AGTCTTTTCGCTTGTC-1",8.35080766951977
"AGTCTTTTCTGACCTC-1",8.22515025051457
"AGTGAGGAGATAGCAT-1",7.91942799034948
"AGTGAGGCAGGTGCCT-1",0
"AGTGAGGGTATGAAAC-1",0
"AGTGAGGGTCACTTCC-1",0
"AGTGAGGGTCGCGAAA-1",0
"AGTGAGGGTTATGTGC-1",9.60321335390884
"AGTGAGGTCTACTATC-1",6.78678936269924
"AGTGGGAAGCAGACTG-1",6.06021172867472
"AGTGGGACAAACGCGA-1",0
"AGTGGGACAAGCCGTC-1",0
"AGTGGGACACAGGAGT-1",6.53890248593842
"AGTGGGACACGAGAGT-1",6.57946830490631
"AGTGGGATCATCGATG-1",7.49165730789233
"AGTGGGATCCACGAAT-1",0
"AGTGGGATCCTGCAGG-1",11.3090426919923
"AGTGTCAAGAAGCCCA-1",9.7209304843135
"AGTGTCAAGCTAGTCT-1",0
"AGTGTCAAGTACGACG-1",0
"AGTGTCAAGTGAACAT-1",0
"AGTGTCACACCATCCT-1",0
"AGTGTCACAGTAAGCG-1",0
"AGTGTCACAGTGGAGT-1",0
"AGTGTCAGTAAACCTC-1",0
"AGTGTCAGTACAGCAG-1",10.6196272133163
"AGTGTCAGTCTCCACT-1",0
"AGTGTCAGTTTGACTG-1",12.6439357554927
"AGTGTCATCAAAGTAG-1",12.9437617192814
"AGTGTCATCCGTCAAA-1",8.83422470918895
"AGTGTCATCGTTACAG-1",8.69419213248512
"AGTGTCATCTGTCAAG-1",0
"AGTTGGTAGACTGTAA-1",10.4336906084427
"AGTTGGTAGTACGCGA-1",0
"AGTTGGTCAAATTGCC-1",0
"AGTTGGTCAGGAATGC-1",6.06021172867472
"AGTTGGTCATGCGCAC-1",0
"AGTTGGTGTACCGTAT-1",10.4892554667406
"AGTTGGTGTATGCTTG-1",8.11793412803969
"AGTTGGTGTCAGGACA-1",9.21896815786213
"AGTTGGTGTTCAGACT-1",9.70049194157847
"AGTTGGTTCAGTACGT-1",8.14421963263533
"AGTTGGTTCCTCAACC-1",0
"AGTTGGTTCGTACCGG-1",6.57341630863726
"AGTTGGTTCTGTCCGT-1",11.3398657593924
"ATAACGCAGTTGAGTA-1",6.55380136683221
"ATAACGCCACGTGAGA-1",0
"ATAACGCGTGAACCTT-1",9.07456160686358
"ATAACGCGTGTCCTCT-1",0
"ATAACGCGTGTGAAAT-1",0
"ATAACGCTCTCCGGTT-1",9.07456160686358
"ATAAGAGAGTCCGGTC-1",10.7737492909537
"ATAAGAGCAACTGCGC-1",6.54601575986845
"ATAAGAGCAGTATCTG-1",9.70049194157847
"ATAAGAGGTGACGCCT-1",0
"ATAAGAGGTTAAAGTG-1",0
"ATAAGAGTCAGCACAT-1",9.26732264960432
"ATAAGAGTCAGTGCAT-1",0
"ATAGACCAGAGAGCTC-1",0
"ATAGACCAGCCCAATT-1",0
"ATAGACCCAAGCCATT-1",0
"ATAGACCCATCTGGTA-1",6.04454163927868
"ATAGACCGTATATGGA-1",0
"ATAGACCGTGGACGAT-1",0
"ATAGACCGTGGCGAAT-1",6.68448001706735
"ATAGACCGTTTCGCTC-1",0
"ATCACGAAGAACTCGG-1",0
"ATCACGAAGACACGAC-1",0
"ATCACGAAGTTACCCA-1",0
"ATCACGACAAGACACG-1",0
"ATCACGACAAGCGTAG-1",0
"ATCACGACACACATGT-1",0
"ATCACGACACCACCAG-1",0
"ATCACGACACGGTAAG-1",7.22590964589408
"ATCACGACAGCGAACA-1",9.35494035761524
"ATCACGATCCCGACTT-1",0
"ATCACGATCGGTGTCG-1",0
"ATCATCTAGCCTATGT-1",16.3039714557877
"ATCATCTAGGCCATAG-1",8.49055792144433
"ATCATCTAGTACTTGC-1",7.80983197211417
"ATCATCTCAGACGCCT-1",0
"ATCATCTCATCCGTGG-1",0
"ATCATCTGTATTACCG-1",0
"ATCATCTGTCACTTCC-1",0
"ATCATCTTCAGCGACC-1",0
"ATCATCTTCCTCAACC-1",7.91942799034948
"ATCATGGCAAGCGTAG-1",0
"ATCATGGCAAGGTTCT-1",0
"ATCATGGCACTACAGT-1",12.6509503628581
"ATCATGGGTAAGGGAA-1",10.1482715322816
"ATCATGGGTTGTGGCC-1",8.04434519939641
"ATCATGGTCAATAAGG-1",0
"ATCATGGTCCAATGGT-1",10.9798901132675
"ATCATGGTCGCCATAA-1",9.98951117479788
"ATCATGGTCGGTTAAC-1",8.30706597981144
"ATCCACCAGCTAGTCT-1",6.70426825122439
"ATCCACCAGGCTCTTA-1",0
"ATCCACCCAAACGTGG-1",0
"ATCCACCCAGTTAACC-1",9.41824962471534
"ATCCACCGTCCGAAGA-1",14.9325841425493
"ATCCACCGTTTGTTTC-1",10.9042969310346
"ATCCACCTCCTGCTTG-1",0
"ATCCACCTCCTTAATC-1",8.91383021353995
"ATCCACCTCTGGTATG-1",6.19876915374365
"ATCCGAAAGCGATGAC-1",0
"ATCCGAAAGCTAGGCA-1",6.1206938092764
"ATCCGAACAAACGTGG-1",0
"ATCCGAACAACAACCT-1",11.3398657593924
"ATCCGAACAAGGACTG-1",10.1636307795554
"ATCCGAACACCCATTC-1",0
"ATCCGAACACGGTAGA-1",11.3398657593924
"ATCCGAAGTAGCGCTC-1",10.4336906084427
"ATCCGAAGTCATTAGC-1",0
"ATCCGAAGTCTCTTAT-1",0
"ATCCGAATCCAACCAA-1",0
"ATCCGAATCCTTGACC-1",7.0631230778199
"ATCCGAATCTTGTCAT-1",0
"ATCGAGTAGACTTTCG-1",8.3270069352377
"ATCGAGTCATCCGGGT-1",0
"ATCGAGTGTCCCTTGT-1",0
"ATCGAGTGTCTCCCTA-1",0
"ATCGAGTTCATGCATG-1",9.83634340731125
"ATCGAGTTCCTGCCAT-1",8.3270069352377
"ATCTACTAGGTGTGGT-1",12.1683566318259
"ATCTACTCAGCTGTAT-1",0
"ATCTACTCAGTACACT-1",0
"ATCTACTCATGACATC-1",6.68448001706735
"ATCTACTGTAAGTAGT-1",0
"ATCTACTGTGTCGCTG-1",0
"ATCTACTTCCGCGTTT-1",0
"ATCTACTTCGCAAGCC-1",10.1175598583996
"ATCTACTTCTATCGCC-1",0
"ATCTACTTCTCTAAGG-1",7.6450454181174
"ATCTGCCAGGCTCAGA-1",8.39864531952957
"ATCTGCCGTACAGTTC-1",0
"ATCTGCCGTTGTGGAG-1",9.42536154516312
"ATCTGCCTCAGAGACG-1",8.01503373861712
"ATCTGCCTCAGCTGGC-1",0
"ATCTGCCTCGTACGGC-1",0
"ATCTGCCTCTCGAGTA-1",9.00043256904449
"ATCTGCCTCTGAGTGT-1",8.39864531952957
"ATCTGCCTCTTGTATC-1",9.50906217957682
"ATGAGGGAGGTCGGAT-1",0
"ATGAGGGCATGACGGA-1",8.56194030574053
"ATGAGGGCATTAGGCT-1",0
"ATGAGGGTCACATGCA-1",12.5567700547643
"ATGAGGGTCAGTCCCT-1",0
"ATGCGATAGTCAATAG-1",0
"ATGCGATCATGTTGAC-1",8.49358762472415
"ATGCGATGTGCAGTAG-1",6.69077586235589
"ATGCGATGTGCATCTA-1",0
"ATGCGATTCCCAAGAT-1",9.42536154516312
"ATGCGATTCGCCATAA-1",6.81949095439763
"ATGGGAGAGCAATATG-1",0
"ATGGGAGAGCCACGCT-1",0
"ATGGGAGAGGTGATAT-1",0
"ATGGGAGCACCAGGTC-1",0
"ATGGGAGCACTATCTT-1",10.581568319266
"ATGGGAGCAGCATACT-1",6.5623390839868
"ATGGGAGCATAGAAAC-1",0
"ATGGGAGCATTACCTT-1",7.80983197211417
"ATGTGTGAGCGAAGGG-1",0
"ATGTGTGAGGGTTTCT-1",6.6650439147396
"ATGTGTGAGTTGAGTA-1",0
"ATGTGTGCACGGCGTT-1",0
"ATGTGTGCACGGTTTA-1",8.3270069352377
"ATGTGTGCAGTATAAG-1",11.7704255476792
"ATGTGTGTCACGCGGT-1",0
"ATTACTCAGATGTGTA-1",8.49684233118872
"ATTACTCAGCGTAATA-1",9.7452696224061
"ATTACTCAGGTGCACA-1",6.87012118168036
"ATTACTCAGTGAAGTT-1",0
"ATTACTCCAAACTGTC-1",10.0334038921204
"ATTACTCCACCATCCT-1",0
"ATTACTCCAGACTCGC-1",0
"ATTACTCCATATGCTG-1",0
"ATTACTCCATCGGTTA-1",0
"ATTACTCCATTGCGGC-1",0
"ATTACTCGTTAAAGAC-1",6.83037286773495
"ATTACTCTCCGAACGC-1",8.57527946335385
"ATTATCCAGAGTACCG-1",11.2778764481508
"ATTATCCAGCTTATCG-1",17.082007675869
"ATTATCCCACAAGCCC-1",0
"ATTATCCCATATGAGA-1",0
"ATTATCCCATCTGGTA-1",7.20630775652513
"ATTATCCGTCGTTGTA-1",8.11793412803969
"ATTATCCGTCTCTCTG-1",0
"ATTATCCTCAACGGGA-1",6.6650439147396
"ATTATCCTCCGCGCAA-1",0
"ATTATCCTCTCCGGTT-1",8.63832121221915
"ATTCTACGTCACTTCC-1",0
"ATTCTACGTCTAGTCA-1",0
"ATTCTACGTTGTCGCG-1",0
"ATTGGACAGCAGATCG-1",0
"ATTGGACAGGGCATGT-1",9.7452696224061
"ATTGGACAGTGGACGT-1",0
"ATTGGACCAAGACACG-1",0
"ATTGGACGTAATAGCA-1",0
"ATTGGACTCCTGCTTG-1",10.2005073247638
"ATTGGACTCGGCGCAT-1",0
"ATTGGACTCGTTTGCC-1",7.11672087096929
"ATTGGTGAGAATGTTG-1",10.6001822215961
"ATTGGTGCAAGCTGAG-1",0
"ATTGGTGCAGCAGTTT-1",0
"ATTGGTGGTTGAGTTC-1",6.78094543671747
"ATTGGTGTCAAAGTAG-1",0
"ATTGGTGTCGGAAACG-1",11.3398657593924
"ATTTCTGAGGGATACC-1",0
"ATTTCTGAGGGATCTG-1",0
"ATTTCTGAGGTGTTAA-1",0
"ATTTCTGAGTCGAGTG-1",7.14087233063248
"ATTTCTGAGTTCGCAT-1",0
"ATTTCTGCAAGGTGTG-1",0
"ATTTCTGGTAGCTCCG-1",0
"ATTTCTGGTGCACGAA-1",0
"ATTTCTGGTTGCCTCT-1",0
"ATTTCTGTCAAAGTAG-1",0
"ATTTCTGTCAGCTCGG-1",0
"ATTTCTGTCTTGGGTA-1",0
"CAACCAAAGAAACGCC-1",0
"CAACCAAAGAGGGCTT-1",8.91383021353995
"CAACCAAAGCTGAAAT-1",6.70426825122439
"CAACCAAAGGACAGCT-1",10.6001822215961
"CAACCAAAGGGAGTAA-1",10.1482715322816
"CAACCAACATACGCTA-1",8.63832121221915
"CAACCTCAGTAATCCC-1",0
"CAACCTCCAGACGCAA-1",0
"CAACCTCGTGAGTGAC-1",6.5623390839868
"CAACCTCGTTCCACGG-1",9.21896815786213
"CAACCTCTCATACGGT-1",0
"CAACCTCTCCGATATG-1",8.24950442413
"CAACCTCTCCTTTACA-1",7.59462537097542
"CAACCTCTCTCTAGGA-1",0
"CAACTAGAGAATAGGG-1",0
"CAACTAGAGGATGCGT-1",7.05530137880592
"CAACTAGCACCATCCT-1",7.71445106932045
"CAACTAGCAGACTCGC-1",0
"CAACTAGCAGTTCATG-1",0
"CAACTAGGTACGCACC-1",0
"CAACTAGTCAGGCCCA-1",8.13023203628389
"CAAGAAAAGAAGGACA-1",0
"CAAGAAAAGACGCACA-1",0
"CAAGAAAAGGCCCTTG-1",0
"CAAGAAAAGGTGATAT-1",6.69077586235589
"CAAGAAAAGTCGATAA-1",9.84697478757156
"CAAGAAAAGTGGAGTC-1",7.64395387156168
"CAAGAAAAGTGTACCT-1",9.28316119226135
"CAAGAAACACGGTGTC-1",0
"CAAGAAATCTGCTTGC-1",9.07456160686358
"CAAGATCAGCTGAAAT-1",0
"CAAGATCGTAAGAGGA-1",0
"CAAGATCGTGCCTTGG-1",8.90504130136285
"CAAGATCTCAACACCA-1",0
"CAAGATCTCTCGATGA-1",7.69164162039992
"CAAGGCCAGGAGTCTG-1",10.2437415261974
"CAAGGCCAGGCTATCT-1",0
"CAAGGCCCACGGTAAG-1",0
"CAAGGCCCATGTTCCC-1",12.8643224961039
"CAAGGCCGTCCGTCAG-1",7.1940350862169
"CAAGGCCTCAACGGGA-1",0
"CAAGGCCTCCTTGACC-1",0
"CAAGGCCTCGTGACAT-1",12.4154362825818
"CAAGTTGAGACAGGCT-1",0
"CAAGTTGAGATGTCGG-1",8.04434519939641
"CAAGTTGAGCGTCAAG-1",0
"CAAGTTGAGCGTTTAC-1",0
"CAAGTTGCACATTAGC-1",0
"CAAGTTGCACGCTTTC-1",0
"CAAGTTGCACGGTGTC-1",0
"CAAGTTGCATTCTTAC-1",0
"CAAGTTGGTACTCAAC-1",0
"CAAGTTGGTCAGGACA-1",0
"CAAGTTGGTCGGCACT-1",6.24006522565563
"CAAGTTGTCAACGAAA-1",8.49684233118872
"CAAGTTGTCACCACCT-1",11.9906324226488
"CAAGTTGTCATTGCCC-1",0
"CAAGTTGTCGAATCCA-1",0
"CAAGTTGTCTACTTAC-1",0
"CACAAACAGGGCTCTC-1",14.313233517899
"CACAAACAGGGCTTGA-1",7.86512743019201
"CACAAACAGTGACATA-1",6.64558518982999
"CACAAACCAACTGCGC-1",0
"CACAAACCAATAAGCA-1",8.2495550947513
"CACAAACCAATCAGAA-1",9.48444836515334
"CACAAACCACTTAACG-1",0
"CACAAACCATGAACCT-1",13.5922884276347
"CACAAACCATGGTCAT-1",10.2284416331658
"CACAAACGTCAACTGT-1",0
"CACAAACGTCAGAATA-1",0
"CACAAACTCTTCGGTC-1",7.80983197211417
"CACAAACTCTTGGGTA-1",9.07456160686358
"CACACAAAGCGACGTA-1",7.28833213180475
"CACACAAAGGGAGTAA-1",8.39864531952957
"CACACAACAAACGTGG-1",0
"CACACAACACATGACT-1",7.45338793214282
"CACACAACATCGATTG-1",0
"CACACAACATTGGGCC-1",7.14548180063427
"CACACAAGTACGACCC-1",6.28295713472408
"CACACAAGTCAGTGGA-1",10.2284416331658
"CACACAAGTCATCGGC-1",9.68086084677
"CACACAAGTTTACTCT-1",8.59109781899506
"CACACAATCCACGTGG-1",6.57341630863726
"CACACAATCCACGTTC-1",11.6379706639656
"CACACAATCGGCGCAT-1",0
"CACACCTAGAGACTAT-1",8.18735039621667
"CACACCTAGGACATTA-1",0
"CACACCTAGTGTGAAT-1",10.8770903181575
"CACACCTCACTGAAGG-1",9.98951117479788
"CACACCTCATAGGATA-1",0
"CACACCTCATAGTAAG-1",0
"CACACCTCATTGGGCC-1",0
"CACACCTGTACAGCAG-1",11.3685973967813
"CACACCTGTACCGCTG-1",8.38558177422549
"CACACCTGTCCAAGTT-1",0
"CACACCTGTGGACGAT-1",0
"CACACCTGTGGTCTCG-1",0
"CACACCTTCATGTCTT-1",0
"CACACCTTCTGGCGAC-1",7.64395387156168
"CACACTCAGGGAAACA-1",7.24515946579296
"CACACTCCAACACCTA-1",0
"CACACTCCAAGGGTCA-1",0
"CACACTCGTGACGCCT-1",0
"CACACTCGTTTGTGTG-1",10.9044229663386
"CACAGGCAGCCATCGC-1",0
"CACAGGCAGGGATGGG-1",8.78984981152039
"CACAGGCCAAGAGTCG-1",0
"CACAGGCCAATGGAGC-1",0
"CACAGGCGTCTAGGTT-1",0
"CACAGGCGTTACGCGC-1",9.26732264960432
"CACAGGCTCGGGAGTA-1",11.1278830849641
"CACAGGCTCTATGTGG-1",8.13023203628389
"CACAGTAAGACGCAAC-1",6.54601575986845
"CACAGTAAGACGCACA-1",6.93063617632924
"CACAGTAAGTGGGCTA-1",10.1482715322816
"CACAGTACAACTGGCC-1",0
"CACAGTACATCGGACC-1",8.13023203628389
"CACAGTAGTTCCATGA-1",8.49055792144433
"CACATAGAGCCCAATT-1",0
"CACATAGAGTGTACTC-1",0
"CACATAGCACTTCTGC-1",0
"CACATAGCAGGGTATG-1",8.05986503219789
"CACATAGTCCTTGCCA-1",0
"CACATAGTCGGCGCAT-1",14.3337564862163
"CACATTTAGCAGATCG-1",0
"CACATTTAGGGCACTA-1",11.6379706639656
"CACATTTCACGGCGTT-1",0
"CACATTTCATTACCTT-1",13.5535921112313
"CACATTTGTCGAACAG-1",6.41585415388109
"CACATTTGTGTTGAGG-1",0
"CACATTTTCCAGAGGA-1",0
"CACATTTTCCGCATCT-1",0
"CACATTTTCTACTATC-1",0
"CACATTTTCTGTGCAA-1",0
"CACCACTAGCCACGTC-1",0
"CACCACTAGTGGTAAT-1",0
"CACCACTAGTTACCCA-1",10.7737492909537
"CACCACTCAAGCCCAC-1",8.3270069352377
"CACCACTCAGTTCATG-1",0
"CACCACTGTTATTCTC-1",0
"CACCACTTCACCGGGT-1",0
"CACCACTTCGAATCCA-1",0
"CACCACTTCGACCAGC-1",12.6439357554927
"CACCACTTCTAACCGA-1",7.75875480691923
"CACCACTTCTTTAGTC-1",10.2284416331658
"CACCAGGCACATTAGC-1",8.49055792144433
"CACCAGGCACTGCCAG-1",0
"CACCAGGCATAAAGGT-1",5.99173679862229
"CACCAGGCATGAACCT-1",0
"CACCAGGGTGAAATCA-1",10.6118327985924
"CACCAGGGTGTTTGGT-1",12.9437617192814
"CACCAGGGTTATCACG-1",0
"CACCAGGTCATGTAGC-1",6.69077586235589
"CACCAGGTCTGCTTGC-1",12.4154362825818
"CACCTTGAGACTTGAA-1",0
"CACCTTGAGTCAATAG-1",0
"CACCTTGCAGGCGATA-1",0
"CACCTTGCATTCCTGC-1",0
"CACCTTGGTCATTAGC-1",7.14087233063248
"CACCTTGGTGATGTCT-1",0
"CACCTTGGTTATGTGC-1",12.3003449771529
"CACCTTGTCAACCATG-1",8.12888340969096
"CACCTTGTCATTATCC-1",0
"CACCTTGTCCAAAGTC-1",8.56194030574053
"CACCTTGTCTCACATT-1",8.985820343523
"CACTCCAAGACAAGCC-1",0
"CACTCCAAGGTACTCT-1",0
"CACTCCACAATGGACG-1",0
"CACTCCAGTACATGTC-1",7.816028436488
"CACTCCAGTTGTCGCG-1",7.2653481248584
"CACTCCATCAACACAC-1",0
"CACTCCATCCCAGGTG-1",0
"CAGAATCAGAAACCTA-1",11.3258579068182
"CAGAATCAGCCAACAG-1",7.32049962608622
"CAGAATCAGCTGGAAC-1",7.33358838377776
"CAGAATCAGGACTGGT-1",0
"CAGAATCAGTATCGAA-1",10.4892554667406
"CAGAATCCACAGAGGT-1",10.4136783766901
"CAGAATCCAGGGTACA-1",0
"CAGAATCGTAAGTGTA-1",0
"CAGAATCGTAATCACC-1",7.78027111905014
"CAGAATCTCAGTTTGG-1",0
"CAGAATCTCGCAAGCC-1",0
"CAGAATCTCGGTCCGA-1",9.21896815786213
"CAGAATCTCTTGCAAG-1",10.9044229663386
"CAGAATCTCTTGTACT-1",13.2945004632647
"CAGAGAGAGAATTGTG-1",10.581568319266
"CAGAGAGAGCAATATG-1",0
"CAGAGAGCAAGAAGAG-1",12.9437617192814
"CAGAGAGCACCAGATT-1",0
"CAGAGAGGTAATCACC-1",8.39864531952957
"CAGAGAGGTAGCTGCC-1",12.8643224961039
"CAGAGAGGTAGGACAC-1",0
"CAGAGAGGTATAGGGC-1",0
"CAGAGAGGTCCGAATT-1",0
"CAGAGAGGTTGAGGTG-1",0
"CAGAGAGTCACCCGAG-1",0
"CAGAGAGTCATAACCG-1",0
"CAGAGAGTCCGAACGC-1",7.2653481248584
"CAGAGAGTCTGGTATG-1",7.78027111905014
"CAGATCAAGAGACGAA-1",0
"CAGATCAAGCACCGTC-1",13.2945004632647
"CAGATCAAGCTTCGCG-1",8.19303706440787
"CAGATCAAGGATTCGG-1",0
"CAGATCAAGTGTACCT-1",0
"CAGATCAAGTTTAGGA-1",0
"CAGATCACAATAACGA-1",0
"CAGATCACACACCGAC-1",0
"CAGATCACACGGTAAG-1",6.57341630863726
"CAGATCACACTCTGTC-1",0
"CAGATCACAGCATACT-1",0
"CAGATCACAGTGGGAT-1",6.78678936269924
"CAGATCAGTACCAGTT-1",0
"CAGATCAGTGCGGTAA-1",0
"CAGATCATCTGATTCT-1",0
"CAGCAGCAGATGCCAG-1",0
"CAGCAGCAGGGAACGG-1",0
"CAGCAGCCACCTATCC-1",6.04454163927868
"CAGCAGCCATCACAAC-1",10.6001822215961
"CAGCAGCTCAACACTG-1",9.07456160686358
"CAGCAGCTCGAACTGT-1",6.43286000221843
"CAGCAGCTCGCCGTGA-1",0
"CAGCATAAGAGACGAA-1",10.0136556830252
"CAGCATAGTCTAGGTT-1",0
"CAGCATAGTTTACTCT-1",9.03458601280717
"CAGCATATCACGAAGG-1",12.8643224961039
"CAGCATATCAGGCAAG-1",0
"CAGCATATCCTTAATC-1",9.26732264960432
"CAGCCGAAGCATCATC-1",0
"CAGCCGAAGTTTCCTT-1",0
"CAGCCGACACGTGAGA-1",0
"CAGCCGACATCAGTCA-1",0
"CAGCCGAGTGATGTCT-1",0
"CAGCCGATCACCAGGC-1",7.14548180063427
"CAGCCGATCCTCAATT-1",7.20990339578158
"CAGCGACAGAAACGCC-1",0
"CAGCGACAGCGTCAAG-1",11.3398657593924
"CAGCGACCAAACGTGG-1",0
"CAGCGACCAAAGCGGT-1",6.68448001706735
"CAGCGACCACGTCAGC-1",8.13023203628389
"CAGCGACCATGGGACA-1",0
"CAGCGACGTCTGATTG-1",0
"CAGCGACGTGGACGAT-1",9.07456160686358
"CAGCGACGTGGTTTCA-1",10.6001822215961
"CAGCGACGTTCGGCAC-1",9.84697478757156
"CAGCGACTCCGCAAGC-1",0
"CAGCGACTCTGGGCCA-1",10.6196272133163
"CAGCTAAAGATGTGTA-1",6.87012118168036
"CAGCTAAAGCAGACTG-1",10.4336906084427
"CAGCTAAAGCTGTTCA-1",0
"CAGCTAAAGGAGCGTT-1",0
"CAGCTAACACAGATTC-1",0
"CAGCTAACATCAGTAC-1",6.6650439147396
"CAGCTAAGTAATCGTC-1",0
"CAGCTAAGTCTCACCT-1",0
"CAGCTAAGTTCGTCTC-1",8.49684233118872
"CAGCTAATCCACGCAG-1",7.59462537097542
"CAGCTAATCCCTAACC-1",0
"CAGCTAATCTGGTTCC-1",0
"CAGCTAATCTTAGCCC-1",0
"CAGCTAATCTTCGGTC-1",0
"CAGCTGGAGACACTAA-1",0
"CAGCTGGAGATCCTGT-1",9.23551534733827
"CAGCTGGCACCAACCG-1",7.33358838377776
"CAGCTGGCAGTGGAGT-1",0
"CAGCTGGCATGCATGT-1",8.49684233118872
"CAGCTGGTCTACCTGC-1",0
"CAGGTGCAGAGACGAA-1",9.54198417265945
"CAGGTGCAGATCCTGT-1",0
"CAGGTGCAGGCATGTG-1",0
"CAGGTGCCAGGAACGT-1",11.6379706639656
"CAGGTGCCATAGTAAG-1",6.41022341276518
"CAGGTGCCATCGGAAG-1",13.5535921112313
"CAGGTGCTCAGTTGAC-1",0
"CAGGTGCTCCAAGTAC-1",0
"CAGGTGCTCTTGTATC-1",6.50743837222434
"CAGTAACAGATATGGT-1",6.54601575986845
"CAGTAACAGATGGCGT-1",9.26732264960432
"CAGTAACCAATCACAC-1",0
"CAGTAACCACTCGACG-1",5.99173679862229
"CAGTAACGTGATAAGT-1",9.69662920698863
"CAGTAACGTGCACCAC-1",12.5795758351515
"CAGTAACTCAGAGGTG-1",0
"CAGTAACTCGTACGGC-1",6.87012118168036
"CAGTAACTCGTGACAT-1",8.26038845376391
"CAGTAACTCTGCCAGG-1",0
"CAGTCCTAGAATCTCC-1",0
"CAGTCCTAGATCTGCT-1",0
"CAGTCCTCAGTATAAG-1",6.93302677854154
"CAGTCCTTCAACACGT-1",0
"CAGTCCTTCCATGAGT-1",14.9325841425493
"CAGTCCTTCCCGACTT-1",0
"CAGTCCTTCCCTTGTG-1",0
"CAGTCCTTCGAACGGA-1",0
"CAGTCCTTCGGTTCGG-1",7.1940350862169
"CAGTCCTTCTACTTAC-1",0
"CATATGGAGAGATGAG-1",0
"CATATGGAGGCATGGT-1",10.6196272133163
"CATATGGAGTATTGGA-1",6.81949095439763
"CATATGGCAAGCGTAG-1",0
"CATATGGGTCGCATAT-1",0
"CATATGGTCATTATCC-1",9.48444836515334
"CATATGGTCATTGCGA-1",0
"CATATTCCACCACCAG-1",12.5567700547643
"CATATTCGTGACTACT-1",6.1206938092764
"CATATTCGTGGTACAG-1",0
"CATATTCGTGTGACGA-1",0
"CATATTCTCACAGGCC-1",0
"CATATTCTCGCAAACT-1",0
"CATCAAGAGAACTCGG-1",12.6509503628581
"CATCAAGAGATGGCGT-1",0
"CATCAAGAGCCGCCTA-1",0
"CATCAAGCACGAAACG-1",0
"CATCAAGCAGCCTTTC-1",7.59058559206517
"CATCAAGCATGGAATA-1",8.03730792101911
"CATCAAGGTTACTGAC-1",15.0337084931134
"CATCAAGGTTCCATGA-1",0
"CATCAAGTCTAAGCCA-1",0
"CATCAAGTCTGACCTC-1",7.1940350862169
"CATCAGAAGCTAGTCT-1",8.19593208432017
"CATCAGACAAGCCATT-1",0
"CATCAGACAATGACCT-1",7.07133410081375
"CATCAGACACGGCCAT-1",0
"CATCAGACAGACAGGT-1",7.32313625038943
"CATCAGACATAACCTG-1",8.70434887683385
"CATCAGAGTAATTGGA-1",0
"CATCAGAGTACATGTC-1",7.71445106932045
"CATCAGAGTGTTAAGA-1",6.24006522565563
"CATCAGAGTTCAACCA-1",9.21896815786213
"CATCAGATCGTTGACA-1",0
"CATCCACGTAAAGTCA-1",7.22862139339042
"CATCCACGTACCGTAT-1",9.26732264960432
"CATCCACGTGCCTGTG-1",11.3090426919923
"CATCCACGTTTAAGCC-1",0
"CATCGAAAGAGTACAT-1",10.1482715322816
"CATCGAAAGCTGTCTA-1",9.21896815786213
"CATCGAACAAGAGGCT-1",7.54527009491743
"CATCGAACAAGCTGAG-1",0
"CATCGAACACATTTCT-1",0
"CATCGAACATAAAGGT-1",0
"CATCGAAGTAGTACCT-1",0
"CATCGAAGTCCGACGT-1",6.83037286773495
"CATCGAAGTGCACTTA-1",8.2495550947513
"CATCGAATCAAACCAC-1",0
"CATCGAATCCGCGGTA-1",6.22027520442433
"CATCGAATCCGTAGTA-1",0
"CATCGGGAGAAGCCCA-1",0
"CATCGGGAGCGAGAAA-1",6.36022268652645
"CATCGGGAGGGTGTGT-1",0
"CATCGGGAGGTGTTAA-1",10.6118327985924
"CATCGGGAGTGACTCT-1",0
"CATCGGGCACTCAGGC-1",0
"CATCGGGCAGACGCTC-1",7.0631230778199
"CATCGGGCATCACAAC-1",9.84697478757156
"CATCGGGGTCCTCTTG-1",0
"CATCGGGGTGAGGGAG-1",0
"CATCGGGGTTCGAATC-1",6.24006522565563
"CATCGGGTCAGGATCT-1",16.0283071898173
"CATCGGGTCCACGAAT-1",0
"CATCGGGTCGATGAGG-1",0
"CATGACAAGACCACGA-1",0
"CATGACAAGCTCCTCT-1",0
"CATGACAAGTAACCCT-1",0
"CATGACAAGTATCTCG-1",14.313233517899
"CATGACAGTCGTCTTC-1",7.07133410081375
"CATGACAGTGAACCTT-1",7.22303945117321
"CATGACATCAATAAGG-1",10.9798901132675
"CATGACATCTAACTGG-1",0
"CATGCCTAGACCTAGG-1",0
"CATGCCTAGAGTCTGG-1",0
"CATGCCTCACCACCAG-1",0
"CATGCCTGTCAAAGCG-1",0
"CATGCCTGTCGATTGT-1",0
"CATGCCTTCCACGACG-1",6.6650439147396
"CATGCCTTCCTCATTA-1",0
"CATGCCTTCGCATGAT-1",6.27490312282517
"CATGGCGAGAGCTGGT-1",0
"CATGGCGAGTACGACG-1",9.5509340952342
"CATGGCGTCCAAAGTC-1",0
"CATGGCGTCCCTTGTG-1",12.9437617192814
"CATGGCGTCGGCCGAT-1",6.15358649308598
"CATGGCGTCTCAAACG-1",0
"CATGGCGTCTGCCCTA-1",0
"CATTATCAGACCCACC-1",0
"CATTATCAGTCCCACG-1",0
"CATTATCCAAGTCTGT-1",0
"CATTATCCAGGGCATA-1",0
"CATTATCGTCAATGTC-1",0
"CATTATCTCACAAACC-1",0
"CATTATCTCAGATAAG-1",7.59462537097542
"CATTATCTCGCGTTTC-1",0
"CATTATCTCGTTGCCT-1",8.49358762472415
"CATTATCTCTATCCCG-1",0
"CATTATCTCTTAACCT-1",0
"CATTCGCAGGTGCTAG-1",0
"CATTCGCCAAGGGTCA-1",0
"CATTCGCCAGCCTATA-1",11.1278830849641
"CATTCGCCATACAGCT-1",10.1175598583996
"CATTCGCCATGGATGG-1",0
"CATTCGCCATGTCTCC-1",0
"CATTCGCCATTCACTT-1",7.75875480691923
"CATTCGCGTAGCACGA-1",12.9437617192814
"CATTCGCTCATCACCC-1",0
"CCAATCCAGACCACGA-1",9.5509340952342
"CCAATCCAGATATGGT-1",0
"CCAATCCAGTCGAGTG-1",12.8643224961039
"CCAATCCAGTCGTTTG-1",0
"CCAATCCAGTTTAGGA-1",0
"CCAATCCCAAGCGAGT-1",6.04454163927868
"CCAATCCTCGGACAAG-1",8.49674820528115
"CCACCTAAGGATGGTC-1",7.05774539485129
"CCACCTAAGTCGAGTG-1",6.69190662842641
"CCACCTAAGTGGGATC-1",0
"CCACCTAAGTGTGGCA-1",0
"CCACCTACAACAACCT-1",0
"CCACCTACAAGCCGCT-1",0
"CCACCTACAATCTACG-1",0
"CCACCTAGTAGTACCT-1",0
"CCACCTAGTCGCGTGT-1",8.26038845376391
"CCACCTAGTGGGTCAA-1",6.57341630863726
"CCACCTATCAGTTGAC-1",7.20990339578158
"CCACCTATCTGATACG-1",0
"CCACGGAAGGGAACGG-1",0
"CCACGGACATGTCGAT-1",12.9386524959071
"CCACGGAGTAAGGGCT-1",7.14548180063427
"CCACGGAGTCAGATAA-1",0
"CCACGGAGTCCGTGAC-1",10.1482715322816
"CCACGGAGTGTAATGA-1",0
"CCACGGAGTTCTGAAC-1",7.32313625038943
"CCACGGATCACATAGC-1",0
"CCACGGATCCACGTGG-1",0
"CCACGGATCTACTATC-1",0
"CCACGGATCTAGAGTC-1",0
"CCACTACAGAGTACCG-1",7.30608351822304
"CCACTACAGCTTTGGT-1",8.39864531952957
"CCACTACCAGCAGTTT-1",0
"CCACTACCAGTAGAGC-1",7.28496655139715
"CCACTACGTCCGAATT-1",6.04454163927868
"CCACTACGTCTCAACA-1",6.83037286773495
"CCACTACGTGACAAAT-1",0
"CCACTACGTGACCAAG-1",0
"CCACTACGTGCACGAA-1",0
"CCACTACTCACTCTTA-1",0
"CCACTACTCCGCATCT-1",0
"CCACTACTCGGAAATA-1",8.30706597981144
"CCACTACTCTCGTATT-1",11.2778764481508
"CCACTACTCTCGTTTA-1",0
"CCAGCGAAGCCCAACC-1",11.3052422639148
"CCAGCGACATCGGGTC-1",0
"CCAGCGACATGTCCTC-1",0
"CCAGCGAGTAGGCATG-1",12.8643224961039
"CCAGCGAGTCCGTTAA-1",0
"CCAGCGATCAGAAATG-1",0
"CCATGTCAGCGATCCC-1",8.52482103598953
"CCATGTCAGGTCGGAT-1",13.2945004632647
"CCATGTCAGGTTACCT-1",0
"CCATGTCCAAGCTGGA-1",6.04454163927868
"CCATGTCCACATCCGG-1",0
"CCATGTCGTCCAGTAT-1",0
"CCATGTCTCCAAGTAC-1",0
"CCATGTCTCTTGTATC-1",0
"CCATTCGCAGTACACT-1",8.49055792144433
"CCATTCGCAGTTTACG-1",9.48444836515334
"CCATTCGGTAATCGTC-1",8.05986503219789
"CCATTCGGTATTACCG-1",0
"CCCAATCAGTCACGCC-1",0
"CCCAATCCAGGTGGAT-1",0
"CCCAATCGTGAAGGCT-1",6.6650439147396
"CCCAATCGTTGGAGGT-1",10.7071593156081
"CCCAATCTCACATGCA-1",12.5567700547643
"CCCAATCTCCAGTATG-1",0
"CCCAATCTCGGAGCAA-1",0
"CCCAGTTAGAATAGGG-1",0
"CCCAGTTAGATCCCGC-1",0
"CCCAGTTAGCGTGAAC-1",0
"CCCAGTTAGGAATCGC-1",0
"CCCAGTTAGTCCGGTC-1",0
"CCCAGTTAGTTTGCGT-1",0
"CCCAGTTGTACATGTC-1",0
"CCCAGTTGTCTGCAAT-1",0
"CCCAGTTTCTGAAAGA-1",6.69077586235589
"CCCATACAGGGTTCCC-1",6.57341630863726
"CCCATACAGTGTTTGC-1",0
"CCCATACCAAAGGTGC-1",7.28496655139715
"CCCATACCAACACCCG-1",9.41824962471534
"CCCATACCAGCAGTTT-1",11.1278830849641
"CCCATACGTATTACCG-1",0
"CCCATACGTCAATACC-1",0
"CCCATACGTCTAGTCA-1",0
"CCCATACGTTGAGTTC-1",0
"CCCATACTCAATAAGG-1",6.90002489498983
"CCCATACTCAGCGACC-1",0
"CCCATACTCATCACCC-1",0
"CCCATACTCCGTAGGC-1",0
"CCCTCCTAGGAATCGC-1",11.3090426919923
"CCCTCCTCAGCTTAAC-1",9.68086084677
"CCCTCCTCATATGAGA-1",12.6439357554927
"CCCTCCTCATCACGTA-1",0
"CCCTCCTGTATGGTTC-1",9.1211695746097
"CCCTCCTGTTAGATGA-1",9.54198417265945
"CCCTCCTTCAATCACG-1",0
"CCCTCCTTCCGCAGTG-1",0
"CCGGGATAGCTTCGCG-1",0
"CCGGGATAGGCGACAT-1",0
"CCGGGATAGGCTAGGT-1",8.04434519939641
"CCGGGATCACAGTCGC-1",6.6916683808092
"CCGGGATGTATAGGTA-1",0
"CCGGGATTCAGAGCTT-1",8.56194030574053
"CCGGGATTCGCTAGCG-1",0
"CCGGGATTCGCTTGTC-1",17.082007675869
"CCGGTAGAGCGTCTAT-1",0
"CCGGTAGAGTACGCCC-1",0
"CCGGTAGCACATAACC-1",0
"CCGGTAGCACGCATCG-1",0
"CCGGTAGGTACTTCTT-1",0
"CCGGTAGGTCAAACTC-1",7.0099246870968
"CCGGTAGTCGTCCGTT-1",8.14421963263533
"CCGTACTAGAGAACAG-1",0
"CCGTACTAGTCCGTAT-1",0
"CCGTACTCAAGCCCAC-1",8.15889639262029
"CCGTACTCAAGCGAGT-1",0
"CCGTACTCATCCCACT-1",6.57341630863726
"CCGTACTGTACAGCAG-1",0
"CCGTACTGTGCGGTAA-1",0
"CCGTACTTCGTTACAG-1",0
"CCGTGGAAGACGCACA-1",0
"CCGTGGAAGAGTTGGC-1",10.0334038921204
"CCGTGGAAGGTGATAT-1",6.41022341276518
"CCGTGGAAGGTTCCTA-1",9.07456160686358
"CCGTGGACAGCCTTGG-1",6.93302677854154
"CCGTGGAGTTCCATGA-1",0
"CCGTGGATCTAACTTC-1",0
"CCGTTCAAGCGTAATA-1",0
"CCGTTCAAGTACGATA-1",0
"CCGTTCAAGTAGATGT-1",0
"CCGTTCACAGGATCGA-1",0
"CCGTTCAGTATAGGGC-1",9.42536154516312
"CCGTTCAGTCGCGAAA-1",8.55818746058247
"CCGTTCATCGTACCGG-1",0
"CCTAAAGAGAGTTGGC-1",6.26484406691169
"CCTAAAGCAAACCTAC-1",8.90379082041217
"CCTAAAGCATGTCTCC-1",9.48444836515334
"CCTAAAGGTACTCAAC-1",9.1211695746097
"CCTAAAGGTCGGCACT-1",9.28316119226135
"CCTAAAGGTGTAATGA-1",0
"CCTAAAGTCACCGTAA-1",10.6196272133163
"CCTAAAGTCAGCGATT-1",9.70049194157847
"CCTAAAGTCGGCGCTA-1",0
"CCTAAAGTCGGTCCGA-1",7.71445106932045
"CCTACACAGGACCACA-1",0
"CCTACACAGGGTGTTG-1",0
"CCTACACCAGTAAGAT-1",6.41585415388109
"CCTACACGTATAGTAG-1",0
"CCTACACGTCCGAACC-1",0
"CCTACACGTGGGTCAA-1",0
"CCTACACGTTTGACTG-1",0
"CCTACACTCGGCGCTA-1",6.63507053665722
"CCTACACTCGTGACAT-1",6.13872359687991
"CCTACCAAGATAGGAG-1",0
"CCTACCAAGCAAATCA-1",0
"CCTACCAAGCGTAGTG-1",0
"CCTACCAAGTGCGATG-1",0
"CCTACCAGTATCAGTC-1",0
"CCTACCAGTCTCTCTG-1",7.14043804943586
"CCTACCAGTCTTTCAT-1",7.45338793214282
"CCTACCATCAGCACAT-1",0
"CCTACCATCGCCAGCA-1",0
"CCTAGCTAGCAAATCA-1",0
"CCTAGCTAGCTCCTCT-1",6.04454163927868
"CCTAGCTAGGTTACCT-1",0
"CCTAGCTAGTACGCGA-1",0
"CCTAGCTCAATGAATG-1",0
"CCTAGCTCAATGGTCT-1",11.3398657593924
"CCTAGCTCACATCCAA-1",7.30997672102178
"CCTAGCTCAGCCAGAA-1",0
"CCTAGCTGTAGAAAGG-1",0
"CCTAGCTGTCACCCAG-1",0
"CCTAGCTGTCTGATTG-1",0
"CCTAGCTTCACGATGT-1",9.25117843336622
"CCTAGCTTCGTAGGAG-1",0
"CCTATTAAGAATTCCC-1",0
"CCTATTAAGCAGGCTA-1",6.64558518982999
"CCTATTAAGCAGGTCA-1",6.04454163927868
"CCTATTAAGGGAGTAA-1",7.2653481248584
"CCTATTAAGGTAGCCA-1",0
"CCTATTACACAACTGT-1",0
"CCTATTACACATCCGG-1",5.99296297490312
"CCTATTAGTCAATACC-1",0
"CCTATTATCATCACCC-1",0
"CCTATTATCTGCGACG-1",0
"CCTCAGTAGCTAACTC-1",6.15358649308598
"CCTCAGTCAGGTGGAT-1",10.6196272133163
"CCTCAGTGTCCATCCT-1",6.68107137912386
"CCTCAGTGTCCGACGT-1",0
"CCTCAGTGTCTTGTCC-1",7.20630775652513
"CCTCAGTGTGGGTATG-1",0
"CCTCTGAAGTATCGAA-1",0
"CCTCTGAAGTGGGTTG-1",0
"CCTCTGACAAGCTGTT-1",10.9042969310346
"CCTCTGACACCGATAT-1",6.64558518982999
"CCTCTGACAGATGAGC-1",6.68448001706735
"CCTCTGAGTCAATACC-1",6.41022341276518
"CCTCTGAGTCCGAACC-1",0
"CCTCTGAGTCGTGGCT-1",9.81066558918409
"CCTCTGAGTCTGATTG-1",12.8643224961039
"CCTTACGCAAGCGTAG-1",0
"CCTTACGCACCAACCG-1",0
"CCTTACGGTCATCCCT-1",6.57341630863726
"CCTTACGGTCCTCTTG-1",8.25553920578875
"CCTTACGTCACAACGT-1",13.5922884276347
"CCTTACGTCATCTGCC-1",7.44670103124804
"CCTTACGTCGGAGGTA-1",10.6001822215961
"CCTTCCCAGAGACTAT-1",9.98951117479788
"CCTTCCCAGCTAGGCA-1",0
"CCTTCCCAGGACGAAA-1",0
"CCTTCCCAGGGCATGT-1",0
"CCTTCCCAGGTACTCT-1",0
"CCTTCCCCATGATCCA-1",8.63832121221915
"CCTTCCCTCAAGGCTT-1",8.63832121221915
"CCTTCCCTCTATCCTA-1",0
"CCTTCCCTCTATCGCC-1",0
"CCTTCGAAGGCGCTCT-1",9.77096100202822
"CCTTCGACAACACCCG-1",0
"CCTTCGACAGCGATCC-1",0
"CCTTCGAGTAAGCACG-1",6.41585415388109
"CCTTCGAGTCCATGAT-1",0
"CCTTCGAGTGTGACCC-1",7.32313625038943
"CCTTCGAGTTGGTGGA-1",8.56194030574053
"CCTTCGATCACAGTAC-1",7.22303945117321
"CCTTCGATCCTATGTT-1",0
"CCTTCGATCGCACTCT-1",0
"CCTTTCTAGACGCTTT-1",9.44097865564883
"CCTTTCTAGGGCACTA-1",6.63589458473719
"CCTTTCTAGTGGAGTC-1",0
"CCTTTCTCAGACAAGC-1",7.87978007752568
"CCTTTCTCATCACGAT-1",0
"CCTTTCTCATGCCCGA-1",0
"CCTTTCTTCCCACTTG-1",0
"CCTTTCTTCTTTACGT-1",8.985820343523
"CGAACATCACATGACT-1",0
"CGAACATCACTTGGAT-1",0
"CGAACATCAGTCCTTC-1",0
"CGAACATGTCTGATTG-1",0
"CGAACATGTGCTGTAT-1",0
"CGAACATTCTCAAACG-1",0
"CGAATGTAGAGGTTAT-1",6.15358649308598
"CGAATGTAGCGATAGC-1",0
"CGAATGTAGTTCGCAT-1",6.12983852416403
"CGAATGTCAATGCCAT-1",0
"CGAATGTGTCTAGTCA-1",0
"CGAATGTGTCTCACCT-1",8.09186131817803
"CGAATGTTCAACACAC-1",0
"CGAATGTTCATCACCC-1",0
"CGAATGTTCTGTACGA-1",0
"CGACCTTAGCTACCGC-1",0
"CGACCTTAGCTAGTCT-1",10.1742809147383
"CGACCTTCAAAGTGCG-1",7.32049962608622
"CGACCTTCACGAAATA-1",8.55818746058247
"CGACCTTGTAAGTGTA-1",10.095208711216
"CGACCTTGTCAGAATA-1",0
"CGACCTTGTCTCCCTA-1",0
"CGACCTTGTCTCTTAT-1",9.41824962471534
"CGACCTTTCCGCGTTT-1",0
"CGACCTTTCGTTTATC-1",0
"CGACCTTTCTCCAGGG-1",0
"CGACTTCAGACACGAC-1",0
"CGACTTCAGGTAGCCA-1",0
"CGACTTCAGTCTTGCA-1",0
"CGACTTCCAATGGACG-1",6.04454163927868
"CGACTTCGTGGTGTAG-1",0
"CGACTTCGTTGAGTTC-1",12.3003449771529
"CGACTTCTCACTTACT-1",6.76557604394042
"CGACTTCTCTCGCTTG-1",6.69077586235589
"CGAGAAGAGAAACGCC-1",0
"CGAGAAGAGCCAACAG-1",8.14421963263533
"CGAGAAGAGCGTGTCC-1",8.23215878883443
"CGAGAAGCAAGTTCTG-1",6.6650439147396
"CGAGAAGCACATCCGG-1",8.56194030574053
"CGAGAAGCAGGCTGAA-1",6.83037286773495
"CGAGAAGTCGGATGGA-1",0
"CGAGCACAGCCAGAAC-1",0
"CGAGCACCACATGTGT-1",0
"CGAGCACGTAGCGTCC-1",0
"CGAGCACGTAGCGTGA-1",0
"CGAGCACGTCAGATAA-1",6.7566625386679
"CGAGCACGTGCCTTGG-1",0
"CGAGCACTCCCGGATG-1",0
"CGAGCACTCCGCTGTT-1",0
"CGAGCACTCGTGACAT-1",0
"CGAGCCAAGCTAGCCC-1",0
"CGAGCCAGTATATCCG-1",8.56194030574053
"CGAGCCAGTCAAGCGA-1",0
"CGATCGGAGAGCCTAG-1",10.1482715322816
"CGATCGGAGTACGATA-1",6.69190662842641
"CGATCGGCAAACGCGA-1",0
"CGATCGGCAAGCGATG-1",0
"CGATCGGCAATACGCT-1",12.1803758968245
"CGATCGGCAGTTAACC-1",9.1211695746097
"CGATCGGCATACTCTT-1",0
"CGATCGGGTCGACTGC-1",0
"CGATCGGTCAACGGGA-1",8.39864531952957
"CGATCGGTCTAGCACA-1",0
"CGATGGCAGCCGTCGT-1",6.87012118168036
"CGATGGCAGTCCAGGA-1",10.4533940765719
"CGATGGCCACTTAACG-1",10.4000125753874
"CGATGGCCAGCGTAAG-1",9.98951117479788
"CGATGGCCATCATCCC-1",11.3398657593924
"CGATGGCTCCTAGAAC-1",0
"CGATGGCTCGCTAGCG-1",12.1378264964404
"CGATGGCTCTGACCTC-1",7.24248168751319
"CGATGTAAGGCAATTA-1",7.91942799034948
"CGATGTAAGTTTGCGT-1",0
"CGATGTACACAGGCCT-1",0
"CGATGTACAGGTCTCG-1",0
"CGATGTAGTCCAGTGC-1",12.3210519077992
"CGATGTAGTCTAGGTT-1",0
"CGATGTAGTGTGCCTG-1",0
"CGATGTAGTTTGCATG-1",6.93063617632924
"CGATTGAAGATGTGGC-1",0
"CGATTGACAGACGCAA-1",10.4336906084427
"CGATTGAGTATGGTTC-1",0
"CGATTGAGTTCAGACT-1",0
"CGATTGATCATGGTCA-1",0
"CGATTGATCTGCGGCA-1",8.55818746058247
"CGCCAAGAGAATGTTG-1",0
"CGCCAAGAGACCTTTG-1",8.985820343523
"CGCCAAGAGATCGGGT-1",0
"CGCCAAGAGATCTGAA-1",0
"CGCCAAGAGCGTGTCC-1",7.23243886638913
"CGCCAAGGTCTAGGTT-1",0
"CGCCAAGTCAGGATCT-1",0
"CGCCAAGTCCACTCCA-1",0
"CGCCAAGTCTTGTTTG-1",6.57341630863726
"CGCGGTAAGCTAGCCC-1",17.9778516269447
"CGCGGTAAGGGTTCCC-1",10.9798901132675
"CGCGGTACAAACTGCT-1",6.69190662842641
"CGCGGTACAATGGAAT-1",9.68086084677
"CGCGGTACAGCTGTTA-1",8.59109781899506
"CGCGGTAGTCAAGCGA-1",6.24006522565563
"CGCGGTAGTGAGGCTA-1",7.28833213180475
"CGCGGTAGTTTGCATG-1",0
"CGCGTTTAGTTATCGC-1",0
"CGCGTTTCAACAACCT-1",6.26484406691169
"CGCGTTTCAAGCGAGT-1",11.5218637975568
"CGCGTTTCAATGGACG-1",0
"CGCGTTTCACGGTGTC-1",0
"CGCGTTTGTGCTGTAT-1",0
"CGCGTTTGTGGACGAT-1",0
"CGCGTTTTCAAACCGT-1",0
"CGCGTTTTCAGCCTAA-1",0
"CGCGTTTTCCTATGTT-1",8.3270069352377
"CGCGTTTTCGTGGTCG-1",10.1482715322816
"CGCTATCAGAAACCGC-1",7.69164162039992
"CGCTATCAGTCATCCA-1",0
"CGCTATCCAAGCGAGT-1",10.1175598583996
"CGCTATCCAGTCGATT-1",0
"CGCTATCCATCGACGC-1",8.13023203628389
"CGCTATCCATTTCAGG-1",7.59462537097542
"CGCTATCGTACCGAGA-1",0
"CGCTATCGTTCGAATC-1",11.4251414423756
"CGCTATCGTTTCGCTC-1",0
"CGCTATCTCGTTACAG-1",8.43001574411166
"CGCTGGAAGGACATTA-1",7.14548180063427
"CGCTGGAAGGGCACTA-1",0
"CGCTGGAAGGTGATAT-1",0
"CGCTGGACAGACTCGC-1",0
"CGCTGGAGTGTAATGA-1",0
"CGCTGGAGTTCTGGTA-1",8.83422470918895
"CGCTGGATCCGAAGAG-1",0
"CGCTGGATCCGTTGCT-1",0
"CGCTGGATCGTAGGAG-1",6.69077586235589
"CGCTGGATCGTTACAG-1",0
"CGCTTCAAGAAGGGTA-1",6.41022341276518
"CGCTTCAAGGTCGGAT-1",6.5623390839868
"CGCTTCACACGGTGTC-1",12.3937467627512
"CGCTTCACAGACAAGC-1",7.59462537097542
"CGCTTCACATCACCCT-1",6.76557604394042
"CGCTTCAGTCGCGGTT-1",9.07456160686358
"CGCTTCATCTTAGAGC-1",8.80260070575302
"CGGACACAGCGATATA-1",7.80983197211417
"CGGACACAGCGATGAC-1",0
"CGGACACAGCTTCGCG-1",0
"CGGACACAGGTAAACT-1",8.36643401390014
"CGGACACAGTAGCCGA-1",0
"CGGACACCACAGGAGT-1",6.22027520442433
"CGGACACCATTCACTT-1",0
"CGGACACGTGAGCGAT-1",15.0337084931134
"CGGACACGTGCTCTTC-1",7.1940350862169
"CGGACACGTGTGACCC-1",0
"CGGACGTAGGTTACCT-1",0
"CGGACGTCATGGGACA-1",7.32049962608622
"CGGACGTGTGAAAGAG-1",8.43001574411166
"CGGACGTGTTGGTAAA-1",6.97184188845296
"CGGACGTTCATGTGGT-1",0
"CGGACGTTCTGTCCGT-1",6.06021172867472
"CGGACTGAGGAGCGAG-1",0
"CGGACTGAGGAGTCTG-1",0
"CGGACTGAGTGGTAGC-1",9.84697478757156
"CGGACTGCAACTTGAC-1",7.2653481248584
"CGGACTGCAATGACCT-1",0
"CGGACTGCACAACGTT-1",0
"CGGACTGCACGCCAGT-1",0
"CGGACTGCAGTATGCT-1",0
"CGGACTGGTAAAGGAG-1",0
"CGGACTGGTATAAACG-1",0
"CGGACTGGTGTAAGTA-1",0
"CGGACTGGTGTGGTTT-1",0
"CGGACTGGTTGACGTT-1",0
"CGGACTGTCCATGCTC-1",0
"CGGACTGTCCGTCAAA-1",0
"CGGACTGTCGTTTGCC-1",0
"CGGAGCTAGTTTAGGA-1",10.6196272133163
"CGGAGCTGTAGAAAGG-1",11.5218637975568
"CGGAGCTTCACTTATC-1",7.22862139339042
"CGGAGCTTCATGTAGC-1",7.51688887031709
"CGGAGCTTCCACGAAT-1",7.29135490824913
"CGGAGTCAGTGCGATG-1",0
"CGGAGTCAGTGTGAAT-1",0
"CGGAGTCCAGTGGGAT-1",6.87012118168036
"CGGAGTCCATTATCTC-1",0
"CGGAGTCGTAGCTGCC-1",7.69164162039992
"CGGAGTCGTGTTCGAT-1",0
"CGGAGTCTCCCAGGTG-1",0
"CGGAGTCTCCGTAGTA-1",0
"CGGCTAGAGAAACGCC-1",9.36230961340499
"CGGCTAGAGCACCGTC-1",0
"CGGCTAGAGCTAAACA-1",0
"CGGCTAGCAGACAAAT-1",0
"CGGCTAGGTAACGCGA-1",6.54601575986845
"CGGCTAGGTTCATGGT-1",10.6196272133163
"CGGCTAGTCAAAGACA-1",10.1742809147383
"CGGCTAGTCGTGGGAA-1",7.33358838377776
"CGGCTAGTCTTGTTTG-1",0
"CGGGTCAAGAGTCGGT-1",8.14969933926274
"CGGGTCAAGCACACAG-1",9.69662920698863
"CGGGTCAAGCTAACTC-1",6.41585415388109
"CGGGTCAAGGACACCA-1",0
"CGGGTCAAGTATGACA-1",0
"CGGGTCACAATGACCT-1",0
"CGGGTCACACCGAAAG-1",0
"CGGGTCACAGCCACCA-1",0
"CGGGTCACATACAGCT-1",0
"CGGGTCACATCCTTGC-1",9.36230961340499
"CGGGTCAGTAGCGCTC-1",0
"CGGGTCAGTCGATTGT-1",7.71445106932045
"CGGGTCAGTGCAACTT-1",0
"CGGGTCAGTTGTTTGG-1",0
"CGGGTCATCAACACCA-1",0
"CGGGTCATCACCTTAT-1",0
"CGGGTCATCCACGACG-1",0
"CGGTTAACAGGACCCT-1",0
"CGGTTAACATGTCCTC-1",7.53922361708442
"CGGTTAACATTCCTGC-1",0
"CGGTTAAGTCGACTGC-1",8.11793412803969
"CGGTTAATCCGGCACA-1",0
"CGGTTAATCCTTTCGG-1",0
"CGGTTAATCTTATCTG-1",0
"CGTAGCGAGATGTAAC-1",0
"CGTAGCGAGGCAATTA-1",0
"CGTAGCGCAAGCGCTC-1",8.3270069352377
"CGTAGCGTCCAACCAA-1",0
"CGTAGCGTCGGCGGTT-1",0
"CGTAGGCAGGGCTCTC-1",0
"CGTAGGCCAAGCGATG-1",0
"CGTAGGCCACTAAGTC-1",0
"CGTAGGCCAGAGTGTG-1",8.62352530318311
"CGTAGGCCATCCCATC-1",0
"CGTAGGCGTATTAGCC-1",0
"CGTAGGCGTCAATACC-1",7.28496655139715
"CGTAGGCGTGGCGAAT-1",0
"CGTAGGCTCCAGAAGG-1",11.2778764481508
"CGTCACTAGTCATGCT-1",0
"CGTCACTCAAAGCGGT-1",0
"CGTCACTCAGGTCCAC-1",10.6196272133163
"CGTCACTCAGTCACTA-1",7.32313625038943
"CGTCACTTCCTTGACC-1",8.90379082041217
"CGTCACTTCGGTGTTA-1",6.57341630863726
"CGTCACTTCTGTGCAA-1",0
"CGTCACTTCTTGAGAC-1",8.12968559389902
"CGTCAGGAGCTGTTCA-1",7.32313625038943
"CGTCAGGCAAAGCAAT-1",0
"CGTCAGGCAAAGCGGT-1",6.69077586235589
"CGTCAGGCAACACGCC-1",0
"CGTCAGGCATCCGCGA-1",9.70049194157847
"CGTCAGGGTCAGCTAT-1",0
"CGTCAGGGTCGTTGTA-1",0
"CGTCAGGGTGTAAGTA-1",0
"CGTCAGGTCCACTGGG-1",0
"CGTCAGGTCGACAGCC-1",8.49684233118872
"CGTCAGGTCGGGAGTA-1",0
"CGTCCATAGACCACGA-1",6.55380136683221
"CGTCCATAGCGATTCT-1",0
"CGTCCATAGGCTATCT-1",6.60623928479628
"CGTCCATAGTCTCAAC-1",0
"CGTCCATCACGACTCG-1",0
"CGTCCATCATTCACTT-1",0
"CGTCCATGTCTAGCGC-1",0
"CGTCCATGTGATAAAC-1",0
"CGTCCATGTTTGGGCC-1",0
"CGTCCATGTTTGTGTG-1",0
"CGTCCATTCAACACCA-1",0
"CGTCCATTCATTCACT-1",0
"CGTCTACAGTGCGTGA-1",0
"CGTCTACGTAGTAGTA-1",12.5567700547643
"CGTCTACTCGAGCCCA-1",7.71445106932045
"CGTCTACTCGCCATAA-1",0
"CGTCTACTCGGCCGAT-1",0
"CGTCTACTCGTCCAGG-1",6.87012118168036
"CGTGAGCAGATCTGAA-1",0
"CGTGAGCAGCAATCTC-1",8.12888340969096
"CGTGAGCAGCGGATCA-1",9.28703612962138
"CGTGAGCAGCTAGTGG-1",9.07456160686358
"CGTGAGCAGCTTCGCG-1",0
"CGTGAGCAGGGCACTA-1",0
"CGTGAGCAGGGTGTGT-1",0
"CGTGAGCAGTGGAGAA-1",5.99173679862229
"CGTGAGCCAAGCCGCT-1",0
"CGTGAGCCACGTAAGG-1",0
"CGTGAGCCATACGCCG-1",0
"CGTGAGCGTAGATTAG-1",0
"CGTGAGCGTCTCTTAT-1",0
"CGTGAGCTCACAAACC-1",9.5476521433267
"CGTGAGCTCCAAATGC-1",6.22586042219995
"CGTGAGCTCCGAGCCA-1",0
"CGTGAGCTCGTTGCCT-1",11.3398657593924
"CGTGAGCTCTGGGCCA-1",6.06021172867472
"CGTGTAAAGATAGTCA-1",8.39864531952957
"CGTGTAAAGGTGTTAA-1",7.80983197211417
"CGTGTAAAGTACATGA-1",0
"CGTGTAACATGGGACA-1",6.06021172867472
"CGTGTAAGTGTCTGAT-1",7.78005470849433
"CGTGTAATCTACTATC-1",0
"CGTGTAATCTCGATGA-1",0
"CGTGTAATCTTTAGTC-1",7.24515946579296
"CGTGTCTAGGCGCTCT-1",0
"CGTGTCTAGGGATGGG-1",8.60922661548012
"CGTGTCTCAGACAAAT-1",0
"CGTGTCTCAGACACTT-1",0
"CGTGTCTGTAAGAGGA-1",0
"CGTGTCTGTATATGAG-1",8.56194030574053
"CGTGTCTGTCAAAGCG-1",10.7604901703341
"CGTGTCTGTTCCGTCT-1",0
"CGTGTCTTCAATCACG-1",0
"CGTGTCTTCAGAGGTG-1",0
"CGTGTCTTCATAGCAC-1",0
"CGTGTCTTCCGAACGC-1",8.55818746058247
"CGTGTCTTCGGCATCG-1",0
"CGTGTCTTCGTGGACC-1",12.5795758351515
"CGTGTCTTCTACTTAC-1",8.12888340969096
"CGTGTCTTCTGAGTGT-1",0
"CGTTAGAAGATCTGAA-1",10.9044229663386
"CGTTAGAAGGCCCTTG-1",0
"CGTTAGACACGAAAGC-1",0
"CGTTAGACAGCTTCGG-1",0
"CGTTAGAGTTTAAGCC-1",10.095208711216
"CGTTAGATCACTTATC-1",0
"CGTTAGATCAGCCTAA-1",11.7704255476792
"CGTTCTGAGAAGGGTA-1",10.7737492909537
"CGTTCTGAGTGAACAT-1",0
"CGTTCTGCAGCTCGCA-1",0
"CGTTCTGCATTGGCGC-1",0
"CGTTCTGGTGAGGGTT-1",0
"CGTTCTGTCTGATTCT-1",0
"CGTTGGGAGCTAGTTC-1",0
"CGTTGGGAGGATGCGT-1",0
"CGTTGGGCACATTAGC-1",6.57341630863726
"CGTTGGGCAGACAGGT-1",9.84697478757156
"CGTTGGGGTTCCCGAG-1",0
"CGTTGGGTCATGCTCC-1",0
"CGTTGGGTCCATGAAC-1",11.5218637975568
"CGTTGGGTCTACCAGA-1",0
"CTAACTTAGTCCTCCT-1",0
"CTAACTTCAATAGCAA-1",0
"CTAACTTCAATCGGTT-1",0
"CTAACTTGTGAGGCTA-1",0
"CTAACTTTCGTACGGC-1",0
"CTAACTTTCTGGCGTG-1",0
"CTAAGACAGGGAAACA-1",8.985820343523
"CTAAGACAGTACATGA-1",7.46144650824314
"CTAAGACAGTTCGCGC-1",0
"CTAAGACCAAGTAATG-1",0
"CTAAGACCAGTAAGAT-1",0
"CTAAGACCATGCAATC-1",0
"CTAAGACGTAAGGATT-1",13.5922884276347
"CTAAGACGTATCAGTC-1",6.63589458473719
"CTAAGACGTCACCTAA-1",0
"CTAAGACTCGTTGCCT-1",9.07456160686358
"CTAAGACTCTTACCGC-1",0
"CTAAGACTCTTGAGGT-1",0
"CTAATGGAGCAATCTC-1",7.1940350862169
"CTAATGGAGCGCTCCA-1",6.68448001706735
"CTAATGGAGCTCCCAG-1",0
"CTAATGGAGCTGAAAT-1",9.28170299593936
"CTAATGGAGTTAGGTA-1",10.1742809147383
"CTAATGGCATGGAATA-1",6.69077586235589
"CTAATGGGTACCGCTG-1",0
"CTAATGGGTCTAGCGC-1",0
"CTAATGGGTGAGGGAG-1",12.8643224961039
"CTAATGGGTTGGTGGA-1",0
"CTAATGGTCATGCTCC-1",0
"CTAATGGTCCACTGGG-1",10.6196272133163
"CTAATGGTCCGTTGCT-1",8.52482103598953
"CTAATGGTCCTAGAAC-1",6.49908524846163
"CTACACCAGTGCGATG-1",6.35955651453576
"CTACACCCACGGACAA-1",0
"CTACACCGTAATAGCA-1",12.6439357554927
"CTACACCGTCTGATTG-1",10.5973662063039
"CTACACCGTTCGTCTC-1",0
"CTACACCTCAGAAATG-1",0
"CTACACCTCGGCTTGG-1",0
"CTACACCTCGGTCCGA-1",6.41585415388109
"CTACACCTCTCGCATC-1",8.23215878883443
"CTACACCTCTCTGCTG-1",6.76557604394042
"CTACATTAGATCACGG-1",0
"CTACATTCACTCGACG-1",6.54601575986845
"CTACATTCATTTCACT-1",6.76557604394042
"CTACATTGTGATGATA-1",0
"CTACATTGTTCGAATC-1",0
"CTACATTTCAACGCTA-1",0
"CTACATTTCGCCATAA-1",0
"CTACATTTCTAGCACA-1",0
"CTACCCACACAGAGGT-1",0
"CTACCCACACGACGAA-1",0
"CTACCCACATGGTTGT-1",10.9331862419463
"CTACCCAGTATCTGCA-1",0
"CTACCCAGTATGAATG-1",0
"CTACCCAGTCAGAAGC-1",0
"CTACCCAGTGTGACCC-1",8.22903891334019
"CTACCCAGTTATGTGC-1",0
"CTACCCATCTACGAGT-1",0
"CTACGTCAGGTGCAAC-1",6.04454163927868
"CTACGTCAGTGCGATG-1",9.42536154516312
"CTACGTCAGTTGTCGT-1",11.2109722158861
"CTACGTCCATATACCG-1",11.7704255476792
"CTACGTCGTATATGGA-1",9.75129047974101
"CTACGTCGTGTGGTTT-1",12.8643224961039
"CTACGTCTCAAAGTAG-1",0
"CTACGTCTCACGACTA-1",0
"CTACGTCTCACGGTTA-1",9.54198417265945
"CTACGTCTCCTAGAAC-1",0
"CTAGAGTAGCTGTCTA-1",0
"CTAGAGTAGGATCGCA-1",15.9941656593162
"CTAGAGTAGTCCATAC-1",0
"CTAGAGTCACATTAGC-1",9.60321335390884
"CTAGAGTCAGTATGCT-1",7.32049962608622
"CTAGAGTCATACTCTT-1",0
"CTAGAGTCATGTAAGA-1",0
"CTAGAGTGTGACCAAG-1",0
"CTAGAGTTCAACACCA-1",11.9576746651857
"CTAGAGTTCCGTCAAA-1",0
"CTAGAGTTCCTAAGTG-1",9.68086084677
"CTAGAGTTCGCCAGCA-1",0
"CTAGAGTTCGCTTAGA-1",0
"CTAGAGTTCGTGACAT-1",0
"CTAGAGTTCTGATTCT-1",0
"CTAGCCTCACCAGATT-1",8.97131761516678
"CTAGCCTGTATATCCG-1",9.42536154516312
"CTAGCCTGTGATGCCC-1",0
"CTAGCCTTCGGGAGTA-1",7.91942799034948
"CTAGTGAAGCTGGAAC-1",9.03458601280717
"CTAGTGAAGTGTACCT-1",9.46711494305609
"CTAGTGACAAGTCTAC-1",0
"CTAGTGACAGGATCGA-1",9.07456160686358
"CTAGTGAGTTATGCGT-1",0
"CTAGTGATCAGTTGAC-1",0
"CTAGTGATCCAGTAGT-1",11.3398657593924
"CTCACACAGCTAAGAT-1",0
"CTCACACAGCTGCCCA-1",10.6196272133163
"CTCACACAGGATGCGT-1",13.32795295762
"CTCACACCACGTAAGG-1",0
"CTCACACCACTGTTAG-1",0
"CTCACACCATATACGC-1",0
"CTCACACGTGCTGTAT-1",8.32675551709877
"CTCACACGTTCCATGA-1",9.25117843336622
"CTCACACGTTTGGGCC-1",0
"CTCACACTCACCGGGT-1",0
"CTCACACTCATCGGAT-1",7.17477070463047
"CTCACACTCCGCGCAA-1",14.1738967556276
"CTCACACTCTAACCGA-1",0
"CTCAGAAAGAGCTGCA-1",6.78094543671747
"CTCAGAAAGGAGTAGA-1",0
"CTCAGAACAACGCACC-1",10.6118327985924
"CTCAGAACAAGCGATG-1",8.55818746058247
"CTCAGAACAGGGCATA-1",7.14548180063427
"CTCAGAAGTGACGGTA-1",0
"CTCAGAATCTTAACCT-1",0
"CTCATTAAGAACTGTA-1",0
"CTCATTACATGGTCAT-1",6.06021172867472
"CTCATTAGTGTAACGG-1",10.4336906084427
"CTCATTAGTTTACTCT-1",6.49908524846163
"CTCCTAGCAAGTACCT-1",6.41585415388109
"CTCCTAGCAATTCCTT-1",7.0099246870968
"CTCCTAGCACTGTCGG-1",0
"CTCCTAGCAGTCCTTC-1",7.77841240511626
"CTCCTAGCATAACCTG-1",9.41824962471534
"CTCCTAGCATGCGCAC-1",0
"CTCCTAGGTAGAAAGG-1",0
"CTCCTAGGTCCGAGTC-1",0
"CTCCTAGGTCTAGCCG-1",0
"CTCCTAGGTGTTTGTG-1",8.11793412803969
"CTCCTAGGTTCGTGAT-1",6.27490312282517
"CTCCTAGGTTGTTTGG-1",0
"CTCCTAGTCACTTACT-1",13.2945004632647
"CTCCTAGTCTCATTCA-1",0
"CTCGAAAAGCCCAACC-1",7.33358838377776
"CTCGAAAAGCTATGCT-1",8.19626171115299
"CTCGAAAAGGCCCTTG-1",9.1211695746097
"CTCGAAAAGGGCTTCC-1",0
"CTCGAAACAAGCCGTC-1",0
"CTCGAAACACATTAGC-1",7.73794308881121
"CTCGAAACACCGAAAG-1",0
"CTCGAAACACGGCTAC-1",6.69077586235589
"CTCGAAACAGTAAGAT-1",0
"CTCGAGGAGCCATCGC-1",10.5973662063039
"CTCGAGGAGGGCTTCC-1",0
"CTCGAGGCAGATAATG-1",10.4892554667406
"CTCGAGGGTATTCTCT-1",0
"CTCGAGGGTGCCTGGT-1",0
"CTCGGAGAGTCCCACG-1",0
"CTCGGAGCACTTCTGC-1",0
"CTCGGAGCAGCTGCAC-1",0
"CTCGGAGCAGGATCGA-1",9.5476521433267
"CTCGGAGGTAGCCTAT-1",0
"CTCGGAGGTCATGCCG-1",8.49674820528115
"CTCGGAGTCAAACGGG-1",0
"CTCGGAGTCACATACG-1",9.03458601280717
"CTCGGAGTCAGCTTAG-1",0
"CTCGGGAAGACCTAGG-1",6.76557604394042
"CTCGGGACACAGCCCA-1",7.27352902858809
"CTCGGGACATAAAGGT-1",0
"CTCGGGACATCCCACT-1",0
"CTCGGGACATGTCGAT-1",6.30363690917254
"CTCGGGAGTCGCGTGT-1",7.44670103124804
"CTCGGGAGTGACTACT-1",7.2653481248584
"CTCGGGAGTTACGACT-1",0
"CTCGGGATCCGTACAA-1",0
"CTCGGGATCCTTGACC-1",0
"CTCGGGATCTTGTTTG-1",0
"CTCGTACAGCGATAGC-1",0
"CTCGTACCAGCGTAAG-1",0
"CTCGTACCATAGTAAG-1",0
"CTCGTACGTAGAGTGC-1",11.3398657593924
"CTCGTACGTATCACCA-1",7.78027111905014
"CTCGTACGTGCAGTAG-1",0
"CTCGTACTCAAAGTAG-1",6.78094543671747
"CTCGTACTCAATCTCT-1",0
"CTCGTACTCGTTGCCT-1",13.32795295762
"CTCGTACTCTGGTTCC-1",0
"CTCGTCAAGATGCCTT-1",0
"CTCGTCAAGTGGAGTC-1",0
"CTCGTCAAGTTTGCGT-1",0
"CTCGTCACAACGATCT-1",0
"CTCGTCACACATCCGG-1",8.62352530318311
"CTCGTCACAGTCGTGC-1",0
"CTCGTCAGTCTCATCC-1",0
"CTCGTCAGTCTCCATC-1",0
"CTCGTCAGTGAGCGAT-1",5.99296297490312
"CTCGTCAGTTGACGTT-1",0
"CTCGTCAGTTGGGACA-1",10.7737492909537
"CTCGTCATCACTTATC-1",8.26038845376391
"CTCGTCATCGACCAGC-1",0
"CTCGTCATCTGCTGTC-1",0
"CTCTAATCACCAGGTC-1",9.61446072720111
"CTCTAATCACGGTGTC-1",7.30997672102178
"CTCTAATCAGGAATCG-1",6.69190662842641
"CTCTAATGTCCAAGTT-1",8.43001574411166
"CTCTACGAGCTAAACA-1",0
"CTCTACGAGCTAGTGG-1",7.41238557927564
"CTCTACGAGTACGCCC-1",0
"CTCTACGAGTAGGCCA-1",0
"CTCTACGCAATAACGA-1",9.5476521433267
"CTCTACGCAGACGCTC-1",7.32313625038943
"CTCTACGCATGACATC-1",10.2284416331658
"CTCTACGTCATGTCTT-1",7.30997672102178
"CTCTACGTCCCTAATT-1",6.67232159237275
"CTCTACGTCGGCATCG-1",9.60321335390884
"CTCTACGTCGGTCTAA-1",9.7209304843135
"CTCTGGTAGCGTTCCG-1",0
"CTCTGGTAGGCATGGT-1",5.99173679862229
"CTCTGGTAGTGCCAGA-1",7.1940350862169
"CTCTGGTCACAAGCCC-1",8.78984981152039
"CTCTGGTCAGCCTTTC-1",7.20630775652513
"CTCTGGTTCATCTGTT-1",6.77160316733265
"CTCTGGTTCTTGTACT-1",0
"CTGAAACAGATCCCGC-1",8.83422470918895
"CTGAAACAGGTGCTAG-1",0
"CTGAAACAGTCCGTAT-1",10.1636307795554
"CTGAAACAGTGTCTCA-1",0
"CTGAAACGTCATCGGC-1",8.57527946335385
"CTGAAACGTTAAAGAC-1",9.26732264960432
"CTGAAACTCATACGGT-1",12.2397486356815
"CTGAAGTAGTGCGTGA-1",10.4663014908611
"CTGAAGTCAGCTGTAT-1",10.4892554667406
"CTGAAGTGTTAAAGTG-1",0
"CTGAAGTTCAAGCCTA-1",0
"CTGAAGTTCGGATGTT-1",0
"CTGATAGAGGGAGTAA-1",0
"CTGATAGAGTGCAAGC-1",8.63832121221915
"CTGATAGCAGCCTTTC-1",0
"CTGATAGCATCCCATC-1",0
"CTGATAGCATCTCCCA-1",0
"CTGATAGGTCAAAGCG-1",6.83037286773495
"CTGATAGGTCGCTTTC-1",0
"CTGATAGGTTACGACT-1",10.6196272133163
"CTGATAGTCGCGATCG-1",0
"CTGATCCAGGCATTGG-1",9.03458601280717
"CTGATCCAGGTGACCA-1",0
"CTGATCCCACAGAGGT-1",8.78984981152039
"CTGATCCCAGGCTGAA-1",10.6001822215961
"CTGATCCGTGCCTGGT-1",10.1742809147383
"CTGATCCGTTATCCGA-1",13.5922884276347
"CTGATCCGTTGTGGCC-1",0
"CTGCCTAAGGGTCTCC-1",8.25553920578875
"CTGCCTAAGGTGATAT-1",0
"CTGCCTAAGTACGCGA-1",0
"CTGCCTAAGTGCGTGA-1",0
"CTGCCTACATCCCACT-1",9.28316119226135
"CTGCCTATCAATAAGG-1",6.83037286773495
"CTGCGGAAGAAGGACA-1",7.59462537097542
"CTGCGGAAGAGCTGGT-1",9.54198417265945
"CTGCGGAAGATGAGAG-1",6.68448001706735
"CTGCGGACAGGTCGTC-1",12.5795758351515
"CTGCGGACATGTCTCC-1",0
"CTGCGGAGTCACTTCC-1",8.30657113886515
"CTGCGGAGTCGTGGCT-1",0
"CTGCGGAGTTCTGTTT-1",0
"CTGCGGAGTTGGACCC-1",13.545036361786
"CTGCGGATCGCCTGTT-1",0
"CTGCGGATCTTACCGC-1",0
"CTGCTGTAGGGTGTTG-1",10.0136556830252
"CTGCTGTAGTACCGGA-1",0
"CTGCTGTAGTGGAGAA-1",0
"CTGCTGTCACATCTTT-1",6.41585415388109
"CTGCTGTGTTAAAGAC-1",0
"CTGCTGTTCTCCAACC-1",0
"CTGCTGTTCTTACCGC-1",12.2635371479406
"CTGGTCTAGCGTTGCC-1",7.0099246870968
"CTGGTCTAGGACAGCT-1",11.7704255476792
"CTGGTCTAGGGCTTGA-1",9.28316119226135
"CTGGTCTAGTCGAGTG-1",0
"CTGGTCTCAAAGGAAG-1",10.1742809147383
"CTGGTCTCACCAGTTA-1",0
"CTGGTCTGTACCTACA-1",0
"CTGGTCTGTACGCTGC-1",0
"CTGGTCTGTCCGCTGA-1",0
"CTGGTCTGTCCGTTAA-1",11.3499154986549
"CTGGTCTGTTCATGGT-1",0
"CTGGTCTGTTCGTGAT-1",0
"CTGGTCTTCAACGGGA-1",9.81066558918409
"CTGGTCTTCACTTACT-1",7.78615094744564
"CTGGTCTTCTTACCTA-1",0
"CTGTGCTGTATATCCG-1",6.06021172867472
"CTGTGCTGTCATCCCT-1",0
"CTGTGCTGTCCCTACT-1",0
"CTGTGCTGTCGGCACT-1",0
"CTGTGCTTCCATTCTA-1",10.9798901132675
"CTGTTTAAGAAACCGC-1",0
"CTGTTTAAGATCGATA-1",0
"CTGTTTAAGGAGTTGC-1",10.8434188669526
"CTGTTTAGTCAAAGCG-1",0
"CTGTTTATCAGCCTAA-1",7.1940350862169
"CTGTTTATCATTTGGG-1",0
"CTGTTTATCTCCAGGG-1",5.99173679862229
"CTGTTTATCTCTTGAT-1",0
"CTGTTTATCTTCTGGC-1",11.3685973967813
"CTTAACTAGCCAGTAG-1",0
"CTTAACTAGGCTCTTA-1",10.6196272133163
"CTTAACTAGGTGCACA-1",11.3685973967813
"CTTAACTAGTCTCGGC-1",6.06021172867472
"CTTACCGAGCGCTTAT-1",7.2653481248584
"CTTACCGAGGCTACGA-1",0
"CTTACCGCAGATCTGT-1",0
"CTTACCGCAGTCAGAG-1",9.28316119226135
"CTTACCGGTCCTGCTT-1",0
"CTTACCGGTCGCCATG-1",0
"CTTACCGGTCTACCTC-1",0
"CTTACCGTCGGACAAG-1",0
"CTTAGGAAGCCCAACC-1",7.28833213180475
"CTTAGGACACGACGAA-1",10.3938727974515
"CTTAGGAGTTATGTGC-1",7.5698165687426
"CTTAGGATCCCATTTA-1",0
"CTTAGGATCTTTACAC-1",0
"CTTCTCTAGAACTCGG-1",0
"CTTCTCTAGAGTGAGA-1",8.985820343523
"CTTCTCTAGCAGGCTA-1",10.6118327985924
"CTTCTCTAGTTAACGA-1",6.30363690917254
"CTTCTCTCAAAGGTGC-1",0
"CTTCTCTGTAACGACG-1",9.75129047974101
"CTTCTCTGTGCATCTA-1",0
"CTTCTCTTCGAGCCCA-1",7.07133410081375
"CTTGGCTAGCGATATA-1",0
"CTTGGCTAGTACGTTC-1",6.04454163927868
"CTTGGCTCATTACCTT-1",6.69077586235589
"CTTGGCTGTCTCCATC-1",7.91068418645287
"CTTGGCTTCCCTAATT-1",8.30706597981144
"CTTGGCTTCGCGTAGC-1",0
"CTTGGCTTCTCGTTTA-1",0
"CTTTGCGAGCAAATCA-1",0
"CTTTGCGAGCGTTCCG-1",0
"CTTTGCGAGTATCTCG-1",6.87012118168036
"CTTTGCGCAATTCCTT-1",11.4251414423756
"CTTTGCGCACTTAAGC-1",11.7704255476792
"CTTTGCGCAGACGCAA-1",12.5567700547643
"CTTTGCGGTAGAGGAA-1",0
"CTTTGCGTCCAGGGCT-1",0
"GAAACTCAGAGACGAA-1",8.985820343523
"GAAACTCAGAGGTTAT-1",0
"GAAACTCAGCAGCCTC-1",0
"GAAACTCAGCCCAGCT-1",0
"GAAACTCAGCTAAACA-1",0
"GAAACTCAGTGCTGCC-1",7.49165730789233
"GAAACTCCAAGCCCAC-1",0
"GAAACTCCACATGACT-1",10.2284416331658
"GAAACTCCAGACACTT-1",0
"GAAACTCCATGGATGG-1",0
"GAAACTCGTACTCGCG-1",12.8643224961039
"GAAACTCGTAGCGATG-1",0
"GAAACTCGTGTGAAAT-1",0
"GAAACTCGTTTGTGTG-1",11.2263592635191
"GAAATGAAGCCAGTTT-1",0
"GAAATGAAGCTAGTCT-1",0
"GAAATGAAGTACGTAA-1",7.64395387156168
"GAAATGATCATGCTCC-1",0
"GAAATGATCCTCGCAT-1",8.57527946335385
"GAACATCAGATGGCGT-1",7.0576596648692
"GAACATCCAACAACCT-1",0
"GAACATCCACATCTTT-1",0
"GAACATCCACCTATCC-1",0
"GAACATCCACGGACAA-1",0
"GAACATCCATGCTAGT-1",0
"GAACATCGTACGACCC-1",0
"GAACATCGTGGACGAT-1",0
"GAACATCGTTCCCGAG-1",0
"GAACATCTCCAAGTAC-1",0
"GAACATCTCGATCCCT-1",0
"GAACATCTCTCCAACC-1",6.70426825122439
"GAACCTAAGAACTGTA-1",7.14087233063248
"GAACCTAAGAGCAATT-1",11.5007434274944
"GAACCTAAGCCAGTAG-1",0
"GAACCTACAAGGACAC-1",8.3270069352377
"GAACCTACAGACACTT-1",10.6196272133163
"GAACCTAGTACCAGTT-1",0
"GAACCTAGTGTCAATC-1",0
"GAACCTATCACGATGT-1",0
"GAACGGAAGACGCAAC-1",0
"GAACGGAAGTAATCCC-1",6.88623757055721
"GAACGGAAGTCAATAG-1",6.54601575986845
"GAACGGAAGTGGACGT-1",6.54601575986845
"GAACGGACACAGCGTC-1",0
"GAACGGACACCTCGTT-1",11.3685973967813
"GAACGGACACTTAACG-1",0
"GAACGGAGTAGCGTAG-1",0
"GAACGGAGTCAGAGGT-1",0
"GAACGGAGTGGCGAAT-1",0
"GAACGGATCACTCCTG-1",6.28295713472408
"GAACGGATCCACGAAT-1",0
"GAACGGATCGTAGGAG-1",0
"GAACGGATCTGTCAAG-1",0
"GAAGCAGAGACTAAGT-1",8.25553920578875
"GAAGCAGAGAGACGAA-1",0
"GAAGCAGAGCCACGCT-1",8.14969933926275
"GAAGCAGAGTTCGCGC-1",6.50221148467427
"GAAGCAGCAATCCGAT-1",7.0099246870968
"GAAGCAGCAGATCTGT-1",0
"GAAGCAGCAGATGAGC-1",7.64395387156168
"GAAGCAGCATGAACCT-1",0
"GAAGCAGCATGGAATA-1",6.24006522565563
"GAAGCAGGTAACGCGA-1",9.5476521433267
"GAAGCAGGTCATACTG-1",6.68448001706735
"GAAGCAGTCCTAGTGA-1",7.39372067239132
"GAAGCAGTCTTATCTG-1",0
"GAATAAGCAAGGTGTG-1",7.91942799034948
"GAATAAGCAGACAAGC-1",0
"GAATAAGCATGCAACT-1",0
"GAATAAGGTCCGTTAA-1",8.57527946335385
"GAATAAGGTGAGTGAC-1",7.78005470849433
"GAATAAGGTTCCCTTG-1",0
"GAATAAGTCGTTTAGG-1",0
"GAATGAAAGAGTCTGG-1",9.98951117479788
"GAATGAAAGCTTATCG-1",0
"GAATGAAAGGCATGTG-1",7.56126394207869
"GAATGAACAAACGCGA-1",0
"GAATGAACAGTGAGTG-1",0
"GAATGAACATCATCCC-1",0
"GAATGAAGTCAACATC-1",7.0099246870968
"GAATGAAGTCTCACCT-1",0
"GAATGAAGTGGCAAAC-1",0
"GAATGAAGTTGCGTTA-1",0
"GAATGAATCAGTTAGC-1",0
"GAATGAATCCTGCCAT-1",8.23215878883443
"GACACGCAGACGCACA-1",8.4325136221084
"GACACGCAGAGTAATC-1",13.2945004632647
"GACACGCAGCCAACAG-1",9.35744402641667
"GACACGCAGGAGTTTA-1",7.2653481248584
"GACACGCAGGGCATGT-1",6.22027520442433
"GACACGCAGGTGCACA-1",10.4336906084427
"GACACGCAGTCCAGGA-1",7.28389309439585
"GACACGCAGTGGGATC-1",9.28316119226135
"GACACGCAGTGGGTTG-1",0
"GACACGCCAAGCGTAG-1",6.70855519001055
"GACACGCCAAGGACAC-1",0
"GACACGCCAGACGCTC-1",0
"GACACGCCATCCTTGC-1",0
"GACACGCGTTCACGGC-1",0
"GACACGCTCATGTAGC-1",7.59462537097542
"GACAGAGAGTACGATA-1",0
"GACAGAGCAACGATCT-1",8.21722417608633
"GACAGAGCAAGTCTAC-1",0
"GACAGAGCAGCTCCGA-1",11.7704255476792
"GACAGAGCAGCTGGCT-1",0
"GACAGAGTCAAACAAG-1",0
"GACAGAGTCAGAGACG-1",11.3052422639148
"GACAGAGTCCTTCAAT-1",0
"GACAGAGTCCTTGCCA-1",6.63589458473719
"GACAGAGTCTTCATGT-1",0
"GACCAATAGAAGGGTA-1",0
"GACCAATAGCTACCGC-1",8.12888340969096
"GACCAATAGCTACCTA-1",10.8646166333514
"GACCAATCAGGTGCCT-1",0
"GACCAATCATGCGCAC-1",0
"GACCAATGTACAGTTC-1",0
"GACCAATGTCGCTTCT-1",11.3052422639148
"GACCAATTCCGATATG-1",0
"GACCAATTCGAATGGG-1",0
"GACCAATTCGTCACGG-1",0
"GACCTGGCATCACAAC-1",6.78094543671747
"GACCTGGCATGTCTCC-1",0
"GACCTGGCATTGGCGC-1",0
"GACCTGGGTAAAGGAG-1",0
"GACCTGGGTCCAGTTA-1",7.22862139339042
"GACCTGGGTGCAGTAG-1",7.78005470849433
"GACCTGGTCATAGCAC-1",0
"GACCTGGTCCTTGCCA-1",10.4892554667406
"GACCTGGTCGCATGAT-1",8.985820343523
"GACCTGGTCGTCACGG-1",0
"GACGCGTAGTGGTAAT-1",10.1482715322816
"GACGCGTAGTTGTAGA-1",0
"GACGCGTGTAAAGGAG-1",9.81241570590223
"GACGCGTGTGTGAAAT-1",0
"GACGCGTGTTAAGACA-1",13.545036361786
"GACGCGTTCAAACCGT-1",0
"GACGCGTTCCAAATGC-1",10.1175598583996
"GACGCGTTCCGCGGTA-1",0
"GACGCGTTCCTACAGA-1",0
"GACGCGTTCTCCGGTT-1",0
"GACGGCTAGAAGATTC-1",11.1278830849641
"GACGGCTAGAGCTGGT-1",0
"GACGGCTCAAGGTTTC-1",0
"GACGGCTCACCGCTAG-1",0
"GACGGCTCATGAACCT-1",0
"GACGGCTCATGCAACT-1",7.91942799034948
"GACGGCTGTGTGTGCC-1",0
"GACGGCTGTTATGTGC-1",0
"GACGGCTGTTTGGCGC-1",14.313233517899
"GACGGCTTCTATCGCC-1",0
"GACGTGCAGGCAAAGA-1",11.2778764481508
"GACGTGCAGGGTGTGT-1",9.60321335390884
"GACGTGCAGGTGTTAA-1",6.6650439147396
"GACGTGCCAGGTCGTC-1",0
"GACGTGCGTAACGTTC-1",0
"GACGTGCTCACCTCGT-1",0
"GACGTTAAGCTACCGC-1",0
"GACGTTAAGGCAAAGA-1",0
"GACGTTAAGTCAAGCG-1",6.55380136683221
"GACGTTACAAGCCATT-1",7.5698165687426
"GACGTTACAAGGTTTC-1",0
"GACGTTACAGACACTT-1",0
"GACGTTAGTATCTGCA-1",0
"GACGTTAGTTTGACAC-1",7.14548180063427
"GACGTTAGTTTGACTG-1",6.50221148467427
"GACGTTATCACAGGCC-1",0
"GACGTTATCATTGCGA-1",0
"GACGTTATCCCGGATG-1",0
"GACGTTATCCGAAGAG-1",0
"GACGTTATCGCGTTTC-1",7.78027111905014
"GACGTTATCTGTCCGT-1",0
"GACTAACAGACAGAGA-1",0
"GACTAACAGTGGAGAA-1",0
"GACTAACCAAATCCGT-1",7.28833213180475
"GACTAACGTCTAGTCA-1",0
"GACTAACGTGCAACTT-1",0
"GACTAACGTTCAGACT-1",6.99203372338416
"GACTAACTCCTTTCTC-1",0
"GACTAACTCTTGCCGT-1",7.78005470849433
"GACTAACTCTTTACAC-1",7.91942799034948
"GACTACAAGATATGGT-1",0
"GACTACACAAATCCGT-1",8.52455510640637
"GACTACAGTGCTGTAT-1",8.63832121221915
"GACTACATCAGCCTAA-1",7.60217667351124
"GACTACATCAGGTAAA-1",0
"GACTACATCTGCAGTA-1",0
"GACTGCGAGCGTAGTG-1",0
"GACTGCGAGTTGTAGA-1",10.6001822215961
"GACTGCGCACTTAACG-1",8.30706597981144
"GACTGCGCATGTTCCC-1",9.84697478757156
"GACTGCGGTACGCACC-1",0
"GACTGCGGTTCTCATT-1",8.52482103598953
"GACTGCGTCAACACAC-1",0
"GACTGCGTCACGACTA-1",10.9798901132675
"GACTGCGTCGCCCTTA-1",0
"GACTGCGTCTCAAACG-1",0
"GAGCAGAGTAGGGTAC-1",0
"GAGCAGAGTCAGATAA-1",8.03730792101911
"GAGCAGAGTCATATGC-1",7.60217667351124
"GAGCAGAGTGAGCGAT-1",0
"GAGCAGAGTGTAACGG-1",0
"GAGCAGAGTGTGACCC-1",0
"GAGCAGAGTTCGGGCT-1",8.90504130136285
"GAGCAGAGTTTAAGCC-1",0
"GAGCAGAGTTTGCATG-1",0
"GAGGTGAAGCAACGGT-1",7.30608351822304
"GAGGTGAAGGCTCTTA-1",9.48444836515334
"GAGGTGAAGTGGTAGC-1",8.13023203628389
"GAGGTGAAGTTGTAGA-1",0
"GAGGTGACACTGTCGG-1",0
"GAGGTGACATCCTTGC-1",0
"GAGGTGACATGCATGT-1",0
"GAGGTGAGTACCTACA-1",10.9798901132675
"GAGGTGAGTCATTAGC-1",7.07133410081375
"GAGGTGAGTTCCTCCA-1",9.21896815786213
"GAGGTGATCATCGCTC-1",6.50743837222434
"GAGGTGATCTAGAGTC-1",8.38558177422549
"GAGGTGATCTCTAGGA-1",9.54198417265945
"GAGGTGATCTGCTGTC-1",0
"GAGGTGATCTGGGCCA-1",14.9325841425493
"GAGTCCGAGGACAGAA-1",0
"GAGTCCGAGGCATGTG-1",0
"GAGTCCGAGGCGTACA-1",11.9906324226488
"GAGTCCGCAAACCCAT-1",0
"GAGTCCGGTCAAGCGA-1",7.71445106932045
"GAGTCCGGTGACCAAG-1",8.39864531952957
"GAGTCCGGTGACTCAT-1",0
"GAGTCCGGTGTGACCC-1",0
"GAGTCCGGTTCGGGCT-1",0
"GAGTCCGGTTTGCATG-1",7.00152533218847
"GAGTCCGTCGGCGCAT-1",0
"GAGTCCGTCTGATTCT-1",0
"GATCAGTAGATGTCGG-1",0
"GATCAGTAGTGGTAGC-1",0
"GATCAGTGTATATGAG-1",0
"GATCAGTGTCTGCGGT-1",0
"GATCAGTGTTATGCGT-1",6.83037286773495
"GATCAGTGTTGTACAC-1",0
"GATCGATAGAATGTTG-1",7.78027111905014
"GATCGATAGAGCTGCA-1",0
"GATCGATAGCATGGCA-1",0
"GATCGATCAAGCGAGT-1",0
"GATCGATCAAGCGTAG-1",0
"GATCGATGTCAACATC-1",6.55380136683221
"GATCGATGTTGCCTCT-1",0
"GATCGATTCCGCATCT-1",6.70426825122439
"GATCGCGAGATAGTCA-1",7.52579797246929
"GATCGCGAGCCTTGAT-1",7.45338793214282
"GATCGCGAGGAGCGTT-1",9.1211695746097
"GATCGCGCAGGTCGTC-1",0
"GATCGCGGTACAGCAG-1",0
"GATCGCGGTGAGTATA-1",0
"GATCGCGGTTGTCGCG-1",11.1278830849641
"GATCGCGTCACTCCTG-1",0
"GATCGTAAGACATAAC-1",6.70855519001055
"GATCGTAAGCTCAACT-1",0
"GATCGTACATAACCTG-1",0
"GATCGTAGTGGCTCCA-1",7.24515946579296
"GATCGTATCATATCGG-1",7.28833213180475
"GATCGTATCATGTCCC-1",0
"GATCGTATCTTACCGC-1",0
"GATCTAGAGCGTCTAT-1",0
"GATCTAGAGTGGAGAA-1",0
"GATCTAGCAACACCTA-1",0
"GATCTAGCAAGGGTCA-1",9.07456160686358
"GATCTAGGTCTAAAGA-1",0
"GATCTAGGTCTCACCT-1",9.41824962471534
"GATCTAGGTCTCTTTA-1",0
"GATCTAGTCACATAGC-1",12.658799593173
"GATCTAGTCTAAGCCA-1",0
"GATGAAAAGAGTAATC-1",0
"GATGAAAAGCTCCCAG-1",0
"GATGAAACACGGTAGA-1",6.6650439147396
"GATGAAACAGCTGTAT-1",11.3685973967813
"GATGAAAGTGGGTATG-1",6.70855519001055
"GATGAAATCACCCTCA-1",12.2635371479406
"GATGAAATCACTCCTG-1",9.41824962471534
"GATGAAATCAGCAACT-1",0
"GATGAAATCGAGAGCA-1",0
"GATGAGGAGATCCCGC-1",8.56194030574053
"GATGAGGAGTTCGATC-1",0
"GATGAGGCACCAGTTA-1",7.23243886638913
"GATGAGGGTATCACCA-1",0
"GATGAGGGTATTCGTG-1",0
"GATGAGGGTCGCGTGT-1",0
"GATGAGGGTGATGATA-1",0
"GATGAGGTCACAGGCC-1",5.99173679862229
"GATGAGGTCACATAGC-1",0
"GATGAGGTCCCTTGTG-1",8.14969933926275
"GATGAGGTCTGCTGTC-1",10.9798901132675
"GATGCTAAGACTAAGT-1",11.7704255476792
"GATGCTAAGGATGCGT-1",0
"GATGCTAAGGCTCTTA-1",0
"GATGCTAAGGGAACGG-1",0
"GATGCTAAGTATCTCG-1",9.54198417265945
"GATGCTAAGTCTCGGC-1",0
"GATGCTACATGTTGAC-1",0
"GATGCTACATTGCGGC-1",0
"GATGCTAGTCTCCATC-1",0
"GATGCTAGTGGAAAGA-1",8.55818746058247
"GATGCTAGTTAGGGTG-1",0
"GATGCTATCCTGTACC-1",0
"GATGCTATCGGCGCTA-1",0
"GATTCAGAGAAACCTA-1",0
"GATTCAGAGAGTGACC-1",6.87012118168036
"GATTCAGAGATTACCC-1",7.78005470849433
"GATTCAGAGGGTCGAT-1",10.6196272133163
"GATTCAGAGGTCGGAT-1",8.19581071631559
"GATTCAGAGTCAATAG-1",0
"GATTCAGCAAGTTGTC-1",6.70855519001055
"GATTCAGCAATTCCTT-1",9.07456160686358
"GATTCAGCAGGGTACA-1",0
"GATTCAGCATCGACGC-1",0
"GATTCAGCATTATCTC-1",7.22862139339042
"GATTCAGGTAAATACG-1",0
"GATTCAGTCAACTCTT-1",7.32313625038943
"GCAAACTAGATGTTAG-1",7.1940350862169
"GCAAACTAGTCATGCT-1",8.97131761516678
"GCAAACTAGTCTCAAC-1",8.25849473425664
"GCAAACTCACAGGTTT-1",7.1940350862169
"GCAAACTGTCAGATAA-1",0
"GCAAACTGTCTCCATC-1",0
"GCAAACTTCGTGGTCG-1",7.91942799034948
"GCAATCAAGGGATCTG-1",0
"GCAATCAAGTATCTCG-1",0
"GCAATCAAGTGGGTTG-1",7.32313625038943
"GCAATCACAGCTTAAC-1",5.99296297490312
"GCAATCACATGTCGAT-1",0
"GCAATCACATTCCTCG-1",6.68448001706735
"GCAATCAGTAGGAGTC-1",6.06021172867472
"GCAATCAGTATAATGG-1",7.49165730789233
"GCAATCAGTTCTCATT-1",0
"GCAATCAGTTCTGGTA-1",0
"GCACATAAGAGCTATA-1",10.4892554667406
"GCACATAAGATGTTAG-1",0
"GCACATAAGCCTTGAT-1",13.1669237189585
"GCACATAAGGAGTACC-1",12.6405502588713
"GCACATAAGTGAAGTT-1",10.276596614114
"GCACATACACCACGTG-1",10.6001822215961
"GCACATACAGCTGTAT-1",6.57341630863726
"GCACATACAGGAACGT-1",0
"GCACATAGTCATCGGC-1",7.2653481248584
"GCACATAGTCCGAATT-1",8.11793412803969
"GCACATAGTCTCTTTA-1",0
"GCACATAGTGCGCTTG-1",0
"GCACATATCACCTCGT-1",0
"GCACATATCTGGTTCC-1",6.24006522565563
"GCACTCTCAAGACACG-1",0
"GCACTCTCAATCACAC-1",0
"GCACTCTCATTTCAGG-1",0
"GCACTCTGTAAACCTC-1",0
"GCACTCTGTACCAGTT-1",7.14087233063248
"GCACTCTGTAGAAAGG-1",0
"GCACTCTGTCGAACAG-1",9.5509340952342
"GCACTCTGTCTAGGTT-1",9.07456160686358
"GCACTCTTCAACTCTT-1",12.2635371479406
"GCACTCTTCCCTAATT-1",0
"GCACTCTTCTGCCCTA-1",0
"GCAGCCAAGCTGATAA-1",0
"GCAGCCACATGAGCGA-1",0
"GCAGCCAGTAATCGTC-1",0
"GCAGCCAGTGTCGCTG-1",7.32049962608622
"GCAGCCATCAGTTGAC-1",0
"GCAGCCATCCCAACGG-1",7.00152533218847
"GCAGCCATCCGTACAA-1",0
"GCAGTTAAGTCCATAC-1",0
"GCAGTTAAGTCCGTAT-1",0
"GCAGTTAAGTTAACGA-1",8.49055792144433
"GCAGTTAGTGGACGAT-1",15.0316303465001
"GCAGTTAGTTATTCTC-1",0
"GCAGTTATCGCGATCG-1",6.5623390839868
"GCATACAAGATCTGCT-1",6.90002489498983
"GCATACAAGCAACGGT-1",0
"GCATACACAACGCACC-1",9.62935562378978
"GCATACACAAGGACTG-1",0
"GCATACACAAGTCTGT-1",0
"GCATACACAGTCAGCC-1",0
"GCATACACATCCTAGA-1",0
"GCATACACATCGGAAG-1",6.57786774302415
"GCATACAGTCCGAACC-1",8.98259180769565
"GCATACAGTTCTGGTA-1",0
"GCATACATCCACGACG-1",0
"GCATGATAGAATGTTG-1",0
"GCATGATAGAGTAATC-1",0
"GCATGATAGCTGATAA-1",0
"GCATGATAGGACCACA-1",0
"GCATGATAGGCTAGCA-1",8.04434519939641
"GCATGATAGTCAAGCG-1",6.69190662842641
"GCATGATAGTGGAGAA-1",0
"GCATGATCACACCGAC-1",0
"GCATGATCACATTTCT-1",0
"GCATGATGTCCCTACT-1",10.1742809147383
"GCATGATGTTGCGCAC-1",10.4892554667406
"GCATGATTCGTGGACC-1",0
"GCATGCGAGCATGGCA-1",0
"GCATGCGAGTCCAGGA-1",0
"GCATGCGCACTGCCAG-1",7.1940350862169
"GCATGCGGTAAGGATT-1",0
"GCATGCGGTCCTCTTG-1",0
"GCATGCGGTGTGAAAT-1",9.1211695746097
"GCATGCGTCCGCGGTA-1",7.78005470849433
"GCATGTAAGAACTGTA-1",7.80983197211417
"GCATGTAAGACAGACC-1",0
"GCATGTAAGTACTTGC-1",0
"GCATGTAAGTGCAAGC-1",0
"GCATGTACAACACGCC-1",7.32049962608622
"GCATGTATCACGAAGG-1",0
"GCCAAATCAAACTGTC-1",0
"GCCAAATCAAGGGTCA-1",10.4336906084427
"GCCAAATCAAGTTCTG-1",10.2284416331658
"GCCAAATCATAACCTG-1",0
"GCCAAATGTATAAACG-1",0
"GCCAAATGTGTTTGGT-1",0
"GCCAAATGTTTCGCTC-1",0
"GCCAAATTCAGGTAAA-1",0
"GCCAAATTCCGAGCCA-1",0
"GCCAAATTCCGCGGTA-1",6.6916683808092
"GCCAAATTCGGCTACG-1",0
"GCCTCTAAGAGTACCG-1",0
"GCCTCTAAGCCATCGC-1",6.22027520442433
"GCCTCTAAGCCGCCTA-1",0
"GCCTCTAAGCGATAGC-1",0
"GCCTCTAAGCTGCAAG-1",7.07133410081375
"GCCTCTAAGCTTCGCG-1",9.07456160686358
"GCCTCTAAGTCACGCC-1",9.5476521433267
"GCCTCTACAAGACGTG-1",0
"GCCTCTACAGCTATTG-1",0
"GCCTCTAGTAAGGATT-1",0
"GCCTCTAGTGATGATA-1",0
"GCCTCTAGTTAAGGGC-1",7.49878955254512
"GCCTCTATCAGCGACC-1",9.5509340952342
"GCCTCTATCCGATATG-1",0
"GCCTCTATCGAATCCA-1",0
"GCCTCTATCGAGCCCA-1",0
"GCCTCTATCGCTGATA-1",0
"GCCTCTATCTTTAGGG-1",8.89262936391627
"GCGACCAAGAGGTTAT-1",7.53922361708442
"GCGACCACACTTACGA-1",13.5922884276347
"GCGACCAGTCAGGACA-1",0
"GCGACCAGTCTAGAGG-1",0
"GCGACCATCAACGGGA-1",7.22303945117321
"GCGACCATCCCGGATG-1",9.84697478757156
"GCGACCATCTACTCAT-1",7.38719379752803
"GCGAGAAAGGTTCCTA-1",0
"GCGAGAAAGTACGATA-1",8.14969933926275
"GCGAGAAAGTGTCTCA-1",10.9578840218683
"GCGAGAACAAGCCCAC-1",0
"GCGAGAACACTGAAGG-1",9.41824962471534
"GCGAGAAGTAGCGCTC-1",8.39864531952957
"GCGAGAAGTCCCTACT-1",11.3398657593924
"GCGAGAATCCTTTCGG-1",12.5567700547643
"GCGAGAATCGAGAGCA-1",0
"GCGAGAATCGCACTCT-1",5.99173679862229
"GCGCAACAGTCCTCCT-1",0
"GCGCAACAGTGTACGG-1",0
"GCGCAACCAAGTCTGT-1",11.5218637975568
"GCGCAACCAGCCACCA-1",10.1636307795554
"GCGCAACGTAGCGCTC-1",0
"GCGCAACGTCCCTTGT-1",8.04434519939641
"GCGCAACGTCCTAGCG-1",7.07133410081375
"GCGCAACGTCGACTAT-1",0
"GCGCAACGTCTAGAGG-1",6.7566625386679
"GCGCAACTCAATACCG-1",0
"GCGCAGTCACATCCAA-1",0
"GCGCAGTCATTACCTT-1",0
"GCGCAGTGTTAGGGTG-1",0
"GCGCAGTTCGATCCCT-1",0
"GCGCAGTTCGCGGATC-1",17.829292590459
"GCGCCAAAGACATAAC-1",0
"GCGCCAAAGGACAGCT-1",12.658799593173
"GCGCCAAAGGCCCTTG-1",0
"GCGCCAAAGGGCTTCC-1",0
"GCGCCAAAGGTACTCT-1",0
"GCGCCAACATAACCTG-1",0
"GCGCCAACATTGGGCC-1",0
"GCGCCAAGTACTTGAC-1",8.3270069352377
"GCGCCAAGTCGGCACT-1",0
"GCGCCAAGTGAAAGAG-1",6.50221148467427
"GCGCCAAGTTGTACAC-1",0
"GCGCCAATCCGTTGCT-1",6.53890248593842
"GCGCGATAGAAGGTTT-1",0
"GCGCGATAGCAGGTCA-1",0
"GCGCGATAGTGAATTG-1",0
"GCGCGATAGTTTGCGT-1",10.4892554667406
"GCGCGATCAGCTCGAC-1",0
"GCGCGATGTAAGTAGT-1",8.97131761516678
"GCGCGATGTCACTTCC-1",0
"GCGCGATGTTACCAGT-1",0
"GCGCGATTCAGTTAGC-1",0
"GCGCGATTCGTTTAGG-1",0
"GCGGGTTAGAAACGAG-1",0
"GCGGGTTAGCTATGCT-1",0
"GCGGGTTAGTGTGAAT-1",8.91383021353995
"GCGGGTTCACGCGAAA-1",0
"GCGGGTTCAGGCAGTA-1",12.658799593173
"GCGGGTTCAGTAACGG-1",7.16935882722801
"GCGGGTTGTGAGTATA-1",6.35955651453576
"GCGGGTTGTGGCGAAT-1",10.3886057504671
"GCGGGTTTCCAAAGTC-1",0
"GCGGGTTTCCTTTCTC-1",7.28833213180475
"GCGGGTTTCTCCAACC-1",0
"GCGGGTTTCTTGAGGT-1",0
"GCGGGTTTCTTGTATC-1",7.20630775652513
"GCTCCTACAAACTGTC-1",0
"GCTCCTACACCAGGTC-1",0
"GCTCCTACACCGATAT-1",14.1738967556276
"GCTCCTACAGGGTACA-1",6.90002489498983
"GCTCCTACATTAGCCA-1",9.54198417265945
"GCTCCTAGTCAGGACA-1",0
"GCTCCTAGTCCGTCAG-1",9.75129047974101
"GCTCCTATCAGCCTAA-1",0
"GCTCCTATCCCTAATT-1",0
"GCTCTGTAGAGGTAGA-1",7.28833213180475
"GCTCTGTAGCTGAACG-1",0
"GCTCTGTAGGAGTCTG-1",0
"GCTCTGTAGTGCTGCC-1",0
"GCTCTGTAGTGGACGT-1",8.98259180769565
"GCTCTGTTCACCTCGT-1",0
"GCTGCAGAGCGTGAGT-1",0
"GCTGCAGAGTCAAGCG-1",0
"GCTGCAGAGTCCCACG-1",13.32795295762
"GCTGCAGCAATTGCTG-1",8.04434519939641
"GCTGCAGCATGCCCGA-1",0
"GCTGCAGCATGCCTAA-1",0
"GCTGCAGGTAAACCTC-1",0
"GCTGCAGGTACGAAAT-1",0
"GCTGCAGGTAGCGCAA-1",6.14721117907266
"GCTGCAGGTCACCCAG-1",7.59462537097542
"GCTGCAGGTCATGCCG-1",7.32049962608622
"GCTGCGAAGGAATGGA-1",0
"GCTGCGAGTCTAACGT-1",10.4336906084427
"GCTGCGAGTGTTTGGT-1",9.26732264960432
"GCTGCGATCTCCTATA-1",7.51688887031709
"GCTGCGATCTTGTTTG-1",0
"GCTGCTTAGAATTGTG-1",0
"GCTGCTTAGGCAATTA-1",6.68448001706735
"GCTGCTTCATCACGTA-1",0
"GCTGCTTCATCCAACA-1",0
"GCTGCTTCATGCCTAA-1",0
"GCTGCTTCATGGTCAT-1",0
"GCTGCTTGTAACGACG-1",7.1940350862169
"GCTGCTTGTAATCGTC-1",0
"GCTGCTTGTAGGGACT-1",12.1378264964404
"GCTGCTTGTGAAAGAG-1",9.23161672451985
"GCTGCTTTCCGGGTGT-1",0
"GCTGGGTAGACCCACC-1",12.6439357554927
"GCTGGGTAGCCACGCT-1",0
"GCTGGGTAGTCGCCGT-1",0
"GCTGGGTAGTCTCAAC-1",6.54601575986845
"GCTGGGTCACGGCTAC-1",0
"GCTGGGTCAGCCAATT-1",0
"GCTGGGTGTACAGTTC-1",0
"GCTGGGTGTACCGTTA-1",12.3759526195617
"GCTGGGTGTCGAGTTT-1",0
"GCTGGGTGTCTCCACT-1",0
"GCTGGGTGTGCCTGTG-1",0
"GCTGGGTTCAGCTTAG-1",0
"GCTGGGTTCCTTAATC-1",0
"GCTTCCAAGAAACCTA-1",0
"GCTTCCACACCACCAG-1",0
"GCTTCCACAGGTCGTC-1",0
"GCTTCCACAGTGAGTG-1",7.49165730789233
"GCTTCCAGTATAGGTA-1",8.30706597981144
"GCTTCCAGTTCAGCGC-1",0
"GCTTCCATCGTCCAGG-1",0
"GCTTGAAAGATGGCGT-1",0
"GCTTGAAAGCCGTCGT-1",0
"GCTTGAACAAACCTAC-1",0
"GCTTGAACACGGTGTC-1",0
"GCTTGAACATCGGAAG-1",7.16761024264923
"GCTTGAAGTGCGGTAA-1",6.25621323336028
"GCTTGAAGTTCTCATT-1",10.6196272133163
"GCTTGAATCAGGATCT-1",6.35470201055084
"GGAAAGCAGGCAGGTT-1",0
"GGAAAGCCAAACGCGA-1",8.62352530318311
"GGAAAGCCAAGTACCT-1",0
"GGAAAGCGTAAGCACG-1",11.2778764481508
"GGAAAGCGTCCTCCAT-1",6.93302677854154
"GGAAAGCGTCGCGTGT-1",10.3938727974515
"GGAAAGCGTGCTTCTC-1",7.05774539485129
"GGAAAGCTCCAGAGGA-1",0
"GGAACTTAGAGTAAGG-1",13.3424654398266
"GGAACTTCAATGTAAG-1",0
"GGAACTTCACAGGAGT-1",0
"GGAACTTCACCTCGTT-1",0
"GGAACTTGTCTCTTTA-1",8.22983116062291
"GGAACTTTCATTGCCC-1",0
"GGAACTTTCATTTGGG-1",0
"GGAACTTTCCGTCATC-1",0
"GGAACTTTCCTCAACC-1",12.8643224961039
"GGAACTTTCGGATGTT-1",0
"GGAATAAAGGTACTCT-1",0
"GGAATAAAGTGTCCAT-1",0
"GGAATAACAGCGTCCA-1",0
"GGAATAAGTCTGGTCG-1",0
"GGAATAAGTGCAGGTA-1",7.60217667351124
"GGAATAATCAGCACAT-1",5.99173679862229
"GGAATAATCTTTACGT-1",0
"GGACAAGAGGTACTCT-1",8.3270069352377
"GGACAAGCAACGATGG-1",0
"GGACAAGCAGTCGTGC-1",0
"GGACAAGCATGGGACA-1",0
"GGACAAGGTATAAACG-1",9.70049194157847
"GGACAAGGTATGAAAC-1",8.89262936391627
"GGACAAGGTCGGCATC-1",0
"GGACAAGGTTATGCGT-1",0
"GGACAAGTCTAACGGT-1",9.5509340952342
"GGACAGAAGCTAGTCT-1",0
"GGACAGAAGTACTTGC-1",0
"GGACAGACAACACGCC-1",11.6379706639656
"GGACAGACACAAGCCC-1",0
"GGACAGAGTAAGTGGC-1",0
"GGACAGAGTCTTTCAT-1",0
"GGACAGAGTGAGGGAG-1",9.00195030757023
"GGACAGAGTTCCACAA-1",9.23551534733827
"GGACAGATCAACGCTA-1",11.7704255476792
"GGACATTAGAGGGCTT-1",0
"GGACATTAGCCACGTC-1",6.54601575986845
"GGACATTCAAACGCGA-1",0
"GGACATTCAATGACCT-1",0
"GGACATTCACCAGCAC-1",0
"GGACATTGTTCTGGTA-1",0
"GGACATTTCCTCTAGC-1",0
"GGACGTCAGTACTTGC-1",7.14548180063427
"GGACGTCAGTGGTAAT-1",6.93302677854154
"GGACGTCCACAGTCGC-1",0
"GGACGTCGTGAGGGAG-1",7.20990339578158
"GGACGTCGTGGCGAAT-1",0
"GGACGTCGTTACGGAG-1",0
"GGACGTCGTTTAAGCC-1",0
"GGACGTCTCCACTCCA-1",13.5889789908593
"GGACGTCTCGCAAACT-1",10.581568319266
"GGACGTCTCTCCAGGG-1",0
"GGACGTCTCTCGAGTA-1",0
"GGACGTCTCTGGTGTA-1",7.91942799034948
"GGACGTCTCTTCGAGA-1",0
"GGAGCAAAGAACTCGG-1",0
"GGAGCAAAGACTGTAA-1",11.5218637975568
"GGAGCAAAGCCGCCTA-1",0
"GGAGCAAAGCTAAACA-1",0
"GGAGCAAAGTACGCCC-1",0
"GGAGCAACAAGCTGTT-1",0
"GGAGCAACAATGGACG-1",9.5509340952342
"GGAGCAACAATTCCTT-1",6.81949095439763
"GGAGCAACATGCTGGC-1",0
"GGAGCAAGTGAGTATA-1",0
"GGAGCAAGTTACTGAC-1",0
"GGAGCAATCAAGATCC-1",8.39864531952957
"GGAGCAATCCCATTTA-1",0
"GGATGTTCAAACTGTC-1",0
"GGATGTTTCATCACCC-1",8.6223230367094
"GGATGTTTCATGCATG-1",0
"GGATGTTTCCTACAGA-1",0
"GGATGTTTCCTCTAGC-1",0
"GGATTACAGATCCCAT-1",0
"GGATTACAGCTTCGCG-1",0
"GGATTACAGGCTAGCA-1",8.6468925719973
"GGATTACAGTATCTCG-1",0
"GGATTACCAAGCGTAG-1",8.22983116062291
"GGATTACCACATCCGG-1",7.53716553228606
"GGATTACCAGCGTAAG-1",0
"GGATTACGTAATAGCA-1",0
"GGATTACGTACACCGC-1",0
"GGATTACGTCTCTTTA-1",0
"GGATTACGTTGAGGTG-1",0
"GGATTACTCGCGCCAA-1",6.57946830490631
"GGATTACTCGGCGCAT-1",0
"GGATTACTCTGCCCTA-1",0
"GGCAATTCAATCGGTT-1",8.78984981152039
"GGCAATTCACGGCGTT-1",0
"GGCAATTCATCACCCT-1",0
"GGCAATTGTCGATTGT-1",0
"GGCAATTTCACTTACT-1",0
"GGCAATTTCAGCACAT-1",0
"GGCAATTTCTCCGGTT-1",8.63832121221915
"GGCCGATAGTGTCTCA-1",0
"GGCCGATCACGGACAA-1",10.9331862419463
"GGCCGATGTAGGACAC-1",0
"GGCCGATGTCACTGGC-1",8.35080766951977
"GGCCGATGTCCCTACT-1",9.07456160686358
"GGCCGATTCACCGTAA-1",0
"GGCCGATTCCGCGCAA-1",0
"GGCGACTAGAGCTGGT-1",9.77096100202822
"GGCGACTAGGACCACA-1",9.7209304843135
"GGCGACTAGGTTACCT-1",7.32049962608622
"GGCGACTCAAAGCGGT-1",0
"GGCGACTCAAGAGTCG-1",7.14548180063427
"GGCGACTCACCAGGTC-1",0
"GGCGACTCATTGTGCA-1",6.27490312282517
"GGCGACTTCAGAAATG-1",0
"GGCGACTTCAGAGACG-1",0
"GGCGACTTCCAGATCA-1",0
"GGCGACTTCTCTAGGA-1",8.36643401390014
"GGCGTGTAGCTAGCCC-1",8.26038845376391
"GGCGTGTAGGGTATCG-1",8.49674820528115
"GGCGTGTCAGGTCCAC-1",6.77869686138707
"GGCGTGTCAGTATAAG-1",0
"GGCGTGTCATCGTCGG-1",12.6439357554927
"GGCGTGTCATGGAATA-1",6.5623390839868
"GGCGTGTGTCTCCCTA-1",10.9798901132675
"GGCGTGTTCTTGAGGT-1",0
"GGCTCGAAGCCGTCGT-1",0
"GGCTCGAAGGTAAACT-1",0
"GGCTCGACAAGAAGAG-1",7.32049962608622
"GGCTCGACAATAGCAA-1",0
"GGCTCGACATGGTCAT-1",0
"GGCTCGAGTATATCCG-1",0
"GGCTCGAGTTACGTCA-1",0
"GGCTCGAGTTAGGGTG-1",0
"GGCTCGATCTGCAAGT-1",0
"GGCTGGTAGAAGAAGC-1",10.3938727974515
"GGCTGGTAGACCCACC-1",8.35080766951977
"GGCTGGTCAAGGACAC-1",11.3685973967813
"GGCTGGTCACTGCCAG-1",12.6509503628581
"GGCTGGTCATTTCAGG-1",0
"GGCTGGTGTATTCTCT-1",9.68086084677
"GGCTGGTGTCGCATCG-1",0
"GGCTGGTGTCTAGTGT-1",0
"GGCTGGTGTTATGCGT-1",13.2945004632647
"GGGAATGAGCGTTGCC-1",10.4336906084427
"GGGAATGAGTAGGTGC-1",12.6439357554927
"GGGAATGGTAAGGGAA-1",0
"GGGAATGTCAACGAAA-1",0
"GGGAATGTCCAGTATG-1",7.0576596648692
"GGGAATGTCCGGGTGT-1",0
"GGGACCTAGATGTAAC-1",7.56126394207869
"GGGACCTAGTCTTGCA-1",11.5007434274944
"GGGACCTCAATCAGAA-1",0
"GGGACCTCACTGAAGG-1",0
"GGGAGATAGTACGACG-1",0
"GGGAGATCAAAGTGCG-1",0
"GGGAGATCAAATCCGT-1",0
"GGGAGATCAAGGACTG-1",0
"GGGAGATCACGCGAAA-1",0
"GGGAGATGTAGCGCAA-1",6.1206938092764
"GGGAGATTCAACGGGA-1",0
"GGGAGATTCATCACCC-1",12.8643224961039
"GGGATGAAGTGACATA-1",0
"GGGATGACATCATCCC-1",0
"GGGATGAGTCACCCAG-1",17.7501722142662
"GGGATGAGTGGAAAGA-1",6.69190662842641
"GGGATGAGTTACGACT-1",0
"GGGATGAGTTGGTAAA-1",0
"GGGATGATCAGTTAGC-1",0
"GGGATGATCTATCCTA-1",7.78005470849433
"GGGATGATCTTTAGGG-1",8.55818746058247
"GGGCACTAGTCTCGGC-1",12.8643224961039
"GGGCACTCATCTCCCA-1",0
"GGGCACTTCACCTCGT-1",0
"GGGCACTTCTGAGGGA-1",6.83037286773495
"GGGCATCCAATGTAAG-1",6.63589458473719
"GGGCATCCAGTCTTCC-1",0
"GGGCATCGTGGCGAAT-1",0
"GGGCATCTCACAGTAC-1",0
"GGGCATCTCCCTTGTG-1",0
"GGGCATCTCCGGCACA-1",0
"GGGCATCTCTGTCCGT-1",0
"GGGCATCTCTTATCTG-1",0
"GGGTCTGAGAAGATTC-1",0
"GGGTCTGAGATCCCGC-1",0
"GGGTCTGAGCCAACAG-1",0
"GGGTCTGCACAGGCCT-1",0
"GGGTCTGCACCAGGTC-1",7.59462537097542
"GGGTCTGGTCTGGTCG-1",0
"GGGTCTGGTGATGATA-1",7.32313625038943
"GGGTCTGGTGTGACCC-1",12.4154362825818
"GGGTCTGTCAACTCTT-1",0
"GGGTCTGTCACTCCTG-1",6.69077586235589
"GGGTCTGTCCGTAGTA-1",0
"GGGTTGCAGACAGAGA-1",0
"GGGTTGCAGACCTTTG-1",0
"GGGTTGCAGATCGATA-1",0
"GGGTTGCAGGGTGTTG-1",8.29828339600631
"GGGTTGCAGGTGGGTT-1",10.2284416331658
"GGGTTGCCAATAACGA-1",0
"GGGTTGCCACGCCAGT-1",0
"GGGTTGCCATTAACCG-1",0
"GGGTTGCGTACATCCA-1",0
"GGGTTGCGTAGCGCAA-1",0
"GGGTTGCGTCCTCCAT-1",0
"GGGTTGCGTCGAGTTT-1",7.59462537097542
"GGGTTGCGTGAGTATA-1",0
"GGGTTGCGTGTGACCC-1",0
"GGGTTGCTCGTACCGG-1",0
"GGTATTGAGCACCGTC-1",0
"GGTATTGAGCTATGCT-1",9.1211695746097
"GGTATTGCACATCCAA-1",0
"GGTATTGCAGCTTCGG-1",6.93302677854154
"GGTATTGGTTCCGTCT-1",12.3937467627512
"GGTATTGTCAGAAATG-1",8.22983116062291
"GGTATTGTCCATTCTA-1",0
"GGTATTGTCGCCAGCA-1",0
"GGTGAAGAGACACGAC-1",0
"GGTGAAGAGATCCGAG-1",0
"GGTGAAGCAAGGTGTG-1",5.99296297490312
"GGTGAAGCACTCGACG-1",0
"GGTGAAGCAGTATGCT-1",0
"GGTGAAGGTATGAAAC-1",11.5218637975568
"GGTGAAGGTCAGAATA-1",0
"GGTGAAGGTGGTACAG-1",0
"GGTGAAGGTGTATGGG-1",8.13023203628389
"GGTGAAGGTGTCTGAT-1",0
"GGTGAAGGTGTGGTTT-1",6.60623928479628
"GGTGAAGGTGTGTGCC-1",0
"GGTGAAGTCACGATGT-1",6.93063617632924
"GGTGAAGTCACTCTTA-1",8.19581071631559
"GGTGAAGTCTGGCGTG-1",0
"GGTGCGTAGGTGATTA-1",0
"GGTGCGTAGTACGATA-1",0
"GGTGCGTCACTTAAGC-1",0
"GGTGCGTCAGCTGTAT-1",0
"GGTGCGTGTTCGTTGA-1",8.70434887683385
"GGTGCGTTCCGTACAA-1",0
"GGTGCGTTCTTGACGA-1",0
"GGTGTTAAGGGCTCTC-1",0
"GGTGTTAAGTAGCGGT-1",0
"GGTGTTAAGTGGGATC-1",0
"GGTGTTAAGTTATCGC-1",0
"GGTGTTACAAATCCGT-1",6.70855519001055
"GGTGTTACACGGATAG-1",8.70434887683385
"GGTGTTAGTAATCACC-1",0
"GGTGTTAGTAGCAAAT-1",0
"GGTGTTAGTGTATGGG-1",10.276596614114
"GGTGTTAGTTGAACTC-1",12.8643224961039
"GGTGTTATCGGACAAG-1",0
"GGTGTTATCGGTGTTA-1",0
"GGTGTTATCTACTTAC-1",9.25117843336622
"GTAACGTAGGTGACCA-1",6.04454163927868
"GTAACGTCACAGGCCT-1",6.5623390839868
"GTAACGTGTACCATCA-1",8.55818746058247
"GTAACGTGTGAGTATA-1",0
"GTAACGTGTTACGGAG-1",9.21896815786213
"GTAACGTGTTAGGGTG-1",8.4325136221084
"GTAACGTTCGGTCCGA-1",0
"GTAACGTTCTCATTCA-1",0
"GTAACTGAGTGGGTTG-1",0
"GTAACTGCAATGGAAT-1",0
"GTAACTGCACAGGCCT-1",0
"GTAACTGCAGGATCGA-1",8.14969933926275
"GTAACTGCATCGGGTC-1",8.985820343523
"GTAACTGGTATTACCG-1",10.4000125753874
"GTAACTGTCACGGTTA-1",7.08352360965332
"GTAACTGTCTACTATC-1",0
"GTACGTAAGGTGCTTT-1",7.57968199538034
"GTACGTACAGGAATGC-1",0
"GTACGTACATGGATGG-1",0
"GTACGTAGTGAGTGAC-1",0
"GTACGTAGTTGGTAAA-1",0
"GTACGTATCACCTCGT-1",8.35670189336335
"GTACGTATCATCGGAT-1",0
"GTACGTATCCACTGGG-1",7.39372067239132
"GTACTCCAGGCAGTCA-1",0
"GTACTCCCAATAGCGG-1",0
"GTACTCCCACAGGTTT-1",0
"GTACTCCTCACCTTAT-1",0
"GTACTCCTCATTGCCC-1",10.9798901132675
"GTACTCCTCCTTCAAT-1",0
"GTACTTTCAGTTAACC-1",0
"GTACTTTCATGTCGAT-1",10.1204561812409
"GTACTTTTCCGAAGAG-1",8.30706597981144
"GTAGGCCAGCAATCTC-1",0
"GTAGGCCCATTCGACA-1",0
"GTAGGCCGTAACGCGA-1",8.59305177952028
"GTAGGCCGTAAGGGCT-1",7.49165730789233
"GTAGGCCGTACGACCC-1",0
"GTAGGCCGTTCAGGCC-1",9.07456160686358
"GTAGGCCGTTGATTGC-1",9.26732264960432
"GTAGGCCTCAGCACAT-1",11.9576746651857
"GTAGTCAAGAATGTGT-1",14.2471143767196
"GTAGTCAAGATGCCTT-1",9.68086084677
"GTAGTCAAGGACGAAA-1",0
"GTAGTCAAGTGAAGAG-1",0
"GTAGTCATCGTCACGG-1",6.55380136683221
"GTAGTCATCTGAAAGA-1",0
"GTATCTTAGAAACCAT-1",6.64558518982999
"GTATCTTAGGCTATCT-1",10.6001822215961
"GTATCTTAGTTGTCGT-1",7.98945186367262
"GTATCTTCACACCGCA-1",0
"GTATCTTCACGAAGCA-1",6.61604182353415
"GTATCTTGTTCGCTAA-1",0
"GTATCTTTCATGCTCC-1",6.54601575986845
"GTATCTTTCATGTAGC-1",0
"GTATTCTAGAAACCAT-1",0
"GTATTCTAGACAAAGG-1",6.06021172867472
"GTATTCTCAAAGTCAA-1",0
"GTATTCTCAACAACCT-1",6.41022341276518
"GTATTCTCAACTTGAC-1",0
"GTATTCTCAATAAGCA-1",0
"GTATTCTCAGGGTTAG-1",0
"GTATTCTCATACTACG-1",8.43590904787878
"GTATTCTCATGGTAGG-1",14.8968909472563
"GTATTCTGTAGTGAAT-1",0
"GTATTCTGTCTAGAGG-1",0
"GTCAAGTCATATGCTG-1",0
"GTCAAGTCATGGTTGT-1",0
"GTCAAGTGTCAGCTAT-1",7.1940350862169
"GTCAAGTGTTCCACTC-1",7.80983197211417
"GTCACAAAGCCGATTT-1",0
"GTCACAAAGTGGAGTC-1",0
"GTCACAACAGGTGGAT-1",11.7704255476792
"GTCACAAGTAAACGCG-1",0
"GTCACAATCAGGATCT-1",11.3090426919923
"GTCACAATCAGTTGAC-1",11.3499154986549
"GTCACAATCATGCATG-1",0
"GTCACGGAGATCACGG-1",0
"GTCACGGCATATACCG-1",0
"GTCACGGGTGAGTGAC-1",0
"GTCACGGGTGTGGCTC-1",0
"GTCACGGTCGAGAGCA-1",0
"GTCACGGTCTACCTGC-1",0
"GTCATTTAGAGACTAT-1",9.7209304843135
"GTCATTTCACGTGAGA-1",11.1347638281284
"GTCATTTGTAGAAGGA-1",0
"GTCATTTGTCAGATAA-1",0
"GTCATTTTCCAGAGGA-1",12.1803758968245
"GTCCTCAAGCCCAACC-1",9.27857835533432
"GTCCTCAAGTAGATGT-1",10.2284416331658
"GTCCTCAAGTGGGCTA-1",0
"GTCCTCACAATCACAC-1",10.3938727974515
"GTCCTCAGTGGAAAGA-1",0
"GTCCTCATCAAAGACA-1",7.28496655139715
"GTCCTCATCGTCCGTT-1",0
"GTCGGGTCACTGAAGG-1",0
"GTCGGGTCACTTCGAA-1",0
"GTCGGGTCATGAAGTA-1",7.1940350862169
"GTCGGGTGTCTCACCT-1",7.59462537097542
"GTCGGGTGTGTGACGA-1",0
"GTCGGGTGTGTGTGCC-1",6.35470201055084
"GTCGGGTGTTACGTCA-1",0
"GTCGGGTTCTGCTGTC-1",0
"GTCGGGTTCTGTGCAA-1",0
"GTCGTAAAGAGATGAG-1",8.35080766951977
"GTCGTAAAGCTGCAAG-1",12.7589210160498
"GTCGTAAAGGCGACAT-1",14.004709184114
"GTCGTAACATCACGAT-1",8.03730792101911
"GTCGTAAGTATCACCA-1",0
"GTCGTAATCCAAGTAC-1",12.4154362825818
"GTCTCGTAGACCACGA-1",0
"GTCTCGTCAGGAACGT-1",15.9941656593162
"GTCTCGTGTGGTAACG-1",0
"GTCTCGTGTTTGGCGC-1",0
"GTCTCGTTCACCGGGT-1",6.22586042219995
"GTCTCGTTCAGTGCAT-1",10.4336906084427
"GTCTTCGAGACAAGCC-1",0
"GTCTTCGAGGAATGGA-1",8.22515025051457
"GTCTTCGAGTCAAGCG-1",0
"GTCTTCGCACATGGGA-1",0
"GTCTTCGCACCAGGTC-1",6.06021172867472
"GTCTTCGCAGACGCAA-1",0
"GTCTTCGCATAACCTG-1",7.80983197211417
"GTCTTCGCATCGATGT-1",8.14421963263533
"GTCTTCGGTCTAGTGT-1",10.3938727974515
"GTCTTCGTCTCGATGA-1",6.5623390839868
"GTGAAGGAGAGCTGGT-1",5.99173679862229
"GTGAAGGAGATCGGGT-1",0
"GTGAAGGAGCCAGTTT-1",0
"GTGAAGGAGTGTTGAA-1",0
"GTGAAGGCAAAGGCGT-1",0
"GTGAAGGCACTTAAGC-1",11.5218637975568
"GTGAAGGCAGATTGCT-1",0
"GTGAAGGGTATATGGA-1",0
"GTGAAGGGTCTCTCTG-1",0
"GTGAAGGTCTCCTATA-1",0
"GTGCAGCAGACATAAC-1",7.69164162039992
"GTGCAGCAGTGGTCCC-1",8.985820343523
"GTGCAGCCACATCTTT-1",7.27352902858809
"GTGCAGCGTGAGTATA-1",12.5567700547643
"GTGCAGCTCTTAGAGC-1",0
"GTGCATAAGGCATGGT-1",0
"GTGCATAGTTTGTTGG-1",0
"GTGCATATCAGAGCTT-1",0
"GTGCATATCATCATTC-1",9.42536154516312
"GTGCATATCTGCGTAA-1",6.69077586235589
"GTGCGGTAGCAATCTC-1",0
"GTGCGGTAGGACAGAA-1",0
"GTGCGGTCAAAGGTGC-1",0
"GTGCGGTGTTCAGACT-1",0
"GTGCGGTGTTCTGTTT-1",0
"GTGCGGTTCATCTGCC-1",0
"GTGCGGTTCCAGGGCT-1",10.6001822215961
"GTGCGGTTCGGATGGA-1",9.5509340952342
"GTGCGGTTCTCGTTTA-1",0
"GTGCGGTTCTGCTGTC-1",7.07133410081375
"GTGCTTCAGCCAGTTT-1",0
"GTGCTTCAGGATTCGG-1",9.60321335390884
"GTGCTTCAGTACACCT-1",0
"GTGCTTCCACTTAACG-1",0
"GTGCTTCCAGCTATTG-1",9.41824962471534
"GTGCTTCGTAGAGTGC-1",7.78005470849433
"GTGCTTCTCACAATGC-1",6.50221148467427
"GTGCTTCTCACTTCAT-1",9.75129047974101
"GTGGGTCAGACCGGAT-1",0
"GTGGGTCAGACTGTAA-1",12.5567700547643
"GTGGGTCAGCCGTCGT-1",0
"GTGGGTCCACCAACCG-1",0
"GTGGGTCCACCACCAG-1",0
"GTGTGCGAGACCGGAT-1",10.2284416331658
"GTGTGCGAGACTTGAA-1",8.43001574411166
"GTGTGCGCAGGTCGTC-1",0
"GTGTGCGGTGAGCGAT-1",6.93302677854154
"GTGTGCGTCAGTCAGT-1",0
"GTGTGCGTCCCTTGTG-1",0
"GTGTGCGTCTAACTTC-1",0
"GTGTTAGAGGACAGAA-1",10.1636307795554
"GTGTTAGAGGCATGGT-1",9.70049194157847
"GTGTTAGAGTGGAGAA-1",0
"GTGTTAGAGTTTGCGT-1",0
"GTGTTAGCAATGGAAT-1",0
"GTGTTAGCACCACCAG-1",0
"GTGTTAGGTGCCTGGT-1",9.73385565081854
"GTGTTAGGTGGAAAGA-1",9.45658265453769
"GTGTTAGGTTCCATGA-1",9.25117843336622
"GTGTTAGGTTGGGACA-1",11.1278830849641
"GTTAAGCAGAGCTGCA-1",0
"GTTAAGCAGATAGCAT-1",7.29135490824913
"GTTAAGCAGCTAACAA-1",14.3337564862163
"GTTAAGCAGGCTACGA-1",0
"GTTAAGCAGTGTACCT-1",8.83457472494872
"GTTAAGCAGTTTGCGT-1",0
"GTTAAGCCATTCACTT-1",0
"GTTAAGCGTACTCGCG-1",0
"GTTAAGCGTCTAGGTT-1",6.6916683808092
"GTTAAGCGTGGCAAAC-1",0
"GTTAAGCGTTGCTCCT-1",0
"GTTAAGCTCCTTTCGG-1",0
"GTTACAGAGAGCTATA-1",0
"GTTACAGAGTACGATA-1",0
"GTTACAGCAGACGCCT-1",0
"GTTACAGCATCGGTTA-1",8.49684233118872
"GTTACAGGTATGGTTC-1",8.62352530318311
"GTTACAGGTCGACTGC-1",8.57527946335385
"GTTACAGGTCTAGGTT-1",6.57341630863726
"GTTCATTAGCGATGAC-1",0
"GTTCATTCATATACGC-1",8.30706597981144
"GTTCATTCATTGGCGC-1",10.1742809147383
"GTTCATTGTGCACGAA-1",0
"GTTCATTGTGTTAAGA-1",0
"GTTCATTGTTCAGTAC-1",10.8086606916873
"GTTCGGGAGACGACGT-1",0
"GTTCGGGAGCTAAGAT-1",6.22027520442433
"GTTCGGGAGTGTCTCA-1",13.5922884276347
"GTTCGGGGTAGGGTAC-1",0
"GTTCGGGGTGCAGGTA-1",0
"GTTCGGGTCCACGCAG-1",6.68448001706735
"GTTCGGGTCTACTTAC-1",12.7589210160498
"GTTCTCGAGACCACGA-1",0
"GTTCTCGAGCGATGAC-1",9.1211695746097
"GTTCTCGAGGCCATAG-1",10.1482715322816
"GTTCTCGCATCGGACC-1",10.7071593156081
"GTTCTCGGTAAGGGAA-1",0
"GTTCTCGGTAGCGTAG-1",0
"GTTCTCGGTCCGTGAC-1",7.32313625038943
"GTTCTCGGTGTTAAGA-1",6.70855519001055
"GTTCTCGTCAACGCTA-1",0
"GTTCTCGTCCTGTACC-1",8.14421963263533
"GTTTCTACAAACCTAC-1",10.9044229663386
"GTTTCTACAAGAAAGG-1",0
"GTTTCTAGTGTTGGGA-1",7.17477070463047
"GTTTCTATCCCAACGG-1",0
"GTTTCTATCCGTAGTA-1",7.32049962608622
"GTTTCTATCGGCATCG-1",8.14969933926275
"TAAACCGGTACTTAGC-1",0
"TAAACCGTCACTCTTA-1",0
"TAAACCGTCAGGCGAA-1",0
"TAAACCGTCCGTTGTC-1",0
"TAAACCGTCTTCCTTC-1",0
"TAAGAGACAAGTTGTC-1",8.57527946335385
"TAAGAGAGTATATCCG-1",0
"TAAGAGATCAATCACG-1",6.93302677854154
"TAAGAGATCTAACGGT-1",7.59462537097542
"TAAGAGATCTTTCCTC-1",10.1482715322816
"TAAGCGTAGTGGACGT-1",7.93616217521136
"TAAGCGTAGTGTCTCA-1",0
"TAAGCGTCAGCTTCGG-1",0
"TAAGCGTCAGGTGGAT-1",0
"TAAGCGTGTCCTGCTT-1",0
"TAAGCGTGTGCCTGGT-1",0
"TAAGCGTGTTGTTTGG-1",0
"TAAGCGTTCCTCATTA-1",6.69190662842641
"TAAGCGTTCGGCGCAT-1",0
"TAAGCGTTCTCGCATC-1",13.5535921112313
"TAAGTGCAGGCTAGGT-1",0
"TAAGTGCAGTAGCGGT-1",13.5922884276347
"TAAGTGCCAACGCACC-1",0
"TAAGTGCCATACAGCT-1",0
"TAAGTGCGTAAACACA-1",10.9798901132675
"TAAGTGCGTCTCACCT-1",10.2284416331658
"TAAGTGCGTTCAGACT-1",10.5896996116625
"TAAGTGCTCACCCTCA-1",0
"TAAGTGCTCACTGGGC-1",6.27490312282517
"TAAGTGCTCTGGCGTG-1",7.80983197211417
"TACACGACACCCATTC-1",16.7624198201899
"TACACGAGTGATAAAC-1",0
"TACACGATCTGTCTCG-1",0
"TACAGTGAGATGCGAC-1",8.49055792144433
"TACAGTGAGCGTTGCC-1",0
"TACAGTGAGTGTACGG-1",7.66071225017184
"TACAGTGCAGGAATCG-1",0
"TACAGTGCAGGTGCCT-1",0
"TACAGTGGTACTCAAC-1",0
"TACAGTGGTTGGACCC-1",10.6001822215961
"TACCTATAGAGCTGGT-1",0
"TACCTATAGAGTTGGC-1",0
"TACCTATAGGCTCATT-1",10.7737492909537
"TACCTATAGTTAGCGG-1",0
"TACCTATCAAGCTGGA-1",9.25117843336622
"TACCTATGTAAATGAC-1",8.49055792144433
"TACCTATGTAGAGTGC-1",0
"TACCTATGTCACCTAA-1",17.082007675869
"TACCTATGTGTTGAGG-1",6.57341630863726
"TACCTATGTTAAAGAC-1",0
"TACCTATTCTATGTGG-1",0
"TACCTATTCTTCCTTC-1",0
"TACCTTAAGAGGTTGC-1",7.20990339578158
"TACCTTAAGTCAAGCG-1",6.70855519001055
"TACCTTAAGTGGTCCC-1",9.83634340731125
"TACCTTACAACTGGCC-1",15.0337084931134
"TACCTTACAAGGGTCA-1",0
"TACCTTACACTCAGGC-1",0
"TACCTTACATCTACGA-1",0
"TACCTTAGTAGCGTCC-1",12.6439357554927
"TACCTTAGTCTCCACT-1",6.93405953398737
"TACGGATAGATGGCGT-1",0
"TACGGATAGGTACTCT-1",0
"TACGGATCAGGGATTG-1",0
"TACGGATCATCACCCT-1",9.18194092660663
"TACGGATGTCTAGCCG-1",10.9578840218683
"TACGGATTCGGTGTCG-1",0
"TACGGATTCTACTATC-1",0
"TACGGGCAGGATGCGT-1",10.6001822215961
"TACGGGCAGGGAACGG-1",0
"TACGGGCAGTATTGGA-1",13.5922884276347
"TACGGGCAGTCAAGCG-1",7.1940350862169
"TACGGGCCAAGAAGAG-1",0
"TACGGGCCACCAGATT-1",0
"TACGGGCCATCAGTAC-1",0
"TACGGGCGTAAGGGCT-1",10.2005073247638
"TACGGGCGTCTGATTG-1",0
"TACGGGCGTGATGTGG-1",9.5509340952342
"TACGGGCTCACCTTAT-1",0
"TACGGGCTCAGCTCTC-1",0
"TACGGGCTCCACGAAT-1",0
"TACGGGCTCCTATTCA-1",0
"TACGGGCTCGGTGTTA-1",9.54367103943464
"TACGGTAAGATATGGT-1",9.28316119226135
"TACGGTAAGCCGATTT-1",0
"TACGGTAAGTCATGCT-1",0
"TACGGTAAGTGCCATT-1",8.59109781899506
"TACGGTACACAGGCCT-1",7.33358838377776
"TACGGTACATTTCAGG-1",7.57968199538034
"TACGGTAGTATATCCG-1",7.59462537097542
"TACGGTAGTCACTTCC-1",0
"TACGGTAGTGCAGGTA-1",0
"TACGGTAGTGGGTATG-1",0
"TACGGTATCGCAGGCT-1",11.3468910047431
"TACGGTATCGGACAAG-1",0
"TACGGTATCGTTTATC-1",0
"TACTCATAGTCACGCC-1",8.04434519939641
"TACTCATCAATCTACG-1",0
"TACTCATCACGGTAGA-1",0
"TACTCATCACTTCTGC-1",8.4325136221084
"TACTCATCATCCGTGG-1",9.25117843336622
"TACTCATCATGTCGAT-1",0
"TACTCATGTACAGCAG-1",0
"TACTCATGTCTTCAAG-1",9.1211695746097
"TACTCATTCCTTTCTC-1",0
"TACTCGCAGGCGACAT-1",0
"TACTCGCGTCAGAAGC-1",0
"TACTCGCGTCTGATTG-1",9.04784039996579
"TACTCGCGTGTAACGG-1",0
"TACTCGCGTTGAGTTC-1",9.42536154516312
"TACTCGCTCAACGGGA-1",10.1204561812409
"TACTCGCTCCGAATGT-1",12.2635371479406
"TACTTACAGACTAGGC-1",9.84697478757156
"TACTTACAGCTGAACG-1",8.43590904787878
"TACTTACAGTACACCT-1",6.22586042219995
"TACTTACAGTACGCCC-1",7.07133410081375
"TACTTACAGTGATCGG-1",6.41585415388109
"TACTTACCAAGCCGTC-1",10.1175598583996
"TACTTACCACAGGTTT-1",0
"TACTTACTCGCGTTTC-1",0
"TACTTGTAGCGATATA-1",0
"TACTTGTAGTAATCCC-1",0
"TACTTGTCAAACAACA-1",10.9042969310346
"TACTTGTCATGCAACT-1",0
"TACTTGTGTAGCACGA-1",8.70434887683385
"TACTTGTGTATAAACG-1",0
"TACTTGTGTTCCACAA-1",10.6118327985924
"TACTTGTTCTGCAGTA-1",0
"TAGACCAAGAGACGAA-1",0
"TAGACCAAGCCTCGTG-1",5.99296297490312
"TAGACCAAGTCGATAA-1",8.13023203628389
"TAGACCACAACACCCG-1",0
"TAGACCAGTAGATTAG-1",0
"TAGACCAGTTCATGGT-1",13.5889789908593
"TAGACCATCACTTCAT-1",8.89262936391627
"TAGACCATCGTCACGG-1",8.63832121221915
"TAGACCATCTCCAGGG-1",8.83422470918895
"TAGAGCTAGAATTCCC-1",10.6001822215961
"TAGAGCTAGTATTGGA-1",8.56194030574053
"TAGAGCTCACTGAAGG-1",6.41022341276518
"TAGAGCTGTACTTGAC-1",11.3685973967813
"TAGAGCTGTCTAAAGA-1",6.69190662842641
"TAGCCGGAGACTGGGT-1",0
"TAGCCGGAGTCCCACG-1",12.6439357554927
"TAGCCGGAGTGACATA-1",0
"TAGCCGGCAGCAGTTT-1",6.41585415388109
"TAGCCGGGTACAGTGG-1",7.27352902858809
"TAGCCGGGTACCATCA-1",0
"TAGCCGGGTCGCGAAA-1",10.4892554667406
"TAGCCGGTCACGACTA-1",11.1278830849641
"TAGGCATAGAACTGTA-1",0
"TAGGCATAGCTAGGCA-1",9.5509340952342
"TAGGCATAGTCGTACT-1",9.98951117479788
"TAGGCATAGTTTAGGA-1",8.26038845376391
"TAGGCATCAAGCCTAT-1",0
"TAGGCATCAGACGCAA-1",0
"TAGGCATGTACGAAAT-1",0
"TAGGCATGTCCAGTTA-1",13.2945004632647
"TAGGCATGTTCCACTC-1",0
"TAGGCATTCCCTAACC-1",10.2284416331658
"TAGGCATTCGCTAGCG-1",0
"TAGGCATTCGTAGATC-1",0
"TAGGCATTCTTCATGT-1",8.3270069352377
"TAGTGGTAGATCACGG-1",14.3337564862163
"TAGTGGTAGCTGTTCA-1",0
"TAGTGGTCAGTATAAG-1",9.5509340952342
"TAGTGGTGTAGCGTAG-1",0
"TAGTGGTTCAGCATGT-1",0
"TAGTGGTTCGGCGCAT-1",6.57341630863726
"TAGTGGTTCTCAAGTG-1",0
"TAGTGGTTCTGGGCCA-1",7.48049643461265
"TAGTGGTTCTTTAGTC-1",10.4607375109248
"TAGTTGGAGATAGGAG-1",0
"TAGTTGGCAGACGCAA-1",0
"TAGTTGGCATGCGCAC-1",0
"TAGTTGGGTATGGTTC-1",6.04454163927868
"TAGTTGGTCCGAATGT-1",0
"TAGTTGGTCTACTCAT-1",0
"TAGTTGGTCTCTAAGG-1",0
"TAGTTGGTCTGATACG-1",0
"TATCAGGAGAGTAAGG-1",8.59109781899506
"TATCAGGAGATCCGAG-1",10.6001822215961
"TATCAGGAGCAGATCG-1",6.36022268652645
"TATCAGGAGGTGCTTT-1",0
"TATCAGGCAACTTGAC-1",7.59462537097542
"TATCAGGCACGTTGGC-1",10.095208711216
"TATCAGGGTCCGTTAA-1",7.32313625038943
"TATCAGGGTCTGCAAT-1",6.51158148660855
"TATCAGGGTTAAAGAC-1",7.91942799034948
"TATCAGGTCAAGATCC-1",0
"TATCAGGTCCACTCCA-1",0
"TATCAGGTCGTAGGTT-1",0
"TATCTCAAGAGTTGGC-1",0
"TATCTCAAGCCACCTG-1",6.76557604394042
"TATCTCAAGCGTAATA-1",13.5922884276347
"TATCTCAAGGCTAGCA-1",0
"TATCTCAAGTGGGCTA-1",0
"TATCTCACATGTCCTC-1",6.6650439147396
"TATCTCAGTAACGACG-1",8.78984981152039
"TATCTCAGTACCTACA-1",7.14548180063427
"TATCTCAGTACGACCC-1",9.04784039996579
"TATCTCAGTCAATGTC-1",0
"TATCTCATCAAGCCTA-1",6.41022341276518
"TATGCCCAGAAACCGC-1",10.1175598583996
"TATGCCCAGGTAGCTG-1",0
"TATGCCCCAATGGAAT-1",0
"TATGCCCCACTTAACG-1",0
"TATGCCCCATGTTCCC-1",0
"TATGCCCGTAGCCTCG-1",0
"TATGCCCGTATAGGGC-1",0
"TATGCCCGTATGAAAC-1",5.99173679862229
"TATGCCCGTCGCCATG-1",0
"TATGCCCGTGCCTTGG-1",0
"TATGCCCGTTAAGATG-1",6.06021172867472
"TATGCCCGTTGGTGGA-1",0
"TATGCCCGTTTAGGAA-1",0
"TATTACCAGAGAGCTC-1",0
"TATTACCAGCAAATCA-1",0
"TATTACCAGCCCGAAA-1",0
"TATTACCAGTATCTCG-1",0
"TATTACCCAAAGTGCG-1",0
"TATTACCCAGACAAGC-1",0
"TATTACCCAGTCAGCC-1",0
"TATTACCCATAAAGGT-1",0
"TATTACCCATCTACGA-1",0
"TATTACCGTCCAGTAT-1",6.55380136683221
"TCAACGAAGCCGATTT-1",0
"TCAACGAAGCGATGAC-1",0
"TCAACGAAGGCATGTG-1",0
"TCAACGAAGTAGTGCG-1",0
"TCAACGACACCAGGCT-1",6.69190662842641
"TCAACGACATGCCTTC-1",8.49055792144433
"TCAACGAGTTACCAGT-1",0
"TCAACGAGTTCCATGA-1",0
"TCAACGAGTTCTGGTA-1",0
"TCAACGATCAGTCCCT-1",0
"TCAACGATCTGTGCAA-1",0
"TCAATCTAGATCCCGC-1",0
"TCAATCTCACAAGCCC-1",0
"TCAATCTCACAGCCCA-1",0
"TCAATCTCATGACGGA-1",0
"TCAATCTCATTTGCTT-1",7.80983197211417
"TCAATCTGTAGTGAAT-1",0
"TCAATCTGTTAGATGA-1",0
"TCAATCTTCAGATAAG-1",0
"TCAATCTTCATGTCCC-1",0
"TCACAAGAGACTGGGT-1",0
"TCACAAGAGAGAGCTC-1",8.18735039621667
"TCACAAGAGGCCCTCA-1",0
"TCACAAGAGGTGGGTT-1",11.7704255476792
"TCACAAGAGTAGATGT-1",0
"TCACAAGCAGTATGCT-1",0
"TCACAAGCATAACCTG-1",10.9798901132675
"TCACAAGCATGACATC-1",9.28316119226135
"TCACAAGGTCAGATAA-1",0
"TCACAAGGTGTGGTTT-1",8.60922661548012
"TCACAAGTCATCATTC-1",0
"TCACAAGTCATGCATG-1",9.18194092660663
"TCACGAAAGCTCCTTC-1",0
"TCACGAAAGGTGCTTT-1",0
"TCACGAAAGTCTCGGC-1",0
"TCACGAACACAAGACG-1",6.78678936269924
"TCACGAACACTGTCGG-1",7.30608351822304
"TCACGAAGTGGTCCGT-1",8.56194030574053
"TCACGAAGTTGGTGGA-1",0
"TCACGAATCATGCAAC-1",6.22027520442433
"TCACGAATCCCGACTT-1",9.48444836515334
"TCACGAATCCTCGCAT-1",0
"TCACGAATCGTCACGG-1",0
"TCAGATGAGGTGCACA-1",0
"TCAGATGGTCTTGTCC-1",0
"TCAGATGGTGCCTGCA-1",0
"TCAGATGGTGCTGTAT-1",0
"TCAGATGTCAGTTTGG-1",0
"TCAGATGTCGCATGAT-1",0
"TCAGATGTCTCCTATA-1",0
"TCAGCAAAGGAGTCTG-1",9.63390149674666
"TCAGCAAAGGCTCATT-1",9.07456160686358
"TCAGCAAAGTACGACG-1",0
"TCAGCAAAGTGGCACA-1",6.83037286773495
"TCAGCAACACGCATCG-1",0
"TCAGCAAGTACCGGCT-1",0
"TCAGCAATCAGCGATT-1",0
"TCAGCAATCGGAAACG-1",0
"TCAGCAATCTTCAACT-1",0
"TCAGCTCAGGTGTTAA-1",7.80983197211417
"TCAGCTCAGTATGACA-1",6.70426825122439
"TCAGCTCCAATCTGCA-1",14.3337564862163
"TCAGCTCCACGGTTTA-1",0
"TCAGCTCGTAATAGCA-1",0
"TCAGCTCGTCCGTCAG-1",8.43590904787878
"TCAGCTCGTTCACGGC-1",0
"TCAGCTCTCACGATGT-1",0
"TCAGCTCTCATGCATG-1",0
"TCAGCTCTCCTAAGTG-1",0
"TCAGCTCTCTCGTATT-1",0
"TCAGGATAGACAGAGA-1",7.80983197211417
"TCAGGATAGATATGGT-1",8.4325136221084
"TCAGGATCAAACGTGG-1",7.32313625038943
"TCAGGATCAAGTTCTG-1",9.1211695746097
"TCAGGATCACGGTGTC-1",0
"TCAGGATCACTGTGTA-1",7.91942799034948
"TCAGGATCAGCATACT-1",0
"TCAGGATCATCTGGTA-1",6.57946830490631
"TCAGGATGTAAGCACG-1",0
"TCAGGATGTGGCCCTA-1",0
"TCAGGATTCCGATATG-1",7.24515946579296
"TCAGGATTCTCGATGA-1",10.6118327985924
"TCAGGTAAGATGGCGT-1",0
"TCAGGTAAGTGTTTGC-1",7.28496655139715
"TCAGGTACACAAGTAA-1",6.90002489498983
"TCAGGTACACAGAGGT-1",7.91942799034948
"TCAGGTACAGCTGCTG-1",0
"TCAGGTAGTAAACGCG-1",0
"TCATTACAGAAACCAT-1",8.89262936391627
"TCATTACAGGAGTTGC-1",8.985820343523
"TCATTACAGTTGCAGG-1",0
"TCATTACCACATCCAA-1",0
"TCATTACCAGTCAGCC-1",0
"TCATTACGTACGCACC-1",0
"TCATTACGTCTAGAGG-1",0
"TCATTACGTGAAGGCT-1",8.43001574411166
"TCATTACGTTCTGTTT-1",14.3337564862163
"TCATTACTCATCGATG-1",6.54601575986845
"TCATTTGAGCCAGTTT-1",0
"TCATTTGCACGTCTCT-1",0
"TCATTTGCAGTTAACC-1",6.06021172867472
"TCATTTGTCCAGAGGA-1",0
"TCATTTGTCCCTTGCA-1",0
"TCATTTGTCCGTCAAA-1",6.36022268652645
"TCATTTGTCGCTAGCG-1",0
"TCATTTGTCGTACGGC-1",0
"TCATTTGTCTCTGCTG-1",6.06021172867472
"TCCACACCAAAGAATC-1",0
"TCCACACCACGCCAGT-1",0
"TCCACACGTACAGCAG-1",12.8264174866669
"TCCACACGTAGCCTAT-1",6.04454163927868
"TCCACACGTCATCGGC-1",0
"TCCACACGTGACCAAG-1",0
"TCCACACGTGCGAAAC-1",6.06021172867472
"TCCACACTCAACACCA-1",0
"TCCACACTCCAGTATG-1",9.48444836515334
"TCCACACTCCCATTTA-1",0
"TCCACACTCGAACTGT-1",0
"TCCCGATAGAAGAAGC-1",7.75875480691923
"TCCCGATAGCACAGGT-1",10.2284416331658
"TCCCGATAGCCGGTAA-1",0
"TCCCGATCAAGGTTCT-1",0
"TCCCGATCAGCCAATT-1",0
"TCCCGATCATCCAACA-1",6.64558518982999
"TCCCGATGTAAGGATT-1",9.5476521433267
"TCCCGATGTCAATACC-1",6.54601575986845
"TCCCGATTCAGAAATG-1",0
"TCCCGATTCAGTCCCT-1",0
"TCCCGATTCATCTGTT-1",10.4336906084427
"TCCCGATTCCCTAATT-1",8.30706597981144
"TCCCGATTCTGGAGCC-1",0
"TCGAGGCAGCGATGAC-1",6.36022268652645
"TCGAGGCAGTGTTTGC-1",9.68086084677
"TCGAGGCCAAAGAATC-1",9.03458601280717
"TCGAGGCCAAGTTCTG-1",0
"TCGAGGCCAGTAACGG-1",11.2208215831605
"TCGAGGCGTATATCCG-1",8.39037419908042
"TCGAGGCTCGCAAGCC-1",6.6650439147396
"TCGAGGCTCTTGAGAC-1",10.5973662063039
"TCGAGGCTCTTTCCTC-1",0
"TCGCGAGAGACAAAGG-1",0
"TCGCGAGAGTGAATTG-1",13.5922884276347
"TCGCGAGCAAGCGTAG-1",6.06021172867472
"TCGCGAGCACCGAATT-1",11.3398657593924
"TCGCGAGCAGTAAGAT-1",0
"TCGCGAGTCCACGAAT-1",8.30706597981144
"TCGCGAGTCTAGCACA-1",0
"TCGCGAGTCTCTAGGA-1",0
"TCGCGAGTCTTCATGT-1",0
"TCGCGTTAGTGGGCTA-1",6.1206938092764
"TCGCGTTCACAGGCCT-1",0
"TCGCGTTCATCACAAC-1",0
"TCGCGTTCATCTCGCT-1",0
"TCGCGTTGTTCACCTC-1",9.68086084677
"TCGCGTTTCAAGATCC-1",8.04434519939641
"TCGCGTTTCAGGTAAA-1",0
"TCGCGTTTCATTCACT-1",0
"TCGCGTTTCCTGTACC-1",0
"TCGCGTTTCGCCCTTA-1",0
"TCGGGACCACACATGT-1",0
"TCGGGACTCCTTGCCA-1",0
"TCGGGACTCTGCGGCA-1",6.68448001706735
"TCGGGACTCTTGTCAT-1",8.93305613093211
"TCGGTAAAGACAGGCT-1",10.8086606916873
"TCGGTAAAGCTCAACT-1",0
"TCGGTAACAAGCTGAG-1",10.4533940765719
"TCGGTAACAGGAATGC-1",0
"TCGGTAAGTATATGGA-1",7.75875480691923
"TCGGTAAGTCTAGTCA-1",7.22590964589408
"TCGGTAATCCCGGATG-1",0
"TCGTACCAGCAGGCTA-1",0
"TCGTACCAGTTTCCTT-1",0
"TCGTACCGTTTGCATG-1",0
"TCGTACCTCGGGAGTA-1",0
"TCGTAGAAGCTAACTC-1",8.49684233118872
"TCGTAGAAGGCGACAT-1",9.28316119226135
"TCGTAGAAGGGAACGG-1",0
"TCGTAGAAGTCCATAC-1",0
"TCGTAGACAATCCAAC-1",0
"TCGTAGACACTCAGGC-1",0
"TCGTAGAGTATGAATG-1",10.6001822215961
"TCGTAGAGTGAGCGAT-1",7.56126394207869
"TCGTAGAGTGTGTGCC-1",7.22862139339042
"TCGTAGAGTTCAACCA-1",0
"TCGTAGAGTTCCATGA-1",0
"TCGTAGATCCAAGCCG-1",0
"TCGTAGATCTTAGCCC-1",9.70049194157847
"TCTATTGAGCGATTCT-1",0
"TCTATTGAGTGCCATT-1",0
"TCTATTGCACATCTTT-1",0
"TCTATTGGTAAGTGTA-1",0
"TCTATTGGTCCAACTA-1",6.1206938092764
"TCTATTGGTCTGCCAG-1",8.97131761516678
"TCTATTGGTTGCTCCT-1",0
"TCTATTGTCGGCGCTA-1",11.7704255476792
"TCTCATAAGCTAAACA-1",0
"TCTCATAAGCTAGTCT-1",6.28295713472408
"TCTCATAAGTGCCATT-1",9.46711494305609
"TCTCATAGTACCGGCT-1",0
"TCTCATAGTGTAAGTA-1",9.08629065958561
"TCTCATATCAAGCCTA-1",0
"TCTCATATCACCTTAT-1",0
"TCTCATATCCTGTACC-1",9.60321335390884
"TCTCTAAAGACCGGAT-1",0
"TCTCTAAAGGGTGTTG-1",8.21722417608633
"TCTCTAACAGCCTATA-1",0
"TCTCTAAGTCCAGTAT-1",7.49165730789233
"TCTCTAAGTCCATGAT-1",9.60321335390884
"TCTCTAAGTCTCATCC-1",0
"TCTCTAAGTGGAAAGA-1",0
"TCTCTAATCAAACCAC-1",0
"TCTCTAATCACAGGCC-1",0
"TCTCTAATCACATACG-1",0
"TCTCTAATCCGTAGGC-1",0
"TCTCTAATCGTATCAG-1",8.49055792144433
"TCTGAGACAAACCTAC-1",8.23215878883443
"TCTGAGACAGAGTGTG-1",13.1669237189585
"TCTGAGAGTAAGGGAA-1",10.9042969310346
"TCTGAGATCCTTGACC-1",0
"TCTGAGATCTATCCTA-1",0
"TCTGGAAAGCGATGAC-1",7.44670103124804
"TCTGGAAAGCTCTCGG-1",0
"TCTGGAAAGGAGCGAG-1",0
"TCTGGAACACAAGACG-1",0
"TCTGGAACACACTGCG-1",0
"TCTGGAACACTTCTGC-1",8.6468925719973
"TCTGGAAGTGAGTATA-1",0
"TCTTCGGAGGTTCCTA-1",0
"TCTTCGGAGTTCGATC-1",13.0597900516935
"TCTTCGGCAAAGCAAT-1",10.7737492909537
"TCTTCGGCAAAGGTGC-1",0
"TCTTCGGCAATAGCAA-1",0
"TCTTCGGCAATGTAAG-1",0
"TCTTCGGCACACCGAC-1",0
"TCTTCGGCAGCCAATT-1",8.35080766951977
"TCTTCGGGTCATTAGC-1",17.829292590459
"TCTTCGGTCGTAGGTT-1",9.46711494305609
"TCTTCGGTCTCTAAGG-1",0
"TCTTTCCAGAGAGCTC-1",0
"TCTTTCCAGTCATCCA-1",6.06021172867472
"TCTTTCCCATCTCCCA-1",9.26732264960432
"TCTTTCCGTAATCACC-1",9.03458601280717
"TCTTTCCGTAGTACCT-1",0
"TCTTTCCTCACAACGT-1",10.4336906084427
"TCTTTCCTCAGCTGGC-1",6.93302677854154
"TCTTTCCTCCAAGTAC-1",12.5567700547643
"TCTTTCCTCCTCGCAT-1",0
"TGAAAGAAGCTAAGAT-1",9.08629065958561
"TGAAAGACAAGCCGTC-1",0
"TGAAAGACACATTCGA-1",12.3937467627512
"TGAAAGACATGAGCGA-1",0
"TGAAAGAGTCTAGCGC-1",0
"TGAAAGAGTCTCATCC-1",7.32049962608622
"TGAAAGATCCCGACTT-1",0
"TGAAAGATCTATGTGG-1",0
"TGACAACCAAGCGAGT-1",0
"TGACAACGTAGGGACT-1",7.58824247263078
"TGACAACGTGCGCTTG-1",0
"TGACAACGTGGTTTCA-1",0
"TGACAACTCACAAACC-1",0
"TGACAACTCCACGTGG-1",0
"TGACAACTCGAATGCT-1",6.42093403800011
"TGACGGCAGCGCCTCA-1",9.68086084677
"TGACGGCAGGCTCAGA-1",0
"TGACGGCAGTCAAGCG-1",0
"TGACGGCCACAGACTT-1",0
"TGACGGCGTCATCCCT-1",12.4154362825818
"TGACGGCTCAGGCGAA-1",9.25117843336622
"TGACGGCTCCACTGGG-1",0
"TGACTAGAGACCCACC-1",6.87012118168036
"TGACTAGAGGGCATGT-1",10.581568319266
"TGACTAGAGTCTCAAC-1",11.9576746651857
"TGACTAGAGTTGAGAT-1",0
"TGACTAGCAGCATACT-1",7.0099246870968
"TGACTAGCAGTCAGAG-1",6.93302677854154
"TGACTAGCATTTCACT-1",0
"TGACTAGGTAAATACG-1",6.25621323336028
"TGACTAGGTGAAAGAG-1",0
"TGACTAGGTGCAGTAG-1",0
"TGACTAGTCATGCATG-1",0
"TGACTAGTCCATGCTC-1",14.313233517899
"TGACTAGTCTGTTGAG-1",0
"TGACTTTAGAACAATC-1",0
"TGACTTTAGTCTCGGC-1",0
"TGACTTTAGTTAGGTA-1",0
"TGACTTTCAGTCCTTC-1",0
"TGACTTTCATTATCTC-1",8.05986503219789
"TGACTTTGTCACACGC-1",0
"TGACTTTTCCTCAATT-1",8.59109781899506
"TGACTTTTCTGCCCTA-1",8.56194030574053
"TGAGAGGAGGCTCATT-1",0
"TGAGAGGCAAAGTCAA-1",7.80983197211417
"TGAGAGGCAAGCCATT-1",0
"TGAGAGGCACCATGTA-1",0
"TGAGAGGGTCACTGGC-1",7.04844368228369
"TGAGAGGGTCTAAACC-1",6.54601575986845
"TGAGAGGTCGAACTGT-1",0
"TGAGAGGTCGCGTTTC-1",0
"TGAGAGGTCTGACCTC-1",8.49684233118872
"TGAGCATAGAAACGAG-1",0
"TGAGCATAGAAGCCCA-1",12.5795758351515
"TGAGCATAGATGTCGG-1",0
"TGAGCATAGGAATGGA-1",0
"TGAGCATCACCAGGCT-1",7.32049962608622
"TGAGCATCAGATGAGC-1",7.69028807682452
"TGAGCATCAGCGTAAG-1",0
"TGAGCATCAGCTGTAT-1",6.69077586235589
"TGAGCATGTGGCCCTA-1",8.30706597981144
"TGAGCATTCCACGTTC-1",0
"TGAGCATTCCGATATG-1",11.3398657593924
"TGAGCATTCGGCCGAT-1",6.40992266708461
"TGAGCCGCATCGGGTC-1",11.3398657593924
"TGAGCCGGTCGAACAG-1",6.68448001706735
"TGAGCCGGTGTAATGA-1",0
"TGAGCCGGTTGATTCG-1",9.10525713143911
"TGAGCCGTCATCTGCC-1",9.5509340952342
"TGAGCCGTCGTCACGG-1",13.5535921112313
"TGAGCCGTCTTGAGGT-1",0
"TGAGGGAAGAGACTAT-1",0
"TGAGGGAAGGAGTACC-1",0
"TGAGGGAAGTCATCCA-1",0
"TGAGGGAAGTCATGCT-1",0
"TGAGGGACACCAGTTA-1",0
"TGAGGGACATAAGACA-1",6.16200160800542
"TGAGGGAGTAAACGCG-1",7.2653481248584
"TGAGGGAGTTAGGGTG-1",0
"TGAGGGATCAACGGGA-1",8.89262936391627
"TGAGGGATCTAGCACA-1",0
"TGAGGGATCTCTTATG-1",0
"TGATTTCCATCCGGGT-1",0
"TGATTTCGTAGGCATG-1",9.21896815786213
"TGATTTCGTTAAGACA-1",15.0337084931134
"TGATTTCTCTGATTCT-1",0
"TGCACCTAGACCTTTG-1",0
"TGCACCTAGGACGAAA-1",0
"TGCACCTCAAGTTGTC-1",0
"TGCACCTCAATAGAGT-1",0
"TGCACCTCATCCGGGT-1",0
"TGCACCTGTAATCACC-1",8.26038845376391
"TGCACCTGTCACACGC-1",11.3685973967813
"TGCACCTTCACGGTTA-1",6.6650439147396
"TGCACCTTCATCGGAT-1",6.87012118168036
"TGCACCTTCCGCGGTA-1",0
"TGCACCTTCGAACTGT-1",8.72360913594449
"TGCACCTTCTCTTGAT-1",0
"TGCCAAACAATGTAAG-1",0
"TGCCAAACAATTCCTT-1",8.01885075134121
"TGCCAAAGTTCGCGAC-1",0
"TGCCAAATCCAAACTG-1",8.23215878883443
"TGCCAAATCCCTGACT-1",0
"TGCCAAATCGGCGGTT-1",0
"TGCCCATAGACTAGGC-1",7.78027111905014
"TGCCCATAGCGTCAAG-1",0
"TGCCCATAGCGTGAAC-1",0
"TGCCCATAGCTGTTCA-1",8.43001574411166
"TGCCCATAGGATGGAA-1",0
"TGCCCATAGTACGCCC-1",0
"TGCCCATAGTTGAGTA-1",9.41824962471534
"TGCCCATCACCAGGTC-1",0
"TGCCCATCACGAAATA-1",0
"TGCCCATCAGGACGTA-1",12.9437617192814
"TGCCCATCATGGAATA-1",14.9325841425493
"TGCCCATCATGGATGG-1",0
"TGCCCATGTAGCCTCG-1",0
"TGCCCATTCAAACCGT-1",0
"TGCCCATTCAGGCCCA-1",0
"TGCCCATTCCTTCAAT-1",0
"TGCCCATTCGGAAATA-1",10.6196272133163
"TGCCCTAAGGTCGGAT-1",0
"TGCCCTAAGGTTCCTA-1",9.21896815786213
"TGCCCTACACCACCAG-1",9.54198417265945
"TGCCCTACAGCCACCA-1",0
"TGCCCTACAGTGAGTG-1",0
"TGCCCTAGTCCGAGTC-1",0
"TGCCCTAGTGGTTTCA-1",0
"TGCCCTAGTTTCGCTC-1",0
"TGCCCTATCGACGGAA-1",0
"TGCCCTATCTTCGGTC-1",0
"TGCGCAGAGACTAGGC-1",0
"TGCGCAGAGCACACAG-1",0
"TGCGCAGAGCGTCTAT-1",8.985820343523
"TGCGCAGAGGAGCGAG-1",7.57968199538034
"TGCGCAGCAAACGTGG-1",7.91942799034948
"TGCGCAGCAGCTCGCA-1",0
"TGCGCAGCAGTAGAGC-1",6.54601575986845
"TGCGCAGTCCTACAGA-1",0
"TGCGGGTAGAGACTTA-1",11.5218637975568
"TGCGGGTAGATCGATA-1",0
"TGCGGGTAGCTCTCGG-1",0
"TGCGGGTAGGTGTGGT-1",0
"TGCGGGTAGTACTTGC-1",0
"TGCGGGTCAATGGAAT-1",6.76557604394042
"TGCGGGTCACACGCTG-1",0
"TGCGGGTCATTGGGCC-1",0
"TGCGGGTGTAGAAAGG-1",0
"TGCGGGTGTCACCTAA-1",9.5509340952342
"TGCGGGTGTCAGATAA-1",0
"TGCGGGTGTTAGAACA-1",0
"TGCGGGTTCAGTTCGA-1",13.5922884276347
"TGCGGGTTCGTAGATC-1",14.392761718711
"TGCGGGTTCTCTTGAT-1",0
"TGCGTGGAGACGCAAC-1",0
"TGCGTGGAGACTGGGT-1",12.5567700547643
"TGCGTGGCAATTCCTT-1",0
"TGCGTGGGTGCACCAC-1",0
"TGCGTGGTCCGCGCAA-1",6.69190662842641
"TGCGTGGTCGCCCTTA-1",0
"TGCGTGGTCTGGCGAC-1",8.52482103598953
"TGCTACCAGAAAGTGG-1",0
"TGCTACCAGATGGCGT-1",8.30706597981144
"TGCTACCAGCAAATCA-1",15.9941656593162
"TGCTACCAGTCCGTAT-1",0
"TGCTACCCAAGAGGCT-1",0
"TGCTACCCACTTAACG-1",0
"TGCTACCCATCGTCGG-1",0
"TGCTACCCATGGTTGT-1",0
"TGCTACCGTGTGACGA-1",11.7704255476792
"TGCTACCTCCTCGCAT-1",0
"TGCTACCTCTTCTGGC-1",7.24248168751319
"TGCTGCTAGACTAAGT-1",9.84697478757156
"TGCTGCTAGGTGATAT-1",12.6439357554927
"TGCTGCTCAATAGAGT-1",0
"TGCTGCTCACAGACAG-1",7.32313625038943
"TGCTGCTCATCCCATC-1",0
"TGCTGCTCATGGTTGT-1",7.2653481248584
"TGCTGCTGTCATACTG-1",0
"TGCTGCTGTGAAGGCT-1",0
"TGCTGCTTCATTGCGA-1",10.7948223831047
"TGGACGCAGAGGTACC-1",0
"TGGACGCAGTCAAGGC-1",0
"TGGACGCCACAGAGGT-1",0
"TGGACGCCATGGTAGG-1",0
"TGGACGCGTCCGAACC-1",7.07133410081375
"TGGACGCGTCTCCCTA-1",0
"TGGCCAGAGAAGGTGA-1",11.3685973967813
"TGGCCAGAGAGTACAT-1",0
"TGGCCAGAGGCGATAC-1",7.75875480691923
"TGGCCAGAGGCGTACA-1",0
"TGGCCAGCAACTGCGC-1",0
"TGGCCAGCACGACTCG-1",6.3735730994865
"TGGCCAGGTCAATACC-1",0
"TGGCCAGTCGTAGATC-1",6.25621323336028
"TGGCCAGTCTATCCCG-1",8.57527946335385
"TGGCGCAAGCTACCTA-1",0
"TGGCGCAAGCTATGCT-1",8.24950442413
"TGGCGCAAGTGTGGCA-1",6.63780164328174
"TGGCGCAAGTTACCCA-1",8.29828339600631
"TGGCGCACACAGGCCT-1",0
"TGGCGCACACGGATAG-1",7.80983197211417
"TGGCGCACAGCGATCC-1",0
"TGGCGCACATAGGATA-1",0
"TGGCGCAGTACTCTCC-1",9.28316119226135
"TGGCGCAGTGGACGAT-1",0
"TGGCGCAGTTATGTGC-1",9.26732264960432
"TGGCGCATCAAGAAGT-1",0
"TGGCGCATCATGCTCC-1",0
"TGGCGCATCATGTGGT-1",0
"TGGCGCATCATTATCC-1",17.082007675869
"TGGCGCATCGTGGTCG-1",0
"TGGCTGGAGCGGATCA-1",0
"TGGCTGGAGTGCAAGC-1",6.87012118168036
"TGGCTGGCAAGTTAAG-1",0
"TGGCTGGCACGGATAG-1",0
"TGGCTGGCAGGAACGT-1",0
"TGGCTGGGTCGAGTTT-1",0
"TGGCTGGGTCGGCATC-1",0
"TGGCTGGGTCTAGCCG-1",0
"TGGCTGGGTTACGCGC-1",0
"TGGCTGGGTTGGACCC-1",6.93302677854154
"TGGCTGGTCTCGTTTA-1",0
"TGGGAAGAGATATACG-1",0
"TGGGAAGAGCCCAATT-1",17.829292590459
"TGGGAAGAGCGCTCCA-1",0
"TGGGAAGAGGGCTTCC-1",8.3270069352377
"TGGGAAGAGTAAGTAC-1",0
"TGGGAAGAGTTAACGA-1",0
"TGGGAAGCAAGGTGTG-1",0
"TGGGAAGCAGATCCAT-1",7.78027111905014
"TGGGAAGCAGCGAACA-1",10.2284416331658
"TGGGAAGGTAAGTTCC-1",12.5567700547643
"TGGGAAGGTTAGATGA-1",0
"TGGGAAGGTTATTCTC-1",9.28316119226135
"TGGGAAGTCCCAAGAT-1",7.0576596648692
"TGGGAAGTCCTTCAAT-1",0
"TGGGAAGTCGTGGACC-1",6.43286000221843
"TGGGAAGTCTCCTATA-1",8.14969933926275
"TGGGCGTAGTCTCCTC-1",9.7452696224061
"TGGGCGTCAGACGTAG-1",0
"TGGGCGTCAGGGATTG-1",0
"TGGGCGTGTCCAAGTT-1",7.16935882722801
"TGGGCGTGTCTAGAGG-1",10.581568319266
"TGGGCGTGTGGCTCCA-1",0
"TGGGCGTGTTTCGCTC-1",0
"TGGGCGTTCAGCTTAG-1",0
"TGGTTAGAGCTACCTA-1",8.05986503219789
"TGGTTAGAGTTAGGTA-1",13.5922884276347
"TGGTTAGGTGATGATA-1",0
"TGGTTAGGTTCACGGC-1",6.68448001706735
"TGGTTAGTCCCGACTT-1",0
"TGGTTAGTCTTGTATC-1",6.6650439147396
"TGGTTCCAGCCGTCGT-1",6.63589458473719
"TGGTTCCAGTAATCCC-1",0
"TGGTTCCCAAGTTGTC-1",6.78678936269924
"TGGTTCCCAGACAAAT-1",6.6650439147396
"TGGTTCCCAGACAGGT-1",12.3003449771529
"TGGTTCCCAGCTCGAC-1",0
"TGGTTCCCATGTCCTC-1",0
"TGGTTCCCATTTCACT-1",8.83422470918895
"TGGTTCCGTCCAAGTT-1",0
"TGGTTCCTCACATACG-1",12.5567700547643
"TGGTTCCTCAGCTTAG-1",6.57341630863726
"TGGTTCCTCTAACTTC-1",9.36921462831874
"TGGTTCCTCTAGAGTC-1",0
"TGGTTCCTCTGGGCCA-1",0
"TGTATTCAGCCCGAAA-1",0
"TGTATTCAGCGATCCC-1",7.14548180063427
"TGTATTCCAGGGCATA-1",0
"TGTATTCGTAAGAGAG-1",0
"TGTATTCGTTTGTTTC-1",0
"TGTATTCTCAGCATGT-1",11.3685973967813
"TGTATTCTCATCTGTT-1",11.9576746651857
"TGTCCCAAGCAGATCG-1",0
"TGTCCCAAGCTAGTTC-1",6.93302677854154
"TGTCCCAAGCTGAACG-1",0
"TGTCCCAAGTTGTCGT-1",0
"TGTCCCACAGTAAGCG-1",6.50221148467427
"TGTCCCACATCACGTA-1",0
"TGTCCCAGTAAGAGGA-1",0
"TGTCCCAGTAAGTGGC-1",9.5509340952342
"TGTCCCAGTCGGATCC-1",6.6020242028324
"TGTCCCATCATTTGGG-1",7.20990339578158
"TGTCCCATCTGCAAGT-1",6.61604182353415
"TGTCCCATCTGCGTAA-1",14.3337564862163
"TGTGGTAGTCCCGACA-1",0
"TGTGGTAGTGTGAAAT-1",0
"TGTGGTAGTGTGACGA-1",0
"TGTGGTATCCAGGGCT-1",0
"TGTGGTATCTTGCATT-1",9.10525713143911
"TGTGTTTAGAGGTTAT-1",8.14969933926275
"TGTGTTTAGCGTGAGT-1",0
"TGTGTTTAGTGCGTGA-1",0
"TGTGTTTCATGCGCAC-1",12.8643224961039
"TGTGTTTTCTCATTCA-1",0
"TGTGTTTTCTTTCCTC-1",17.082007675869
"TGTTCCGAGAGCAATT-1",0
"TGTTCCGAGCAACGGT-1",0
"TGTTCCGAGGAATTAC-1",0
"TGTTCCGAGGACTGGT-1",0
"TGTTCCGCAGTGAGTG-1",0
"TGTTCCGGTGAGTATA-1",7.80983197211417
"TGTTCCGTCAAGCCTA-1",9.54198417265945
"TGTTCCGTCAGTTCGA-1",7.27352902858809
"TGTTCCGTCGGCGGTT-1",0
"TGTTCCGTCTGAAAGA-1",0
"TGTTCCGTCTGGTATG-1",6.6916683808092
"TTAACTCAGTGTACGG-1",12.5964401785322
"TTAACTCCAAGCGCTC-1",14.3337564862163
"TTAACTCCAGGCAGTA-1",0
"TTAACTCGTTCCACAA-1",8.35670189336335
"TTAACTCTCATAAAGG-1",8.93305613093211
"TTAACTCTCCCTCAGT-1",0
"TTAGGACAGCAGGCTA-1",0
"TTAGGACAGCTCTCGG-1",11.5007434274944
"TTAGGACCAAGCCATT-1",0
"TTAGGACCAGTCAGAG-1",14.8968909472563
"TTAGGACGTTTGTTTC-1",0
"TTAGGCAAGAAGATTC-1",11.3398657593924
"TTAGGCAAGAGCCCAA-1",0
"TTAGGCAAGAGTGACC-1",0
"TTAGGCAAGGTTCCTA-1",5.99173679862229
"TTAGGCAAGTCGTTTG-1",0
"TTAGGCAAGTGTACCT-1",0
"TTAGGCACAGACGCTC-1",0
"TTAGGCACATGTTCCC-1",0
"TTAGGCAGTAAGGATT-1",0
"TTAGGCAGTAAGTAGT-1",12.7589210160498
"TTAGGCAGTCTTGATG-1",0
"TTAGGCATCACGCATA-1",7.43642867392571
"TTAGGCATCAGTCAGT-1",0
"TTAGGCATCCAGTATG-1",0
"TTAGGCATCGTTACGA-1",6.57341630863726
"TTAGTTCAGGTGCAAC-1",0
"TTAGTTCCAATGTAAG-1",12.5795758351515
"TTAGTTCCATCCTTGC-1",0
"TTAGTTCGTAGCCTAT-1",14.5263385956948
"TTAGTTCGTGCAGACA-1",6.54601575986845
"TTAGTTCGTGTCAATC-1",0
"TTAGTTCGTTGCCTCT-1",7.16761024264923
"TTAGTTCTCAGGCCCA-1",0
"TTAGTTCTCGCAGGCT-1",7.32049962608622
"TTAGTTCTCTACTATC-1",0
"TTATGCTAGAATGTGT-1",0
"TTATGCTAGCACACAG-1",0
"TTATGCTAGCAGCCTC-1",9.42536154516312
"TTATGCTAGTCCCACG-1",9.68086084677
"TTATGCTCAGCCAGAA-1",9.52001428326057
"TTATGCTCATACCATG-1",0
"TTATGCTCATGTAGTC-1",0
"TTATGCTGTCCGAGTC-1",10.6196272133163
"TTATGCTTCGATAGAA-1",0
"TTCCCAGAGAATTCCC-1",0
"TTCCCAGAGACTAGAT-1",7.78005470849433
"TTCCCAGAGTATCGAA-1",8.56194030574053
"TTCCCAGCAGATGGGT-1",6.49908524846163
"TTCCCAGCATCAGTAC-1",0
"TTCCCAGCATCTCCCA-1",0
"TTCCCAGCATTACCTT-1",8.12968559389902
"TTCCCAGTCAACACTG-1",6.57786774302415
"TTCCCAGTCGAGAGCA-1",11.7704255476792
"TTCGAAGAGTCTCAAC-1",0
"TTCGAAGCAAGCGCTC-1",0
"TTCGAAGCACATTAGC-1",7.80983197211417
"TTCGAAGCACGGTGTC-1",0
"TTCGGTCAGAGGACGG-1",10.7737492909537
"TTCGGTCAGCACACAG-1",6.04454163927868
"TTCGGTCAGGCCCTCA-1",6.51158148660855
"TTCGGTCAGTGAATTG-1",7.80983197211417
"TTCGGTCAGTTGAGAT-1",11.3090426919923
"TTCGGTCCAAGGGTCA-1",0
"TTCGGTCCACGTCAGC-1",0
"TTCGGTCGTAACGTTC-1",9.70049194157847
"TTCGGTCGTAGAGTGC-1",0
"TTCGGTCGTTCATGGT-1",0
"TTCGGTCGTTCTGTTT-1",13.5889789908593
"TTCGGTCTCAAAGACA-1",10.9798901132675
"TTCGGTCTCCAGTATG-1",9.63390149674666
"TTCGGTCTCGCGTTTC-1",0
"TTCGGTCTCGTCTGAA-1",0
"TTCTACAAGACTAAGT-1",6.70855519001055
"TTCTACAAGCAGCCTC-1",9.5509340952342
"TTCTACAAGCCTTGAT-1",0
"TTCTACAAGGCAGGTT-1",0
"TTCTACAAGGTAAACT-1",0
"TTCTACAAGTTAGGTA-1",8.6468925719973
"TTCTACACACGTGAGA-1",8.57527946335385
"TTCTACACAGCTGTTA-1",7.00152533218847
"TTCTACACATCGATTG-1",0
"TTCTACACATTACGAC-1",0
"TTCTACAGTACCGTTA-1",7.8433049000008
"TTCTACAGTATATGAG-1",7.59462537097542
"TTCTACAGTGGCTCCA-1",0
"TTCTACATCAACGGGA-1",0
"TTCTACATCCGCGTTT-1",0
"TTCTCAAAGAAAGTGG-1",7.22862139339042
"TTCTCAAAGAATCTCC-1",11.3090426919923
"TTCTCAAAGAGGTTAT-1",7.75875480691923
"TTCTCAAAGCAGCCTC-1",8.52482103598953
"TTCTCAAAGCCGCCTA-1",13.3424654398266
"TTCTCAAAGTCAATAG-1",0
"TTCTCAAAGTTGAGAT-1",7.2653481248584
"TTCTCAACACCCAGTG-1",10.2284416331658
"TTCTCAACATTGTGCA-1",0
"TTCTCAAGTATAAACG-1",0
"TTCTCAAGTCCCTTGT-1",0
"TTCTCAAGTCGAGATG-1",6.26484406691169
"TTCTCAATCATCGCTC-1",0
"TTCTCAATCCCTAACC-1",9.54198417265945
"TTCTCAATCGTAGGAG-1",12.8643224961039
"TTCTCCTAGAGTAAGG-1",10.1636307795554
"TTCTCCTAGCGACGTA-1",0
"TTCTCCTAGCGTGAGT-1",8.6468925719973
"TTCTCCTAGTCTCGGC-1",0
"TTCTCCTCAACACGCC-1",0
"TTCTCCTCAATAACGA-1",8.80260070575302
"TTCTCCTGTTAAGAAC-1",0
"TTCTCCTTCAGTTCGA-1",0
"TTCTCCTTCCGTAGGC-1",7.2653481248584
"TTCTCCTTCCTTTCTC-1",7.14087233063248
"TTCTCCTTCTGCAAGT-1",0
"TTCTCCTTCTTCAACT-1",10.6001822215961
"TTCTCCTTCTTGTACT-1",0
"TTCTTAGAGGACTGGT-1",0
"TTCTTAGCAAGGTGTG-1",0
"TTCTTAGCATCGGAAG-1",8.2495550947513
"TTCTTAGGTAGAAGGA-1",6.57341630863726
"TTCTTAGGTCATATGC-1",0
"TTCTTAGTCAGTTCGA-1",0
"TTGAACGGTCACTTCC-1",0
"TTGAACGTCATGTCCC-1",0
"TTGACTTAGCCACGTC-1",14.8968909472563
"TTGACTTAGCGACGTA-1",9.07456160686358
"TTGACTTAGTTAACGA-1",0
"TTGACTTCACTTACGA-1",0
"TTGACTTGTCTCTCTG-1",0
"TTGACTTGTGCGATAG-1",8.56194030574053
"TTGACTTTCCAGAGGA-1",7.32313625038943
"TTGACTTTCTGTCCGT-1",7.24248168751319
"TTGCCGTAGGAGCGTT-1",0
"TTGCCGTAGGTGGGTT-1",17.082007675869
"TTGCCGTCATGGTCAT-1",6.50221148467427
"TTGCGTCAGACAGAGA-1",0
"TTGCGTCAGCTCCTTC-1",7.14043804943586
"TTGCGTCAGTCCATAC-1",0
"TTGCGTCAGTGAATTG-1",10.7737492909537
"TTGCGTCCAAATTGCC-1",10.9331862419463
"TTGCGTCCACTGTGTA-1",0
"TTGCGTCCAGTCACTA-1",0
"TTGCGTCGTCTGATTG-1",0
"TTGGAACAGCCCAATT-1",0
"TTGGAACAGCGTCTAT-1",10.4892554667406
"TTGGAACAGGCGTACA-1",8.49674820528115
"TTGGAACGTATTACCG-1",0
"TTGGAACTCCCATTAT-1",0
"TTGGAACTCCGTAGTA-1",0
"TTGGAACTCGTCCAGG-1",0
"TTGGCAAAGTTAGGTA-1",7.22862139339042
"TTGGCAAGTATAGGTA-1",0
"TTGGCAATCACATGCA-1",0
"TTGGCAATCAGAGCTT-1",0
"TTGGCAATCGCATGAT-1",0
"TTGGCAATCTAGAGTC-1",6.49908524846163
"TTGTAGGAGGTGCTAG-1",9.42536154516312
"TTGTAGGCACACGCTG-1",0
"TTGTAGGGTCTCCCTA-1",9.7452696224061
"TTGTAGGGTGGTAACG-1",0
"TTGTAGGTCGGCGCTA-1",0
"TTGTAGGTCTGCCAGG-1",9.46711494305609
"TTTACTGAGATCACGG-1",7.30608351822304
"TTTACTGCAAAGCAAT-1",0
"TTTACTGCACATGGGA-1",8.04434519939641
"TTTACTGCACCACGTG-1",0
"TTTACTGCATGGGACA-1",0
"TTTACTGCATGTCCTC-1",0
"TTTACTGGTAACGTTC-1",0
"TTTACTGGTGGTGTAG-1",10.338972085689
"TTTACTGGTTCGCTAA-1",0
"TTTACTGTCTGGAGCC-1",0
"TTTATGCAGACTGTAA-1",0
"TTTATGCAGATGCGAC-1",13.2945004632647
"TTTATGCAGGCAAAGA-1",6.69077586235589
"TTTATGCAGGCCCGTT-1",11.2506537865445
"TTTATGCAGTTCCACA-1",0
"TTTATGCCAAACGCGA-1",0
"TTTATGCCAATCTGCA-1",7.27352902858809
"TTTATGCCACAGGTTT-1",9.21896815786213
"TTTATGCCAGCCAATT-1",0
"TTTATGCCAGGTCGTC-1",0
"TTTATGCCATGGTCAT-1",8.30657113886515
"TTTATGCTCACATAGC-1",8.3270069352377
"TTTATGCTCACCTTAT-1",9.98951117479788
"TTTATGCTCGGCGGTT-1",0
"TTTATGCTCTCGCTTG-1",7.32313625038943
"TTTCCTCAGCGTGAAC-1",0
"TTTCCTCAGGACTGGT-1",0
"TTTCCTCCAAAGTGCG-1",12.8643224961039
"TTTCCTCCAGGAATGC-1",8.39037419908042
"TTTCCTCCATTAGCCA-1",7.41238557927564
"TTTCCTCGTCCGAAGA-1",0
"TTTCCTCGTCGCTTTC-1",9.70049194157847
"TTTCCTCTCGGCCGAT-1",8.11793412803969
"TTTCCTCTCGTGTAGT-1",8.59109781899506
"TTTGCGCAGCTAAACA-1",0
"TTTGCGCAGCTAGTCT-1",6.54601575986845
"TTTGCGCAGGCCGAAT-1",11.036437429758
"TTTGCGCAGTCAAGGC-1",7.1940350862169
"TTTGCGCCAAGTAGTA-1",6.54601575986845
"TTTGCGCCAGGTGCCT-1",7.27352902858809
"TTTGCGCGTCTAAACC-1",6.54601575986845
"TTTGCGCTCAAAGTAG-1",10.581568319266
"TTTGCGCTCATGTAGC-1",6.55380136683221
"TTTGGTTAGAATGTGT-1",0
"TTTGGTTAGACAATAC-1",0
"TTTGGTTAGCGATTCT-1",9.26732264960432
"TTTGGTTAGGCTCAGA-1",0
"TTTGGTTAGTTACCCA-1",0
"TTTGGTTCAAACTGCT-1",7.32049962608622
"TTTGGTTCAAGCTGTT-1",0
"TTTGGTTCAGATCGGA-1",0
"TTTGGTTCATCACAAC-1",8.91383021353995
"TTTGGTTGTACTTCTT-1",7.32049962608622
"TTTGGTTGTATGCTTG-1",0
"TTTGGTTGTGCTTCTC-1",0
"TTTGGTTTCATGCTCC-1",8.22983116062291
"TTTGGTTTCCCTGACT-1",8.30706597981144
"TTTGTCAAGAGTCGGT-1",8.98259180769565
"TTTGTCACAAGTTCTG-1",8.39864531952957
"TTTGTCACAAGTTGTC-1",0
"TTTGTCATCACCTTAT-1",7.48408898333641
"TTTGTCATCCATTCTA-1",0
"TTTGTCATCCTTAATC-1",0
"TTTGTCATCTTATCTG-1",0
